86340.1702197024
63358.15467554581
62245.40606572543
64574.21161244278
95966.95419601497
84565.7288022685
76426.05882759251
67496.0110964214
63017.66034712456
60593.95521120099
68562.73936882586
64461.38848230222
64294.754797515096
61363.63207095128
61728.617570062335
60783.875267382435
58615.28029769802
56818.854940743666
62864.054523042505
60737.52009526922
59005.0060089242
60641.86946241579
60549.79030708785
59229.827159407985
59198.75659380249
59176.725943028476
60737.45772297247
59840.17723867227
58561.76854796869
57365.74965364615
57094.34828784018
59044.45936638223
59467.826548935955
62422.58962404612
61175.90075700658
62398.075215653356
61237.32856111737
63038.97118358445
62172.52067543322
62161.15887645771
62350.90131358199
61473.57914435729
62505.84974682341
63154.620336823806
62248.545585250096
61412.20184431851
61328.70201866007
