99075.65540429011
58008.18534481601
100799.99999999999
74721.82573929305
100799.99999999999
80060.61240308273
100799.99999999999
100799.99999999999
86909.50714624715
100799.99999999999
36954.01104074705
100799.99999999999
81274.0228676468
85803.59658897527
39331.77387094561
100799.99999999999
100799.99999999999
100799.99999999999
100799.99999999999
100799.99999999999
78261.19465335958
33178.757960007824
85885.28495482854
100799.99999999999
82816.18715082118
100799.99999999999
100799.99999999999
82516.37001769271
92454.3485720464
100799.99999999999
73906.71078566788
44460.75428723072
96798.79434239805
31312.896508827187
78734.05437632829
88870.73344833106
83408.12687433508
66057.16798992157
68341.46244257822
76610.16627347318
79836.48300757304
29762.963704639646
73752.19828062737
82852.68619235564
79399.98245718144
75336.38638862067
75843.24461038671
