5017 391.6986680075077 7.185837147857563e-05 7165.159174327515 7.867913396016453e-06
5020 8059.530816526775 8.374541517436413e-06 733.3917446876437 6.428777064306816e-05
5043 616.7121339676496 0.00034129475123594115 8499.99999999963 8.911598562057419e-06
5045 5677.361631244831 5.6399569556591424e-06 4075.170199298624 2.1194699445146306e-05
5069 1446.732544977184 6.783142734600986e-15 7769.66339534806 1.1585296783520304e-05
5073 914.990504883087 4.883244686548839e-05 8131.6119639645985 8.395396541942193e-06
5076 7834.079066606148 7.993363845168585e-06 1298.1024225822457 3.4179770165411134e-05
5078 8220.0322414346 7.5568725392522016e-06 1285.0392760890013 5.760761521162335e-05
5080 7489.08607476374 8.304259091910682e-06 757.8810305382508 5.6204816624942695e-05
5085 8119.921739288403 8.963158752138348e-06 1141.1577121123946 7.655157305425072e-05
5093 7234.024277549919 7.646167823175722e-06 1620.7303308394803 3.6329874925846505e-05
5095 7689.718801869146 8.06442983551042e-06 1217.5348984704415 4.65349291257828e-05
5096 1063.4837417564906 5.6956442305251244e-05 7818.890396963475 8.59725915328763e-06
5097 2005.9257099323427 4.7302459286884575e-05 7998.954340943858 8.607164153108413e-06
5102 1533.508668438494 5.677361688558811e-05 8499.999944925688 8.973125741752861e-06
5106 8307.961085879013 9.012780499428722e-06 2339.69232856419 5.348370690771553e-05
5109 6468.626950039389 7.604810098966135e-06 2542.535646255985 3.707559824551863e-05
5111 2197.813090690232 4.4574002422774435e-05 8499.999998449746 9.092220801739877e-06
5112 2521.486735350311 8.139794030359868e-05 8499.999990300319 7.634677621145242e-06
5116 8499.694480469929 8.837716377683576e-06 2171.3004518502653 4.7972500714854664e-05
5163 8499.999999762627 1.1362700223908105e-05 1010.8150496689525 7.55189239052298e-05
5173 3107.8259560694864 6.990955758675555e-14 7027.843555818408 2.6498069082782093e-05
5181 2777.238948048829 1.952771368314754e-15 7260.367487482205 2.5501428584779705e-05
5199 6670.5862929563455 7.909272927728284e-06 3617.863423182553 4.030178659731411e-05
5205 294.18350222973396 0.00046458643224045986 7998.7820922364235 1.5362734909211316e-05
5253 7516.359298245724 2.682616315555796e-05 3228.0440668407 1.1564409205528816e-13
5257 2650.2239575090325 2.927665036071041e-15 8129.2846649780095 2.2741457166523687e-05
5258 2676.4649852997572 2.7432633707921617e-14 7565.361172562973 2.2494359722563794e-05
5261 4015.1722665469574 3.8020255867190105e-05 6991.961556282878 7.364957478969473e-06
5277 8499.99998005986 9.614332485519422e-06 2981.985942421661 4.910243648355857e-05
5282 2841.8445361206964 5.3806296927386805e-05 8499.999996466348 9.969009768534982e-06
5339 8499.999978799988 9.43621275401285e-06 4813.436273694284 5.360380747040319e-05
5340 8499.999999989668 1.0966705847300737e-05 4058.1271266002564 5.537787026601222e-05
5394 8499.99972255864 1.0742900594434324e-05 4120.833803666416 5.1041155433381065e-05
5406 8499.99998875425 8.72119239051683e-06 4806.564217827968 6.113809168866784e-05
5416 8441.01162133841 1.005443200585045e-05 4773.0440028555895 4.7349551611947454e-05
5427 4292.227701500325 6.19204504842115e-05 8499.999999972519 8.790857603347272e-06
5442 3884.403162487639 4.899118760344419e-05 8499.999965765062 1.069965990029761e-05
5443 8499.999999921098 2.9788944154873085e-05 3408.468391010372 1.422406914107559e-06
5451 3705.006629121442 5.0292276866416e-05 8499.999994223494 1.0532672015265875e-05
