6638 1875.6053174169706 5.41849867638133e-15 14857.571152756955 2.608016569569983e-05
6640 1.0000242940635022 0.0012544740919140953 15694.74097361669 2.736953261487268e-05
6648 16482.229032715473 3.0710733040428375e-05 2575.378595849452 6.924196854922924e-13
6654 18499.999997899806 2.3518684941019e-05 194.80276932929755 0.0019137242934576496
6659 10773.140152818809 2.914101612836728e-06 7990.131715787642 8.531358775622574e-05
6666 17913.262094895785 2.228976189818327e-05 617.7992363584317 0.0003307012894093858
6674 16940.561833536587 2.6131738633475636e-05 1989.4505071273923 1.6929445044317167e-15
6675 3953.393437856238 1.6678135255825262e-14 16452.98465109797 3.122234004624602e-05
6677 18499.999999491338 2.3460295152298163e-05 1059.9875440104777 3.16894308943164e-06
6681 3699.390651940993 0.0 14760.36819359904 3.0791435958381805e-05
6688 505.2026758610088 0.0005189871752281352 6635.667179589529 2.0233899087711997e-05
6694 4072.56627496061 2.589403278956577e-13 13394.125966788313 3.89332836529969e-05
6696 17947.282544892492 2.1234824313844854e-05 1116.0696185548286 0.0006121296820466395
6700 16438.774439249795 1.8936609291485696e-05 1492.2124289340568 0.00020002569850718219
6706 7564.240510636079 2.1619714965025346e-05 285.27536535471893 0.0008012056777997445
6711 14684.090405677754 3.209623512736904e-05 3130.49527595351 2.5042355314053458e-14
6712 15886.84997041161 3.0114287907173278e-05 2800.132221846682 3.9039344073391115e-13
6714 15455.528324277073 3.260965465523212e-05 3787.631846440646 4.436371863505804e-14
6729 13626.535241221149 3.7501232469893384e-05 5101.588135464186 3.227469495424839e-16
6738 4890.549346063366 7.685762946498387e-14 14059.946158803665 3.8179737579053716e-05
6741 824.5624743232297 0.0002581671281471982 17912.459816500857 2.1709101139495164e-05
6747 6879.03895775345 2.26106489152517e-05 795.0190166896414 0.0003325371795115735
6749 15781.598703011125 1.8413197742166132e-05 3262.0293385403947 7.726690478490604e-05
6751 16055.587222460965 3.0505798083414785e-05 2843.939401941275 3.8295634722748134e-14
6759 2905.5769759741042 0.0001061650221714499 15661.580627585223 1.8907274415224323e-05
6761 13560.516735785455 3.463603437015806e-05 4144.7931596800545 2.313075649215452e-14
6770 16115.871419830513 3.2115829971285045e-05 2933.8775211742636 2.0639157823048214e-12
6772 1987.811664667313 0.0001361998263774991 16208.505736626614 1.942991217339803e-05
6773 7813.762120891046 1.0265934076901942e-05 9352.176297364253 3.880502495574946e-05
6774 10881.871899559535 3.808750490368162e-05 7652.58447448882 8.611731815458936e-06
6778 18499.99999997907 2.328640087656624e-05 780.727058850955 0.00020380206658798415
6901 4911.015409452196 4.0648476434797594e-05 2469.070015624051 1.7144718791444402e-15
6931 12550.818250348846 1.3930335214208547e-05 5895.388532965738 6.68547113966309e-05
6939 180.176243086876 0.0022216292664362 7060.386699966683 2.5057538601004837e-05
6940 1643.6972505092638 0.00014579779534113385 17173.194020906456 2.1180744069576705e-05
6953 3844.807398149571 9.559572040295034e-05 15585.05236745902 1.774001725453162e-05
6961 2162.33347898283 8.950216963449857e-05 16685.905071899982 1.965673275578947e-05
7017 1205.555273157414 0.0002616321835963329 15515.450924975821 2.383917553179284e-05
7018 1168.2147123078705 0.0001716984750169081 15424.425218427345 2.2898698306149287e-05
7024 3141.8416818778046 8.756801103884414e-05 14932.453434122925 2.0018874243083495e-05
7031 15736.334972603405 1.9863543162522822e-05 2141.9301178441174 0.00011525443388800367
7036 7231.394157718956 2.7018133604549175e-05 18.36668368580015 0.003762792997590268
7039 15195.103311960946 2.104019895844777e-05 2433.235853056994 0.00010697158892554978
7042 2651.369342168188 9.91797016717884e-05 15116.103618594807 1.8700802343615155e-05
7056 839.1636152525931 9.884115932297976e-16 17675.957799036823 2.5226772672536117e-05
7061 17704.347171091147 2.2555220966283374e-05 1616.19859904355 0.00016747952905364941
7065 15819.180114907296 2.1000173732518723e-05 2720.3034515517643 6.418963689543654e-05
7069 16790.771081361556 2.3814086116855894e-05 516.9817887621253 0.00018099602480008392
7087 17219.730394380105 2.34774426312404e-05 806.3682941969064 7.767269780775309e-05
7090 15942.047689691844 2.051978528283694e-05 2287.628322487249 8.19022295099658e-05
7091 8030.645538113109 4.024910337530342e-05 10008.109518369232 1.5643016467621956e-05
7097 16341.309527214209 2.2476888512607997e-05 1534.2590811689365 0.00010789491427359364
7105 7408.871024845971 4.447080289466538e-05 10961.409873623337 1.6097052989829547e-05
7108 8329.029471031736 4.343471363891272e-05 10154.887673126623 1.39960249650103e-05
7110 14277.288121924914 3.311571316195801e-05 3695.539554526206 1.8027674908709503e-13
7118 1700.6134860531884 0.00016220942919712488 18098.681612515087 2.2964979452661597e-05
7120 3795.3665828629187 8.615521572633034e-05 16066.021041885962 1.8304100592308286e-05
7123 16879.306469246905 2.1205646159137424e-05 1948.214971821271 9.0792217173644e-05
7124 3695.324847009128 8.51194291789773e-05 15388.30134371924 1.9218799161034696e-05
7127 18041.324461681957 2.406138945814416e-05 369.64596857046416 0.0011423610317623444
7139 5786.409490400664 6.9743435791921055e-06 10782.05900847152 3.3466348308411506e-05
7145 17432.91998906556 2.322159572140429e-05 768.5709194698735 0.00011694041772910658
7217 7473.080401662208 4.589229832582195e-05 10616.707982219768 1.537971614965821e-05
7218 4607.931417487342 3.874036426588728e-13 13137.173949637852 3.946459071594248e-05
7256 3125.4174151963207 3.631581382069118e-15 15370.808163459318 3.387133732572942e-05
7259 2368.703895836833 9.51054875103088e-14 16500.48689764159 2.8257307067737984e-05
7270 17198.149312910115 2.3789738046538305e-05 352.2653183430619 0.00021723419840149452
7271 10863.370027431609 4.8453279970391886e-05 6236.101727076859 1.7175758249016074e-13
7309 1128.8743310908203 0.00019786393933127915 16219.626169154213 2.233584291834114e-05
7310 14670.417412019533 2.0108141138044328e-05 2381.5184878739346 9.262599761112164e-05
7314 1690.3402165730988 0.00014449528627813655 16430.952525849643 2.1718000162247305e-05
7315 12310.698300992412 3.2630886510574094e-05 3399.0137861854587 1.5592654669453246e-09
7320 1363.571893842507 0.0001408421968680417 16861.322064927717 2.175437010806506e-05
7321 16192.752781247145 2.114628724354223e-05 2466.8285222282097 0.00013942971487328204
7324 12051.836896471115 4.608132429931463e-05 5470.228150473812 2.859322501619749e-13
7328 4519.967023002468 3.1065688415409787e-13 14104.029631419731 3.756325406449349e-05
7333 2721.2063875323115 0.00010179663415122441 16219.245012927377 1.9521413003341038e-05
7334 14379.870025223818 2.0374913678670816e-05 590.6052822636055 0.00013260712817154022
