5837 2862.312328030015 3.992774507076806e-15 4648.054128298683 4.1012444158624125e-05
5840 7272.8256650271815 1.4080717466539495e-05 632.596011861314 0.0005242701535538065
5849 11732.115754819471 1.60299164022684e-05 628.1875328607258 0.0006054745345663098
5856 13501.860996947667 1.595208439134953e-05 1.0000027112409686 0.0009677370661837783
5872 12790.799671929954 1.4444304556799237e-05 909.1320339024597 0.00011493802820523759
5950 169.85909049962302 0.0013664935774772263 11450.292349073101 1.4967798871064585e-05
5979 14341.169776729055 1.711869944765962e-05 223.23328759300037 1.7118770515278708e-05
6024 657.0325348909116 1.718209448663828e-05 13650.036116220177 1.718697843635632e-05
6026 1.0000122104728173 0.000886284307942748 14064.343487996099 1.6397373524951775e-05
6031 486.6670933623853 0.0009647294561042273 15329.417910950855 1.79731084936244e-05
6046 1546.454883145215 1.757445307170409e-05 13072.042920450744 1.757445182162783e-05
6050 15501.383797403096 1.7691221990095774e-05 281.31822796686157 0.0009549821418339197
6052 146.40790523971467 0.0010246741536184324 15130.32736175236 1.7360014130328638e-05
6060 14249.72145061816 1.669544286386366e-05 442.70403758321794 0.0009755716849717797
6061 1.0000007205686479 0.0014809062394959879 16874.237126700566 1.8083701934925037e-05
6082 5501.525666860065 1.6111061039329074e-05 610.6396670339839 0.00018689460425948395
6084 365.48408232402477 0.0005174302269943974 6768.4976817243 1.67736997916169e-05
6089 7538.5127793247375 1.7198007650510176e-05 266.70838626506 0.0008161996915742649
6091 9364.102260516867 1.6150680223314632e-05 455.700234397865 0.0005636121502680664
6097 9440.856091140058 1.558403378288694e-05 374.6643882359469 0.0007650801623273535
6104 8348.77638965394 1.599883774992224e-05 289.9264721703077 0.0002745353039777904
6106 8935.22442822038 1.5016518605265172e-05 341.231647065467 0.0009106023616237475
6110 402.73189637909024 9.77108631293116e-05 8002.078785520506 1.6017123119808168e-05
6140 7356.159166892663 1.2370639164833416e-05 2395.6491269957833 6.091887509451792e-05
6142 1413.161648057808 5.1507290366773127e-05 7816.343731505714 1.4189833771957008e-05
6143 543.742523137155 0.000153422119147847 8477.59678498258 1.5021137966106092e-05
6152 6782.028564836431 1.712874559878717e-05 283.1974418349396 0.0007689165260106441
6156 6951.231320875178 1.744823485448226e-05 267.4606428641498 0.0008242048924005834
6158 264.8099070341961 0.0005018733359441208 6986.456630236645 1.691128045058697e-05
6160 7664.219772535331 1.6465767185462848e-05 425.73035820843495 0.0005999601212130726
6161 511.7864902499858 0.00018916934976987812 8487.478656747859 1.5324496938208093e-05
6165 7042.922647889408 1.835502406237573e-05 230.98669761654597 0.0008936908562791289
6168 6864.298358761179 1.5268287972662182e-05 337.7580175389631 0.0006507466739944072
6169 7852.240620962856 1.594356477973756e-05 251.76908387869125 0.0006912304981785408
6174 8567.166885833261 1.1970749474577118e-05 1371.4316911282492 5.580202397849086e-05
6175 9898.53906615684 1.3653150170301922e-05 515.5804008461821 0.00014991200744929984
6177 430.3723233045054 0.000162511991824978 10206.258597551021 1.37441981047097e-05
6186 9699.999835045175 1.3846438002857341e-05 556.9837039095313 0.00040124795629143696
6189 593.3044532386887 0.0005525117473603302 9720.403792581594 1.3751120584701801e-05
6191 928.9472177448408 9.113244794074875e-05 9494.150445119076 1.3634377986309033e-05
6193 1267.1159736924496 0.00015555032068864438 9098.560312540436 1.087909443119756e-05
6240 178.37999960986252 0.0011522330088203517 11276.452754426773 1.77476445649861e-05
6241 13180.47976231074 1.897354890819001e-05 386.9608805541305 0.0010771683398640678
6243 27.87494294250702 0.0010762640702024896 13454.27633532199 1.7742740640499543e-05
6245 13641.945869737143 1.8242990891573742e-05 257.69288850121023 0.0011359763634116837
6252 12753.548622204991 1.748127952151898e-05 416.382151239755 0.0010959144310011527
6253 13363.623460097488 2.396280273244266e-05 1558.9787423241376 2.6889451399993027e-14
6255 16021.932059810057 1.914922254657301e-05 1.0000041320465989 0.0008261839717153304
6259 11539.34876373732 1.6685231645421148e-05 1803.2739439220056 6.88143003310076e-05
