0 17586.0878906
45 17548.9179688
372 17003.6171875
403 16958.4746094
442 16925.0878906
614 16751.2617188
653 16713.6582031
937 16350.0009766
1799 15327.5966797
1859 15281.6025391
1962 15180.7607422
2007 15140.4355469
2067 15108.9248047
2127 15055.3652344
2248 14920.3359375
2308 14880.8955078
2368 14873.2460938
2428 14824.9404297
2488 14777.9013672
2548 14749.7304688
2609 14724.6943359
2669 14679.4169922
2726 14660.0908203
2782 14609.0810547
2842 14557.2568359
2903 14529.0048828
2963 14498.4589844
3023 14474.7421875
3083 14467.8359375
3203 14460.0507812
3324 14426.7333984
3384 14399.2880859
3484 14374.3212891
3516 14359.9726562
3568 14348.2666016
4164 15486.6259766
4440 15564.34375
4500 15525.8955078
4560 15488.4882812
4620 15452.7509766
4680 15418.5625
4861 15519.0361328
4921 15470.3359375
4956 15455.4648438
4967 15446.6142578
5002 15440.3935547
5063 15402.2226562
5099 15380.2900391
5135 15366.7792969
5195 15336.7568359
5255 15308.4306641
5375 15311.4765625
5435 15258.8369141
5495 15216.7705078
5555 15181.9472656
5615 15154.328125
5675 15127.8740234
5735 15107.2958984
5771 15098.515625
5806 15080.0888672
5926 14977.8339844
5986 14936.7177734
6046 14913.5976562
6107 14867.1152344
6153 14836.1367188
6199 14809.3398438
6253 14777.5078125
6308 14750.3496094
6368 14714.7177734
6488 14655.5537109
6548 14627.6660156
6602 14595.4287109
6642 14584.8359375
6690 14579.8964844
6751 14566.40625
6811 14533.9296875
6871 14492.8583984
6931 14483.2470703
6991 14449.0126953
7051 14426.7734375
7111 14395.3710938
7172 14374.9912109
7232 14345.0185547
7281 14321.4658203
7331 14292.7958984
7391 14245.6767578
7451 14220.3056641
7512 14197.2832031
7572 14138.7080078
7632 14087.2226562
7752 14070.9609375
7812 14045.3105469
7872 14019.8398438
7933 13990.9521484
7993 13953.0117188
8053 13924.5039062
8113 13902.4052734
8173 13873.9072266
8233 13860.8730469
8293 13832.1328125
8354 13810.3242188
8414 13775.5107422
8474 13734.7490234
8534 13716.1376953
8594 13661.1992188
8654 13645.3789062
8995 14046.4121094
9041 14022.6601562
9092 14003.4746094
9213 14007.7148438
9273 13984.5771484
9333 13957.4345703
9393 13938.4765625
9453 13909.3017578
9513 13882.9990234
9574 13862.7050781
9634 13843.25
9694 13821.8398438
9754 13790.9023438
9814 13767.5234375
9874 13747.2841797
9934 13721.5527344
9995 13699.6367188
10055 13681.1582031
10115 13658.6337891
10175 13631.109375
10235 13600.7695312
10279 13579.1464844
10308 13576.2695312
10354 13548.3115234
10414 13521.4101562
10474 13485.7470703
10534 13471.0742188
10594 13451.7304688
10655 13437.5253906
10715 13417.4267578
10775 13393.96875
10895 13379.0351562
10955 13373.7138672
11015 13356.2841797
11076 13324.0703125
11136 13295.8076172
11196 13274.5273438
11256 13251.1669922
11316 13232.9931641
11436 13155.8642578
11497 13135.4423828
11557 13100.5175781
11617 13077.5253906
11677 13052.1035156
11737 13030.7695312
11797 13006.6884766
11857 12986.0117188
11918 12961.4345703
11978 12934.4257812
12038 12896.6728516
12098 12869.2783203
12158 12857.5107422
12218 12848.3886719
12279 12828.8173828
12322 12817.8007812
12350 12807.6601562
12381 12799.9267578
12427 12782.3769531
12548 12771.6152344
12608 12743.3925781
12668 12711.6279297
12728 12692.9833984
12769 12680.8613281
12810 12661.3798828
12870 12631.9833984
12919 12608.8144531
12968 12606.0439453
13028 12588.5166016
13089 12565.4580078
13149 12540.8320312
13209 12519.015625
13269 12502.4931641
13329 12480.0722656
13389 12445.6357422
13449 12429.1630859
13509 12408.3398438
13570 12388.4521484
13630 12368.7880859
13690 12335.3525391
13750 12326.9433594
13810 12306.3417969
13871 12283.1923828
13931 12258.0761719
13991 12216.0537109
14051 12196.4316406
14171 12174.2783203
14231 12160.9160156
14291 12136.7695312
14352 12135.640625
14412 12115.9960938
14472 12101.0839844
14532 12077.7099609
14592 12049.90625
14652 12018.734375
14712 11989.6748047
14773 11956.2832031
14833 11932.0927734
14893 11905.7070312
14953 11885.3945312
15014 11860.8007812
15074 11838.0517578
15134 11815.9814453
15194 11798.7802734
15248 11768.7519531
15303 11751.8398438
15363 11737.8759766
15423 11719.2480469
15483 11703.5712891
15544 11695.2431641
15604 11670.4667969
15664 11648.4101562
15724 11633.6904297
15779 11607.2402344
15827 11593.2109375
15879 11592.0361328
15940 11565.8359375
16060 11555.5478516
16120 11541.4335938
16180 11523.1679688
16240 11517.4404297
16297 11508.4501953
16350 11484.6513672
16407 11453.0732422
16468 11415.8300781
16528 11407.5175781
16588 11401.2314453
16648 11386.90625
16708 11378.8095703
16768 11362.8808594
16829 11341.6308594
16889 11322.4423828
16949 11308.3779297
17009 11285.8730469
17069 11276.1494141
17129 11267.8222656
17249 11266.0732422
17310 11261.3837891
17370 11237.2265625
17430 11220.1894531
17490 11197.5585938
17550 11164.90625
17610 11134.3183594
17670 11125.1416016
17730 11122.5966797
17911 11133.0068359
17971 11130.4667969
18031 11122.5273438
18091 11117.7724609
18151 11105.4257812
18212 11094.7460938
18272 11075.5898438
18332 11068.2890625
18392 11052.4140625
18452 11027.7617188
18512 11013.1474609
18572 10990.2744141
18693 11000.5742188
18753 10984.9082031
18813 10969.4824219
18873 10950.0712891
18933 10939.4863281
18994 10921.8007812
19054 10907.8779297
19114 10880.0654297
19174 10876.6806641
19234 10863.0419922
19294 10842.2236328
19354 10834.7617188
19415 10826.421875
19475 10821.2382812
19535 10802.9765625
19595 10788.7109375
19655 10768.7207031
19750 10691.9179688
19768 10689.6416016
19811 10673.2705078
19871 10647.5244141
19931 10624.8173828
19991 10607.6289062
20051 10593.0693359
20210 10587.3183594
20249 10574.4755859
20309 10557.2753906
20369 10540.4501953
20429 10525.0048828
20489 10505.5341797
20549 10484.4892578
20610 10483.3193359
20670 10469.6757812
20730 10453.9404297
20790 10434.3613281
20850 10408.6611328
20910 10387.7802734
20970 10374.3583984
21031 10351.2587891
21091 10340.8554688
21151 10322.9335938
21211 10299.9033203
21271 10283.6464844
21331 10270.1816406
21391 10253.8427734
21512 10238.7138672
21572 10237.3867188
21632 10222.2285156
21692 10198.7412109
21752 10166.7519531
22040 10254.8691406
22100 10235.7441406
22160 10221.6279297
22220 10204.3544922
22280 10189.484375
22340 10170.3632812
22400 10162.2255859
22461 10143.1542969
22581 10140.3369141
22641 10136.2109375
22701 10118.2626953
22762 10095.5722656
22822 10082.7724609
22882 10075.3935547
22942 10053.7646484
23002 10036.9863281
23062 10024.0361328
23122 10006.3046875
23183 9994.35253906
23243 9969.39355469
23303 9962.45410156
23363 9949.79003906
23423 9930.55566406
23483 9918.25878906
23544 9904.41113281
23664 9912.47265625
23724 9890.54101562
23784 9881.78515625
23844 9867.6171875
23904 9853.35546875
23965 9836.78320312
24025 9823.03515625
24085 9809.42871094
24145 9795.27734375
24205 9780.58007812
24265 9765.80664062
24325 9753.9296875
24386 9742.81445312
24446 9727.11035156
24506 9711.40234375
24566 9698.87207031
24615 9685.01660156
24652 9680.03613281
24702 9670.48535156
24822 9676.84960938
24883 9656.75292969
24943 9646.6796875
25003 9634.33007812
25063 9621.33789062
25123 9604.02929688
25183 9587.66113281
25243 9574.82128906
25303 9562.03808594
25364 9548.10058594
25424 9531.63964844
25484 9515.79492188
25544 9504.171875
25604 9488.62304688
25664 9473.08007812
25724 9458.20898438
25785 9448.07519531
25845 9430.56152344
25965 9432.91796875
26025 9419.19335938
26085 9395.86523438
26145 9387.06152344
26205 9372.59179688
26266 9360.70214844
26326 9344.02636719
26386 9326.11132812
26446 9315.37988281
26506 9298.60644531
26566 9286.90820312
26626 9273.68945312
26686 9257.32421875
26747 9245.74902344
26807 9229.53417969
26867 9216.16308594
26927 9204.38671875
26987 9189.62109375
27047 9177.578125
27168 9173.15820312
27228 9162.69238281
27288 9150.17285156
27340 9138.43066406
27392 9128.00097656
27452 9113.68359375
27512 9098.06933594
27572 9085.99609375
27633 9073.94726562
27693 9058.46484375
27753 9027.85253906
27813 9021.10839844
27873 9006.62597656
27933 8994.27734375
27993 8979.22265625
28054 8965.34667969
28114 8953.44628906
28174 8936.99902344
28234 8924.84277344
28354 8927.61230469
28414 8913.50097656
28475 8899.54296875
28535 8885.13574219
28595 8876.40234375
28655 8862.2734375
28715 8852.90527344
28764 8842.18554688
28798 8830.40136719
29025 8792.46484375
29085 8791.64648438
29145 8777.83691406
29180 8771.85644531
29191 8767.8671875
29201 8764.80273438
29211 8760.48144531
29246 8756.61523438
29301 8748.96679688
29340 8738.99511719
29385 8728.26367188
29446 8716.94628906
29603 8711.31445312
29640 8705.015625
29701 8690.17871094
29761 8672.87695312
29821 8660.453125
29881 8651.765625
29941 8636.08203125
30001 8626.49414062
30062 8615.46386719
30122 8597.90429688
30182 8584.34960938
30242 8568.65234375
30302 8559.10351562
30362 8548.22363281
30423 8535.50097656
30483 8525.84570312
30543 8511.93847656
30603 8502.53222656
30663 8490.02929688
30784 8487.52539062
30844 8473.80371094
30904 8466.796875
30964 8454.6640625
31024 8439.62988281
31084 8427.47265625
31144 8410.82910156
31198 8400.93945312
31252 8390.24316406
31312 8379.52246094
31372 8370.58789062
31433 8357.35058594
31493 8340.91308594
31553 8329.78417969
31613 8320.34863281
31673 8305.39160156
31733 8291.50292969
31793 8278.0234375
31854 8264.39257812
31914 8251.76269531
32034 8251.45898438
32094 8240.703125
32154 8235.05957031
32214 8217.74121094
32274 8211.453125
32335 8197.96679688
32395 8176.75927734
32455 8172.33349609
32515 8160.20507812
32575 8149.37597656
32635 8141.97509766
32695 8125.10400391
32756 8112.8671875
32816 8099.89208984
32876 8089.15429688
32936 8079.05224609
32996 8068.22412109
33056 8055.86035156
33417 7982.31787109
33477 7967.89404297
33537 7959.88867188
33597 7948.86767578
33658 7938.30273438
33718 7927.42822266
33778 7913.45507812
33838 7903.69580078
33898 7893.60449219
33958 7884.234375
34018 7871.08154297
34079 7863.50732422
34139 7852.19677734
34199 7843.01367188
34259 7826.99804688
34302 7823.52050781
34326 7817.96728516
34342 7809.33544922
34378 7804.33154297
34438 7790.98876953
34498 7782.93066406
34558 7772.18261719
34619 7760.36328125
34679 7750.72705078
34739 7740.71240234
34799 7730.25488281
34859 7715.89306641
34919 7708.22314453
34979 7694.90771484
35039 7686.69580078
35100 7673.31787109
35160 7663.72900391
35220 7650.42431641
35280 7638.92285156
35340 7625.63720703
35400 7618.31933594
35461 7608.58447266
35521 7594.68994141
35581 7582.67919922
35641 7571.94433594
35701 7558.84716797
35761 7550.06787109
35821 7540.01416016
35881 7533.70361328
35942 7509.84570312
36002 7500.96435547
36062 7494.92285156
36122 7482.27148438
36182 7471.47265625
36242 7464.18164062
36302 7452.12402344
36363 7442.28125
36423 7433.82080078
36483 7422.72265625
36543 7414.98095703
36603 7404.20703125
36663 7394.08740234
36723 7384.52294922
36784 7375.27929688
36844 7361.86425781
36904 7348.05126953
36964 7338.02050781
37024 7328.93408203
37084 7318.27197266
37144 7307.72851562
37205 7298.19824219
37265 7287.265625
37311 7278.37402344
37358 7271.05566406
37418 7259.85546875
37478 7251.60107422
37538 7236.00634766
37598 7227.35644531
37659 7223.50488281
37719 7213.73193359
37779 7201.10791016
37839 7195.16162109
37899 7185.98535156
37959 7176.45410156
38019 7164.88916016
38079 7152.62792969
38140 7142.2890625
38200 7135.35107422
38260 7126.09033203
38320 7111.85839844
38380 7101.86376953
38440 7096.23339844
38500 7085.46435547
38560 7077.81201172
38621 7064.93164062
38681 7053.56835938
38741 7044.20654297
38801 7035.20849609
38861 7025.80273438
38921 7018.18457031
38981 7007.05419922
39017 7000.81884766
39051 6998.07519531
39110 6988.43115234
39170 6981.28173828
39230 6968.73876953
39290 6960.8359375
39351 6950.28466797
39411 6942.95703125
39471 6933.88720703
39531 6924.80566406
39591 6915.90332031
39652 6903.77880859
39712 6895.37646484
39772 6885.82470703
39832 6873.24609375
39892 6864.45166016
39952 6858.46679688
40012 6851.00341797
40072 6843.23193359
40133 6837.04003906
40193 6827.18066406
40253 6817.44970703
40313 6808.19287109
40373 6798.36328125
40433 6785.13134766
40494 6776.62890625
40554 6770.08935547
40614 6762.96777344
40674 6752.08447266
40734 6743.66943359
40794 6736.01464844
40854 6726.82568359
41095 7175.78369141
41155 7162.79931641
41215 7154.33740234
41276 7144.89355469
41336 7133.98583984
41377 7128.65917969
41419 7116.1015625
41479 7108.24072266
41514 7103.70507812
41549 7094.57470703
41593 7080.08935547
41636 7076.93164062
41696 7069.36962891
41756 7060.42089844
41817 7048.53125
41877 7031.00439453
41937 7021.99169922
41997 7012.68066406
42057 7000.97216797
42117 6990.44384766
42178 6979.17431641
42238 6955.66503906
42298 6951.64648438
42539 7302.50244141
42588 7284.1328125
42637 7230.95654297
42698 7223.04589844
42758 7203.28466797
42818 7187.84814453
42878 7167.72509766
42938 7151.52392578
42998 7137.61962891
43058 7125.68652344
43118 7102.70996094
43179 7091.609375
43239 7076.63183594
43299 7063.11132812
43359 7050.13623047
43412 7035.95996094
43466 7026.69726562
43526 7020.55761719
43586 7001.77978516
43646 6976.39013672
43706 6968.82128906
43767 6951.53808594
43827 6945.07128906
43877 6935.57861328
43927 6926.74072266
43988 6918.52539062
44048 6892.45361328
44108 6886.07763672
44168 6873.07128906
44228 6862.59667969
44288 6846.4375
44348 6840.88964844
44409 6826.11962891
44469 6806.54931641
44529 6792.29101562
44589 6783.88964844
44649 6777.87939453
44709 6766.32177734
44770 6755.24023438
44830 6744.34912109
44890 6732.16113281
44950 6719.93896484
45010 6706.00927734
45070 6689.82177734
45131 6685.89697266
45191 6671.54589844
45251 6661.44726562
45311 6648.42138672
45371 6638.56640625
45431 6628.05615234
45491 6619.31494141
45551 6598.95947266
45612 6591.16796875
45672 6582.11132812
45732 6570.88427734
45792 6564.65625
45852 6549.15966797
45912 6537.48876953
45972 6520.16650391
46032 6503.75341797
46093 6498.29785156
46153 6488.20166016
46273 6472.27539062
46343 6490.96923828
46823 6414.18896484
46883 6407.5546875
46943 6395.97607422
47004 6385.2734375
47064 6376.78759766
47124 6369.68115234
47184 6354.15722656
47244 6330.41699219
47305 6316.00146484
47365 6311.81494141
47425 6295.84863281
47485 6286.21337891
47545 6275.95947266
47605 6267.98535156
47665 6261.61230469
47726 6253.8125
47786 6244.78027344
47846 6231.83251953
47906 6224.94970703
47966 6215.31787109
48017 6208.59765625
48068 6198.19921875
48128 6189.87353516
48188 6182.71533203
48248 6170.75927734
48309 6161.01464844
48369 6151.61523438
48429 6140.61865234
48489 6134.09082031
48549 6125.09863281
48610 6115.65527344
48670 6105.18066406
48730 6095.23925781
48790 6080.75976562
48850 6070.85107422
48910 6062.29492188
48971 6050.74365234
49031 6041.14794922
49067 6033.33105469
49104 6032.45263672
49164 6021.34960938
49224 6012.671875
49285 6002.99072266
49345 5996.59912109
49405 5987.11083984
49465 5946.83496094
49525 5939.05957031
49585 5923.96289062
49645 5913.84912109
49706 5902.07519531
49766 5886.36230469
49826 5876.34033203
49886 5864.265625
49946 5854.30957031
50006 5840.91064453
50067 5834.66162109
50127 5824.99853516
50187 5819.33544922
50247 5809.94726562
50307 5796.53662109
50367 5790.04638672
50427 5776.74951172
50488 5766.61767578
50548 5759.39599609
50608 5746.24853516
50668 5736.92041016
50728 5727.66113281
50788 5717.40966797
50848 5712.31201172
50908 5700.125
50969 5698.31298828
51029 5685.1953125
51089 5679.24951172
51149 5667.03759766
51209 5661.61328125
51244 5658.78222656
51280 5647.63183594
51340 5637.41748047
51400 5623.60205078
51444 5622.69628906
