0 15448.796875
133 15405.7753906
173 15383.6865234
354 15272.9609375
389 15256.4833984
424 15244.7314453
519 15194.3740234
544 15178.8974609
594 15157.3544922
690 15100.8017578
706 15099.9462891
747 15074.2753906
1711 14822.6572266
1771 14809.9580078
1951 14742.8046875
2192 14604.4111328
2303 14471.9941406
2344 14446.2412109
2514 14346.6298828
3056 14716.984375
3296 14570.1132812
3356 14565.0449219
3537 14479.2626953
3728 14345.7753906
3826 14287.6103516
3865 14260.84375
3947 14216.5556641
4288 14019.4707031
4328 13993.3886719
4508 13959.4345703
4568 13949.9833984
4689 13897.6611328
4749 13871.8515625
4809 13848.7714844
4869 13831.5009766
4929 13812.4326172
4989 13787.8193359
5277 13638.0742188
5398 13575.4453125
5512 13521.4384766
5566 13499.3896484
5626 13474.3320312
5740 13424.0761719
5793 13405.0439453
5853 13403.9140625
6094 13261.4980469
6154 13241.6025391
6274 13184.5410156
6394 13131.0507812
6635 13009.7734375
6876 12883.6259766
6936 12881.3935547
6996 12861.0107422
7142 12808.3349609
7262 12744.0292969
7322 12717.9501953
7382 12691.3955078
7442 12681.6201172
7538 12631.7431641
7573 12620.6123047
7643 12584.9716797
7824 12487.4482422
7884 12476.2607422
7944 12453.9697266
8125 12408.5429688
8245 12369.0722656
8305 12345.0253906
8365 12326.8046875
8425 12315.7529297
8485 12305.9589844
8546 12292.1113281
8606 12275.8154297
8666 12260.4931641
8726 12233.734375
8786 12210.8076172
8846 12191.4169922
8906 12176.1894531
8967 12158.0029297
9087 12107.7675781
9147 12090.3066406
9207 12066.421875
9557 12227.7919922
9664 12180.9433594
9697 12175.3710938
9732 12161.3964844
9793 12137.6210938
9853 12118.7324219
9913 12096.8652344
9973 12071.4765625
10093 12022.8115234
10153 12005.5556641
10214 11982.0654297
10274 11957.1552734
10334 11937.9570312
10377 11920.9492188
10421 11907.0263672
10481 11885.7089844
10541 11865.8310547
10601 11840.4072266
10662 11817.5380859
10722 11800.4667969
10782 11779.8066406
10830 11762.296875
10875 11745.3789062
10934 11726.5078125
10994 11704.328125
11114 11649.6669922
11174 11635.5722656
11235 11616.2011719
11295 11596.46875
11355 11569.7451172
11390 11555.1103516
11426 11546.2949219
11486 11519.7822266
11546 11499.7939453
11606 11478.6904297
11667 11459.9931641
11727 11432.4980469
11785 11411.1679688
11843 11394.8623047
12384 11308.1435547
12445 11292.3457031
12505 11280.8935547
12565 11259.6542969
12685 11210.9033203
12745 11185.7685547
12806 11163.09375
12866 11142.2998047
12926 11116.0654297
12986 11098.1435547
13046 11076.3027344
13106 11055.5341797
13227 11040.4238281
13287 11025.0478516
13347 11002.3925781
13407 10982.4355469
13468 10961.7998047
13528 10942.4560547
13588 10925.6074219
13648 10899.5927734
13708 10887.9238281
13768 10865.0
13828 10841.6542969
13889 10818.7548828
13949 10796.9726562
14009 10794.2509766
14129 10738.7285156
14189 10737.4628906
14249 10730.0703125
14309 10710.5117188
14370 10695.1767578
14430 10677.0566406
14465 10661.6884766
14500 10648.2539062
14561 10629.8359375
14621 10612.0927734
14681 10588.3242188
14741 10575.7597656
14801 10555.7832031
14861 10539.5585938
14922 10515.6914062
14982 10502.5361328
15042 10484.2460938
15102 10466.5419922
15162 10456.0478516
15222 10449.1806641
15282 10430.6533203
15342 10413.1347656
15403 10398.1621094
15523 10347.6884766
15583 10336.4755859
15643 10312.7373047
15703 10291.6181641
15763 10274.0605469
15823 10258.7597656
15865 10251.7060547
15907 10232.1601562
15967 10205.5410156
16027 10181.0703125
16148 10186.5878906
16208 10172.8115234
16248 10169.1826172
16288 10142.8994141
16348 10135.4638672
16409 10122.7705078
16529 10076.0683594
16589 10059.7626953
16649 10034.3837891
16709 10021.2675781
16769 10001.9042969
16829 9998.87109375
16890 9972.28515625
16950 9951.19335938
17010 9928.49609375
17070 9917.87304688
17130 9917.38671875
17190 9912.78320312
17250 9895.31640625
17310 9868.82128906
17366 9852.12695312
17422 9829.69726562
17482 9806.18261719
17542 9785.8359375
17602 9776.09082031
17663 9763.49023438
17723 9749.85742188
17783 9735.54785156
17843 9713.53710938
17878 9699.984375
17914 9692.11816406
18034 9682.97363281
18094 9670.68359375
18130 9660.41894531
18160 9654.61132812
18275 9611.64746094
18336 9600.88183594
18456 9557.72460938
18516 9544.87792969
18576 9527.96777344
18636 9512.17382812
18697 9497.09570312
18757 9479.31640625
18817 9461.78710938
18877 9441.53417969
18937 9415.30273438
18998 9413.02734375
19058 9410.39746094
19117 9399.37207031
19176 9381.13476562
19236 9369.91699219
19296 9352.77929688
19356 9339.54980469
19391 9330.640625
19426 9317.02929688
19486 9300.50585938
19547 9287.67285156
19607 9269.68652344
19667 9251.95800781
19727 9229.7109375
19787 9213.40625
19847 9196.08398438
19907 9178.16699219
19967 9161.76269531
20028 9151.57324219
20088 9134.75585938
20148 9119.40136719
20186 9111.12207031
20225 9084.8203125
20345 9021.19433594
20526 8942.2890625
20586 8926.50488281
20646 8904.97851562
20706 8902.70410156
20766 8881.00976562
20826 8864.07910156
20887 8840.72558594
20947 8831.97265625
21007 8813.71289062
21067 8793.9609375
21127 8776.20605469
21187 8764.7109375
21247 8739.35351562
21308 8726.921875
21368 8711.63671875
21428 8701.79296875
21488 8678.51660156
21548 8657.234375
21609 8644.07324219
21669 8623.89453125
21729 8603.6953125
21789 8590.97070312
21909 8568.93652344
22030 8534.48046875
22090 8521.95703125
22150 8497.07324219
22210 8474.75976562
22265 8472.51953125
22314 8457.27734375
22368 8452.9609375
22428 8439.35351562
22488 8423.97265625
22549 8412.52246094
22609 8397.05273438
22669 8378.58691406
22729 8365.72851562
22789 8350.50683594
22849 8329.20117188
22909 8318.296875
22969 8306.11328125
23030 8293.81054688
23090 8276.69726562
23150 8261.43457031
23210 8243.37890625
23270 8235.1875
23330 8212.62109375
23391 8202.08398438
23451 8181.97949219
23511 8174.48291016
23571 8164.63964844
23631 8148.98730469
23691 8132.15527344
23752 8121.19580078
23812 8108.99853516
23872 8092.89501953
23932 8075.15283203
23992 8059.36376953
24053 8053.02490234
24113 8043.52978516
24173 8027.63330078
24233 8013.51123047
24293 8000.33251953
24353 7985.58886719
24413 7972.73242188
24474 7955.58691406
24534 7937.40917969
24834 7968.24707031
24895 7950.62304688
24955 7938.06494141
25015 7922.43115234
25076 7911.30615234
25136 7894.46826172
25196 7879.99804688
25256 7865.7890625
25316 7850.71289062
25376 7839.76318359
25436 7828.3125
25496 7814.72070312
25557 7800.67822266
25617 7788.01318359
25677 7760.97900391
25726 7758.91503906
25775 7750.16259766
25811 7741.85253906
25846 7735.73095703
25906 7725.34960938
25966 7709.046875
26027 7688.09619141
26087 7674.86816406
26147 7658.36914062
26207 7646.18896484
26267 7630.97265625
26327 7616.43603516
26387 7603.86523438
26447 7587.33837891
26508 7582.87988281
26568 7571.60693359
26628 7559.48974609
26688 7547.63964844
26748 7532.64404297
26808 7521.37646484
26869 7507.66894531
26929 7495.02636719
26989 7478.96533203
27049 7466.57861328
27109 7454.42871094
27169 7441.54150391
27229 7425.93310547
27289 7410.47607422
27350 7400.31347656
27410 7382.81396484
27470 7371.89453125
27530 7355.98193359
27590 7341.08447266
27650 7330.99462891
27710 7313.24609375
27770 7302.70166016
27831 7288.26904297
27891 7271.60302734
28011 7214.79785156
28131 7204.33886719
28191 7188.84667969
28252 7168.74951172
28312 7157.35791016
28372 7146.73730469
28432 7137.66064453
28492 7124.25634766
28552 7115.29980469
28612 7093.86474609
28673 7080.76513672
28733 7068.70214844
28793 7053.05761719
28853 7045.17138672
28913 7028.93310547
28973 7017.21972656
29034 7001.6640625
29094 6992.25
29154 6979.07617188
29214 6964.99560547
29274 6951.93652344
29334 6940.74121094
29394 6923.58886719
29454 6911.48583984
29514 6904.23828125
29575 6895.32763672
29635 6882.98144531
29695 6873.82763672
29755 6866.73144531
29815 6844.90039062
29851 6841.82861328
29886 6835.31005859
29946 6818.29101562
30006 6802.86865234
30067 6785.53710938
30127 6767.96728516
30187 6761.40527344
30247 6754.91650391
30307 6747.140625
30488 6712.31542969
30548 6697.16503906
30608 6686.68505859
30668 6677.75585938
30728 6661.84667969
30788 6646.88818359
30849 6636.47558594
30909 6627.26171875
30969 6616.70214844
31029 6600.68066406
31089 6589.38232422
31149 6579.97412109
31209 6564.95214844
31251 6553.77490234
31354 6541.81591797
31414 6524.45947266
31845 6501.91259766
31900 6480.37988281
32016 6479.54931641
32136 6474.02734375
32257 6413.99511719
32317 6393.39257812
32437 6385.21240234
32497 6383.42041016
32548 6381.85595703
32599 6378.64599609
32659 6367.65625
