0 19220.6464844
358 19163.8886719
464 19097.6015625
2936 18126.1582031
2996 18104.4804688
3650 17593.8789062
4011 17401.4921875
4131 17351.0214844
4226 17281.6191406
4262 17267.2207031
4593 17023.1425781
4950 16801.234375
5010 16785.9042969
5551 16443.640625
5625 16432.9570312
5650 16426.1035156
5748 16382.1328125
5868 16334.9111328
5928 16313.2236328
6272 16120.5615234
6435 16020.6875
6735 15873.4980469
6856 15858.5976562
6976 15805.7089844
7036 15792.2451172
7397 15625.1152344
7518 15571.8623047
7578 15549.4160156
7717 15468.1523438
7958 15160.8623047
8439 14923.4560547
8619 14898.3134766
8833 14766.5859375
8869 14764.0234375
8906 14743.4492188
9206 14631.5166016
9437 14522.0517578
9558 14486.5244141
9858 14315.7431641
9919 14290.8417969
10099 14247.9648438
10279 14101.7431641
10340 14084.4287109
10737 13981.0908203
11038 13849.2519531
11098 13831.9316406
11158 13811.6308594
11279 13749.5791016
11399 13753.7548828
11459 13728.84375
11579 13656.9277344
11639 13643.9140625
11700 13623.8720703
11839 13589.6884766
11960 13540.0498047
12020 13519.1826172
12080 13496.7324219
12140 13487.5087891
12200 13472.8095703
12381 13420.1787109
12441 13398.8574219
12681 13309.1044922
12802 13324.7871094
12862 13317.2939453
13102 13202.8203125
13283 13138.5976562
13463 13118.8662109
13583 13096.109375
13764 13041.8564453
13824 13037.6201172
13884 13022.6816406
13944 12999.3242188
14425 12909.6845703
14666 12863.8359375
14858 12762.3867188
14918 12749.0205078
15426 13151.8671875
15606 13113.2607422
15667 13101.8876953
15721 13086.6191406
15776 13068.2324219
15896 13034.3476562
15992 12986.1523438
16028 12964.6484375
16088 12944.4013672
16209 12901.1904297
16269 12883.1679688
16329 12860.2041016
16389 12845.9003906
16449 12821.8574219
16630 12802.9404297
16690 12780.7880859
16810 12736.0908203
16870 12723.4179688
16991 12664.2148438
17171 12579.8496094
17217 12563.0136719
17262 12555.171875
17323 12531.0087891
17503 12450.0449219
17563 12441.9423828
17600 12422.84375
17696 12416.2060547
17757 12411.6191406
17817 12391.4814453
17937 12337.1953125
17997 12319.0126953
18057 12310.5166016
18238 12238.1962891
18298 12214.4892578
18358 12190.0234375
18418 12167.9726562
18478 12147.7363281
18538 12138.7041016
18598 12116.7314453
18719 12102.6904297
18779 12082.5507812
18839 12065.4882812
18899 12046.4746094
19020 12004.3046875
19080 11991.2236328
19140 11970.8876953
19260 11918.7841797
19320 11912.3515625
19380 11888.7412109
19441 11867.2753906
19501 11851.9462891
19862 11772.3193359
19982 11752.4833984
20042 11747.1123047
20102 11730.2675781
20162 11707.5927734
20283 11679.9863281
20403 11626.2880859
20464 11611.9960938
20524 11588.5810547
20584 11570.8076172
20644 11547.0498047
20704 11535.1552734
20764 11523.171875
20824 11500.0253906
20945 11490.2353516
21005 11476.9912109
21065 11458.5830078
21125 11438.5615234
21185 11423.2324219
21245 11402.5888672
21306 11383.2177734
21366 11359.6113281
21426 11344.2509766
21486 11329.0566406
21546 11305.0742188
21607 11294.9462891
21667 11273.3466797
21727 11255.3574219
21787 11230.5683594
21847 11216.7255859
21907 11195.9941406
22027 11180.1337891
22088 11173.9833984
22148 11156.2197266
22208 11136.7587891
22268 11119.4208984
22328 11100.1484375
22388 11081.0419922
22448 11068.1591797
22509 11047.0800781
22569 11024.4677734
22629 11008.4130859
22689 10986.8193359
22749 10966.2001953
22809 10950.6503906
22869 10930.8652344
22930 10918.1621094
22990 10902.9111328
23028 10892.7314453
23067 10877.9326172
23127 10861.3525391
23247 10846.4755859
23307 10842.5253906
23367 10820.2763672
23428 10803.4902344
23488 10780.9091797
23548 10765.4882812
23602 10753.421875
23654 10729.90625
23713 10716.8388672
23774 10701.7685547
23894 10658.2548828
23954 10648.2978516
24015 10629.8222656
24075 10612.8808594
24135 10593.0166016
24195 10579.7832031
24255 10562.8398438
24315 10549.8876953
24436 10549.7636719
24496 10530.3994141
24556 10509.6933594
24616 10486.6367188
24676 10477.0429688
24736 10456.2285156
24797 10435.8955078
24917 10384.9921875
24977 10365.5234375
25037 10356.0537109
25097 10334.3369141
25157 10319.3310547
25218 10300.6669922
25278 10282.9960938
25338 10263.0283203
25398 10249.1962891
25458 10228.1171875
25603 10224.5410156
25659 10201.3535156
25719 10192.9267578
25780 10174.2832031
25900 10129.9707031
25948 10124.4697266
25995 10105.8164062
26055 10095.8251953
26116 10078.8808594
26176 10058.65625
26236 10036.2060547
26296 10022.4482422
26356 10010.5341797
26416 9997.27441406
26476 9981.81640625
26536 9966.38183594
26597 9948.96484375
26657 9938.81347656
26717 9914.16308594
26777 9895.26953125
26837 9880.765625
26897 9869.00683594
26957 9854.3984375
27018 9834.93945312
27078 9817.15429688
27138 9802.29589844
27198 9787.57910156
27285 9769.89746094
27345 9750.51171875
27405 9734.30078125
27465 9718.33007812
27525 9698.10742188
27586 9679.95507812
27646 9659.38378906
27706 9654.57421875
27766 9639.99316406
27826 9625.00488281
27886 9610.02148438
27946 9588.20703125
28007 9584.29394531
28127 9541.03417969
28187 9528.31738281
28247 9510.83398438
28307 9497.62695312
28367 9475.77929688
28427 9460.52441406
28488 9457.12011719
28548 9444.24316406
28608 9435.53808594
28668 9421.66113281
28728 9411.80761719
28788 9390.25683594
28848 9378.546875
28909 9361.79980469
28969 9345.71191406
29029 9325.95019531
29089 9305.14941406
29149 9294.94824219
29209 9272.12988281
29269 9252.16601562
29329 9242.24023438
29390 9237.796875
29450 9223.45996094
29510 9208.28320312
29570 9199.80761719
29630 9180.82910156
29690 9168.359375
29751 9154.08789062
29811 9135.81152344
29871 9123.18457031
29931 9110.66503906
29991 9093.51757812
30051 9079.91503906
30111 9065.75878906
30171 9051.87792969
30292 9010.265625
30352 9007.29980469
30412 8994.75585938
30472 8981.44238281
30532 8969.61132812
30593 8960.83496094
30653 8942.27148438
30713 8927.30078125
30773 8912.32519531
30833 8896.35546875
30893 8880.25
30953 8863.98925781
31014 8854.39257812
31074 8838.43554688
31134 8821.03222656
31194 8809.47167969
31254 8792.61035156
31314 8775.15429688
31374 8768.42773438
31409 8750.77832031
31445 8747.34667969
31505 8738.53125
31565 8723.71777344
31626 8714.578125
31686 8700.52929688
31746 8680.5
31806 8665.18847656
31866 8654.20800781
31926 8641.02636719
31986 8622.00097656
32046 8597.78808594
32107 8585.31933594
32167 8571.3828125
32227 8570.36132812
32287 8554.7265625
32347 8539.79882812
32407 8522.04589844
32467 8512.27929688
32527 8495.68652344
32588 8481.80566406
32648 8470.18359375
32708 8456.66308594
32768 8441.2890625
32828 8427.52148438
32888 8411.75488281
32948 8395.35449219
33008 8393.49023438
33129 8333.484375
33189 8322.37207031
33249 8307.265625
33309 8288.52539062
33369 8269.85253906
33429 8252.71582031
33549 8239.28710938
33610 8220.31738281
33670 8206.8203125
33707 8185.82910156
33745 8175.99072266
33787 8165.50341797
33824 8161.90332031
33880 8159.55078125
34000 8154.13037109
34060 8130.05615234
34120 8121.6953125
34180 8116.47070312
34241 8110.65966797
34301 8099.54199219
34361 8087.04248047
34481 8079.45605469
34541 8058.67626953
34601 8050.69921875
34656 8040.29248047
34710 8032.94042969
34770 8019.49951172
34830 8002.12597656
34890 7999.18115234
34950 7981.2421875
35011 7964.66113281
35071 7951.94091797
35131 7934.27099609
35191 7926.00732422
35251 7911.91113281
35311 7895.83398438
35371 7879.88427734
35431 7867.0859375
35492 7856.45654297
35552 7836.29589844
35612 7828.34228516
35653 7820.17138672
35755 7816.66357422
35815 7799.82470703
35875 7797.5
35935 7783.45214844
35995 7770.52783203
36056 7751.42529297
36116 7742.11376953
36176 7729.73583984
36236 7718.46826172
36296 7701.06005859
36356 7693.08544922
36416 7684.33349609
36537 7672.24658203
36597 7660.36669922
36657 7648.68701172
36717 7637.28222656
36777 7622.72705078
36837 7610.83105469
36898 7609.08691406
36958 7593.97753906
37018 7588.36279297
37078 7579.8515625
37138 7565.45898438
37318 7531.5859375
37379 7524.05908203
37439 7513.73583984
37499 7503.078125
37559 7485.1796875
37619 7469.46533203
37679 7454.20898438
37739 7446.54833984
37800 7441.91943359
37860 7435.24316406
37980 7428.49023438
38041 7415.96826172
38101 7402.98144531
38161 7388.51513672
38221 7375.99560547
38281 7366.27783203
38341 7356.61523438
38401 7336.22558594
38461 7316.86523438
38582 7312.08447266
38642 7300.67529297
38702 7292.13525391
38762 7285.20703125
38822 7272.88916016
38882 7260.87109375
38942 7249.11328125
39003 7239.11230469
39063 7231.61669922
39123 7219.6171875
39183 7208.25195312
39243 7197.88769531
39303 7186.59863281
39363 7168.98535156
39424 7166.47460938
39484 7154.80371094
39544 7146.16455078
39604 7142.17675781
39664 7130.81396484
39725 7122.33496094
39785 7110.54931641
39845 7101.25976562
39905 7094.35253906
39965 7082.89355469
40025 7078.31054688
40086 7068.07568359
40142 7059.06738281
40199 7044.93115234
40259 7034.22363281
40320 7024.05517578
40380 7017.66796875
40440 7003.88867188
40500 7001.09521484
40560 6990.02050781
40680 6956.8203125
40741 6948.47021484
40801 6941.55566406
40861 6928.16162109
40921 6915.89111328
40981 6909.05712891
41222 6921.59912109
41282 6921.54101562
41342 6912.17822266
41643 7402.18994141
41944 7364.77441406
42004 7351.72216797
42064 7343.41064453
42124 7333.42626953
42184 7320.44140625
42244 7305.39648438
42304 7290.34765625
42365 7280.74267578
42425 7265.01464844
42485 7253.85839844
42545 7242.97900391
42605 7234.58642578
42665 7223.77001953
42725 7210.84472656
42785 7202.85302734
42846 7189.74267578
42906 7176.31445312
42966 7168.50244141
43026 7155.86181641
43086 7143.79394531
43146 7133.69433594
43206 7121.30517578
43266 7108.60693359
43322 7094.92138672
43378 7085.71240234
43438 7072.16943359
43498 7061.12402344
43559 7047.61474609
43619 7040.18457031
43859 7395.25683594
44160 7326.05908203
44220 7309.77978516
44280 7294.50097656
44340 7281.57470703
44401 7268.52246094
44461 7257.58203125
44521 7244.95849609
44581 7229.96826172
44641 7217.84423828
44701 7207.29638672
44737 7200.06445312
44772 7191.13378906
44832 7178.84912109
44892 7164.19726562
44952 7153.74462891
45012 7141.78369141
45073 7127.56396484
45133 7115.703125
45193 7100.62841797
45253 7085.02685547
45313 7073.65576172
45814 6988.21044922
45874 6979.17431641
45934 6965.39550781
45994 6958.14746094
46054 6941.74267578
46115 6927.78808594
46175 6914.21972656
46235 6901.35693359
46295 6891.10009766
46355 6879.94677734
46415 6868.32177734
46476 6855.49072266
46536 6843.46582031
46596 6833.27001953
46656 6819.52392578
46716 6805.31884766
46776 6795.72900391
46836 6782.29931641
46896 6770.64453125
46956 6759.26171875
