0 18933.0332031
60 18851.203125
119 18783.859375
164 18740.1132812
1198 17425.2871094
1250 17363.4003906
1310 17305.1425781
1370 17234.4511719
1431 17185.6679688
1491 17106.71875
1543 17069.3261719
1582 17031.5097656
1628 17020.7089844
1688 16948.2011719
1748 16879.7675781
1808 16803.7832031
1869 16752.859375
1929 16685.8339844
1989 16626.4375
2049 16559.3320312
2109 16501.1796875
2169 16447.9453125
2230 16385.1816406
2800 16025.0996094
2981 15830.0957031
3041 15816.4042969
3342 15600.7822266
3402 15544.5957031
3462 15476.6113281
3521 15435.4052734
3904 17680.1738281
3964 17633.3476562
4024 17597.0605469
4059 17580.2402344
4095 17557.3613281
4155 17525.8164062
4215 17493.3320312
4275 17453.4824219
4335 17421.3632812
4395 17380.6503906
4455 17337.3457031
4516 17297.7265625
4576 17262.0546875
4636 17229.1640625
4696 17189.390625
4756 17163.9511719
4816 17122.2753906
4877 17087.8652344
4937 17051.8164062
4997 17016.2089844
5057 16995.5976562
5117 16958.3554688
5177 16929.6542969
5237 16890.9863281
5297 16854.0820312
5358 16825.390625
5418 16791.8457031
5478 16758.4375
5538 16721.0058594
5598 16689.0097656
5658 16661.6289062
5718 16626.8164062
5778 16585.3847656
5839 16550.6679688
5899 16520.2851562
5959 16493.65625
6015 16467.5273438
6071 16440.7460938
6131 16417.2792969
6191 16376.1904297
6252 16343.5175781
6312 16324.9443359
6372 16294.2675781
6432 16266.1699219
6492 16230.6738281
6552 16201.6201172
6612 16171.0068359
6673 16137.9873047
6733 16107.4902344
6793 16075.3574219
6853 16050.1181641
6913 16021.9169922
6973 15995.8291016
7033 15958.9521484
7094 15930.1445312
7154 15904.1259766
7214 15869.4765625
7254 15849.5029297
7294 15826.8007812
7354 15793.6552734
7414 15761.0839844
7474 15730.4677734
7535 15696.4414062
7595 15675.2353516
7655 15644.2373047
7715 15612.6464844
7775 15582.2578125
7835 15568.1279297
7895 15546.0957031
7956 15513.3417969
8016 15488.7832031
8072 15468.6679688
8128 15445.8320312
8189 15414.9150391
8249 15384.3564453
8309 15358.5507812
8369 15324.5947266
8429 15303.46875
8489 15276.7333984
8550 15251.4160156
8610 15220.9873047
8670 15198.609375
8730 15171.9726562
8790 15137.2099609
8851 15112.9335938
8911 15089.4882812
8971 15064.4443359
9031 15033.8144531
9091 15008.4765625
9152 14986.7060547
9212 14964.0449219
9272 14933.2675781
9332 14906.8564453
9392 14877.3291016
9452 14851.9785156
9512 14832.4404297
9573 14798.8603516
9633 14767.1425781
9693 14737.2802734
9753 14713.4482422
9813 14691.2744141
9873 14668.3574219
9933 14641.0
9993 14618.5117188
10054 14595.4414062
10114 14566.2167969
10174 14543.6845703
10234 14516.4707031
10270 14503.4384766
10289 14495.9091797
10333 14479.4052734
10393 14453.5585938
10453 14426.5449219
10513 14401.6787109
10573 14380.5332031
10634 14356.6455078
10694 14337.3173828
10754 14303.3164062
10814 14274.2470703
10874 14254.6171875
10934 14231.0742188
10994 14205.4082031
11055 14177.1552734
11115 14156.8798828
11175 14124.4277344
11235 14102.0458984
11295 14080.6630859
11355 14062.3496094
11415 14041.2158203
11476 14006.3691406
11536 13988.5761719
11596 13963.6933594
11656 13939.0830078
11716 13915.3964844
11776 13880.7480469
11836 13864.6591797
11897 13847.4111328
12197 14044.4736328
12257 14015.4111328
12318 13991.8632812
12378 13968.703125
12438 13940.8193359
12498 13911.8583984
12558 13891.7841797
12618 13877.6103516
12678 13850.3193359
12738 13819.8808594
12799 13806.9306641
12859 13769.5761719
12919 13748.3603516
12980 13721.09375
13040 13703.0595703
13100 13680.5908203
13160 13654.4697266
13220 13634.6689453
13341 13633.4082031
13401 13610.9716797
13461 13588.4824219
13501 13567.6513672
13527 13567.3408203
13574 13550.0214844
13634 13526.8974609
13694 13506.1630859
13755 13487.6142578
13815 13459.8798828
13850 13438.8994141
13885 13423.3388672
13945 13402.1816406
14005 13381.2685547
14065 13360.7285156
14125 13337.8144531
14185 13316.7832031
14246 13294.6152344
14306 13263.8349609
14366 13242.0244141
14426 13223.5761719
14486 13201.8916016
14547 13183.3818359
14667 13172.2978516
14727 13157.3408203
15028 13065.9892578
15088 13035.53125
15148 13010.4199219
15208 12995.3955078
15268 12975.4345703
15329 12954.0771484
15389 12927.6503906
15449 12907.8271484
15509 12879.4726562
15550 12861.0029297
15588 12855.4873047
15645 12840.8310547
15765 12827.3359375
15825 12818.7675781
15885 12794.9960938
15945 12777.9482422
16006 12755.2978516
16066 12731.1103516
16126 12712.4042969
16186 12687.609375
16246 12653.4785156
16281 12619.6767578
16309 12623.1621094
16342 12608.4121094
16395 12595.15625
16456 12575.6708984
16516 12553.8427734
16576 12532.2900391
16636 12505.7480469
16682 12495.15625
16718 12482.2421875
16778 12465.2705078
16898 12467.7441406
16958 12446.8808594
17018 12426.2480469
17078 12403.4580078
17139 12384.9052734
17199 12361.6796875
17256 12343.5888672
17314 12328.0996094
17374 12299.5966797
17434 12282.2138672
17475 12259.6767578
17515 12248.3251953
17575 12230.1738281
17635 12205.1083984
17696 12182.6386719
17756 12164.8378906
17816 12147.3017578
17936 12148.9853516
17996 12126.1630859
18056 12112.1796875
18117 12092.6474609
18177 12071.8779297
18237 12044.8691406
18297 12037.8505859
18357 12012.9501953
18417 11992.3085938
18477 11965.0126953
18538 11938.7431641
18598 11921.5146484
18658 11902.9960938
18718 11879.3417969
18778 11858.9423828
18838 11839.8623047
18898 11821.6552734
19019 11803.9111328
19079 11784.1425781
19139 11760.8007812
19199 11739.6367188
19259 11714.7861328
19319 11691.0126953
19368 11670.4208984
19457 11651.8759766
19517 11643.6523438
19577 11615.2919922
19637 11587.7099609
19697 11577.3867188
19757 11565.1591797
19817 11547.7929688
19878 11530.2617188
19938 11507.4179688
20052 11486.2949219
20112 11477.5976562
20172 11461.53125
20233 11445.3867188
20293 11422.2138672
20353 11396.3789062
20413 11383.1699219
20473 11367.8701172
20533 11337.2265625
20594 11336.2851562
20654 11307.3232422
20714 11285.3388672
20774 11273.625
20834 11244.3916016
20894 11224.3066406
20954 11207.4013672
21015 11186.0800781
21075 11165.5029297
21195 11147.5976562
21255 11139.3671875
21315 11114.9101562
21376 11090.7939453
21436 11060.1728516
21496 11039.3515625
21616 11015.9794922
21676 10999.8417969
21736 10985.4306641
21797 10972.2021484
21857 10951.3671875
21917 10926.7832031
21977 10908.5244141
22037 10876.6210938
22097 10839.6269531
22157 10820.8867188
22217 10816.2167969
22278 10806.1601562
22398 10812.0400391
22458 10788.6708984
22518 10763.6113281
22578 10751.2792969
22638 10734.4667969
22699 10712.5
22759 10703.4150391
22819 10686.8603516
22879 10661.3701172
22939 10644.3779297
22999 10631.4863281
23059 10609.796875
23120 10601.2763672
23180 10584.5898438
23240 10571.3867188
23280 10571.1289062
23309 10552.1884766
23358 10537.5859375
23418 10519.640625
23539 10511.9326172
23599 10493.3691406
23659 10482.8359375
23719 10470.8896484
23779 10464.6728516
23839 10443.5507812
23899 10429.2626953
23960 10416.9082031
24019 10332.34375
24064 10296.5175781
24110 10278.8525391
24171 10254.8837891
24231 10248.4892578
24271 10241.8125
24311 10220.2216797
24361 10208.3388672
24397 10205.7255859
24442 10195.2988281
24503 10191.5703125
24623 10181.5429688
25224 10216.8720703
25284 10196.0576172
25344 10184.7714844
25464 10201.4697266
25525 10142.7509766
25585 10126.0869141
25645 10113.0986328
25705 10099.5439453
25765 10090.7929688
25825 10081.8554688
25886 10065.7431641
25946 10051.3720703
26006 10031.4931641
26066 10016.3388672
26126 10003.6162109
