0 18621.2871094
121 18532.7109375
222 18506.3046875
256 18498.5917969
290 18496.40625
1175 17979.4648438
1210 17949.7226562
1245 17919.7851562
1284 17894.390625
1322 17865.6835938
1373 17834.5449219
1483 17758.2695312
1544 17724.3457031
1588 17702.7226562
1633 17684.75
1678 17659.0097656
1723 17623.8144531
1783 17599.6738281
1899 17509.0175781
1944 17488.328125
1982 17468.5019531
2017 17444.3046875
2036 17435.796875
2072 17410.125
2132 17370.6953125
2167 17333.3945312
2178 17325.171875
2213 17308.4101562
2312 17253.8222656
2327 17239.5820312
2446 17172.375
2506 17143.1425781
2566 17126.6542969
2626 17091.3671875
2807 16979.1347656
2867 16955.3359375
2987 16891.3164062
3047 16861.5058594
3083 16845.5605469
3098 16831.4589844
3122 16817.046875
3133 16806.6386719
3143 16794.9628906
3178 16770.8007812
3213 16751.6933594
3249 16731.4707031
3369 16678.2050781
3429 16639.9570312
3549 16555.1425781
3609 16532.9394531
3682 16481.5664062
3717 16460.4023438
3752 16447.4609375
3813 16426.0683594
4215 16413.4140625
4630 16059.84375
4668 16034.1015625
4681 16021.2060547
4691 16017.3505859
4717 16007.8574219
4730 16000.9414062
4756 15982.96875
4779 15979.1269531
4809 15959.0947266
4837 15942.0605469
4856 15941.2089844
4900 15917.7138672
5020 15847.5351562
5080 15820.5976562
5140 15794.8857422
5200 15759.3994141
5260 15729.2373047
5321 15702.1318359
5381 15668.8251953
5440 15656.1533203
5800 15531.8662109
5860 15512.2304688
5920 15494.4931641
5980 15456.84375
6040 15438.0302734
6080 15418.7929688
6119 15402.0205078
6179 15371.2988281
6239 15341.9326172
6300 15308.0976562
6360 15283.6386719
6420 15255.3652344
6480 15233.5605469
6540 15216.1855469
6600 15182.9736328
6660 15161.1572266
6720 15136.0283203
6762 15113.6601562
6805 15100.65625
6865 15069.1982422
6925 15046.7460938
7045 14968.2724609
7105 14947.3701172
7165 14926.9003906
7226 14900.4716797
7286 14872.2509766
7346 14837.375
7406 14817.6367188
7466 14794.1728516
7526 14763.8994141
7586 14741.9160156
7646 14713.9316406
7707 14690.4609375
7767 14659.1884766
7827 14635.2119141
7887 14613.1767578
7931 14598.390625
7975 14574.4716797
8035 14562.8779297
8095 14531.3359375
8215 14472.1904297
8275 14443.3417969
8336 14432.1298828
8396 14414.7597656
8456 14386.7626953
8516 14380.3867188
8576 14345.9101562
8636 14323.4697266
8696 14303.890625
8757 14275.5214844
8817 14244.6914062
8877 14225.0996094
8937 14205.0029297
8973 14192.8037109
9004 14175.7402344
9060 14144.59375
9120 14114.0761719
9180 14101.1513672
9240 14077.2763672
9301 14050.5048828
9361 14025.453125
9421 14006.6464844
9481 13976.3945312
9541 13973.7060547
9601 13945.7373047
9661 13920.2910156
9721 13901.2841797
9782 13878.2353516
9818 13860.6289062
9854 13841.2851562
9914 13830.8115234
9974 13797.7099609
10034 13774.3525391
10094 13765.3251953
10154 13745.1972656
10214 13719.3632812
10275 13697.8798828
10335 13669.3085938
10395 13644.1191406
10452 13628.6894531
10510 13603.1855469
10571 13581.2929688
10631 13553.5166016
10691 13533.0664062
10751 13517.5039062
10811 13501.7451172
10871 13477.5751953
10931 13455.1464844
10992 13441.1123047
11052 13424.2167969
11112 13392.4980469
11172 13373.4882812
11232 13350.7626953
11292 13326.5986328
11352 13301.5322266
11401 13286.5791016
11450 13259.6074219
11510 13238.4287109
11570 13215.7695312
11630 13201.4003906
11691 13185.6933594
11751 13156.7080078
11811 13132.1494141
11871 13111.3125
11931 13090.8144531
11991 13071.7578125
12051 13054.015625
12111 13022.9199219
12172 13000.7128906
12232 12986.7089844
12292 12962.4492188
12352 12937.2558594
12878 13237.7050781
12923 13220.1025391
12984 13210.4267578
13044 13184.7324219
13104 13154.1328125
13164 13117.7021484
13284 13064.8769531
13344 13050.7304688
13404 13030.015625
13525 13011.890625
13585 12987.0839844
13645 12969.2158203
13705 12948.1396484
13825 12936.9960938
13885 12927.4980469
14006 12914.9179688
14066 12909.5009766
14126 12875.1386719
14186 12857.0195312
14246 12840.0585938
14307 12811.2714844
14367 12805.6533203
14427 12797.0224609
14487 12777.9541016
14547 12763.4589844
14607 12747.4072266
14667 12723.4296875
14728 12693.8710938
14788 12684.7402344
14848 12663.2128906
14883 12651.1357422
14918 12620.0537109
14979 12593.8847656
15039 12593.8769531
15219 12571.3564453
15279 12562.0585938
15400 12548.5722656
15460 12534.4501953
15520 12495.6298828
15580 12478.9628906
15640 12461.6982422
15700 12456.8984375
15760 12430.7607422
15941 12403.2392578
16001 12398.2167969
16041 12384.9277344
16081 12369.0742188
16141 12358.1357422
16201 12334.828125
16321 12311.0527344
16442 12287.1826172
16502 12247.5820312
16622 12195.0097656
16682 12191.4804688
16742 12185.0810547
16802 12176.4589844
16862 12162.1982422
16923 12149.8857422
16983 12121.3066406
17043 12104.2148438
17103 12088.7832031
17283 11896.1708984
17343 11865.9033203
17464 11781.0332031
17524 11753.6982422
17584 11739.1474609
17760 11686.0908203
17816 11675.5800781
17876 11658.8769531
17912 11657.1953125
17947 11650.7636719
18007 11642.5371094
18067 11623.3603516
18128 11607.8759766
18463 12086.9277344
18499 12075.3027344
18559 12056.3662109
18679 12055.015625
18739 12044.640625
18799 12027.9257812
18859 12006.4404297
18920 11980.3320312
18975 11963.5732422
19016 11951.796875
19062 11938.8417969
19122 11920.1806641
19158 11906.4560547
19193 11898.8095703
19253 11879.9570312
19311 11864.3203125
19368 11854.2705078
19428 11832.3623047
19489 11813.1416016
19549 11791.9277344
19609 11775.6445312
19730 11775.9785156
19790 11755.8535156
19850 11736.8222656
19910 11717.9443359
19970 11699.8007812
20030 11681.1503906
20090 11664.5498047
20150 11643.9628906
20210 11624.7578125
20271 11615.0732422
20331 11591.1230469
20391 11572.4130859
20451 11555.7119141
20511 11542.6181641
20571 11527.0107422
20631 11503.6308594
20692 11485.8925781
20872 11473.5234375
21391 11366.1582031
21451 11345.7509766
21511 11326.7666016
21571 11310.5888672
21632 11290.9082031
21692 11264.7148438
21752 11244.3935547
21812 11228.8017578
21872 11205.03125
21992 11194.6933594
22052 11191.6103516
22112 11171.9091797
22173 11157.8007812
22233 11140.7988281
22293 11127.0742188
22353 11110.3066406
