0 18447.59375
221 18324.6601562
1600 17629.9667969
2886 17380.1953125
2946 17376.7363281
3985 16693.6445312
5258 16037.5966797
5881 15742.8349609
6002 15712.5439453
6182 15604.3867188
6350 15550.0166016
6382 15535.0322266
6428 15521.3955078
6766 15412.5410156
6850 15377.3945312
7063 15259.4941406
7123 15247.3876953
7183 15238.7451172
7349 15121.9150391
7394 15111.5048828
7454 15101.7851562
7500 15095.1132812
7545 15087.9853516
7726 15057.2949219
8026 14923.0146484
8235 14833.8632812
8535 14741.6787109
8595 14729.3662109
8631 14729.015625
8726 14693.0771484
9508 14816.3046875
9568 14807.0839844
11232 14159.0048828
11352 14131.7060547
12193 13869.3330078
13617 13369.0888672
13797 13295.0263672
13917 13259.4169922
14398 13074.1445312
14578 13006.5253906
14776 12912.6025391
15076 12853.4570312
15497 12671.9765625
15617 12640.5205078
15798 12577.7792969
15858 12564.3476562
16159 12497.5605469
16399 12393.3007812
16459 12393.2568359
16519 12380.3359375
16579 12368.1972656
16880 12238.65625
16940 12223.9931641
17241 12160.5976562
17301 12151.8378906
17422 12113.1210938
17482 12099.9658203
18083 11922.9404297
18143 11910.3251953
18238 11887.1523438
18321 11878.8144531
18381 11877.6552734
18548 11800.2919922
18608 11787.9863281
18728 11753.9423828
18857 11724.5029297
19034 11657.4960938
19094 11650.3701172
19155 11637.5771484
19215 11626.7207031
19455 11586.234375
19756 11491.3359375
19816 11489.8076172
19936 11460.2988281
19996 11448.1123047
20109 11418.5400391
20222 11390.1279297
20342 11345.6855469
20643 11295.2792969
20703 11280.7714844
20763 11273.2451172
21244 11102.0234375
21304 11089.8251953
21424 11063.9345703
21785 10989.7792969
21845 10976.4423828
22013 10917.4521484
22060 10906.7324219
22121 10905.4365234
22241 10875.5537109
22482 10801.2597656
22662 10751.0615234
22842 10699.3798828
22963 10709.9150391
23685 10674.5634766
23865 10628.7041016
23925 10615.8496094
24166 10580.9414062
24226 10574.4970703
24296 10553.9892578
24537 10478.125
24597 10463.0126953
24657 10448.7607422
24717 10433.9599609
24777 10431.3291016
24850 10404.2119141
24910 10392.6855469
25091 10348.1083984
25151 10338.5839844
25391 10300.7890625
25572 10255.09375
25632 10241.0625
25692 10226.5810547
25872 10180.0947266
25969 10155.2089844
26006 10144.9033203
26247 10073.6337891
26307 10062.7490234
26427 10036.7333984
26547 10041.9384766
26848 9952.13671875
27148 9869.56054688
27208 9857.47070312
27329 9826.49902344
27389 9811.5078125
27569 9775.18164062
27664 9743.96386719
27700 9736.78417969
27760 9724.18261719
27880 9689.29882812
28061 9638.40039062
28121 9624.70898438
28241 9596.64746094
28301 9581.79101562
28481 9537.12402344
28542 9524.74414062
28602 9510.23046875
28662 9500.35253906
28722 9488.84277344
28782 9476.8125
28902 9444.35253906
29023 9419.32226562
29083 9405.85058594
29203 9375.80859375
29384 9325.73925781
29504 9297.26953125
29605 9271.58691406
29646 9263.02148438
29706 9250.28808594
29826 9226.43457031
30067 9157.35644531
30187 9127.86230469
30247 9117.68847656
30307 9104.08886719
30367 9088.74707031
30487 9057.80957031
30548 9047.09863281
30668 9016.84082031
30788 8977.35839844
30848 8969.59472656
30909 8964.03125
30969 8950.68164062
31029 8937.99804688
31089 8926.3125
31142 8917.5703125
31195 8905.38476562
31256 8892.31347656
31316 8880.01171875
31376 8873.09570312
31496 8839.79394531
31616 8827.49707031
31716 8805.95996094
31876 8762.00390625
31936 8747.94238281
31996 8742.80859375
32056 8729.13769531
32176 8706.82714844
32236 8701.59765625
32297 8691.07226562
32357 8680.0234375
32417 8666.59472656
32477 8653.41894531
32537 8645.34863281
32597 8632.68164062
32717 8602.80664062
32778 8589.25585938
32838 8579.37597656
32898 8568.56347656
32958 8556.13378906
33018 8542.77929688
33138 8512.59960938
33199 8505.32421875
33259 8503.43457031
33319 8493.6875
33379 8482.15332031
33439 8470.30761719
33499 8461.20800781
33560 8449.18945312
33620 8440.59082031
33740 8421.12597656
33860 8389.56054688
33921 8381.57714844
33981 8369.11132812
34041 8356.02148438
34101 8344.08789062
34161 8333.50976562
34221 8323.58105469
34342 8297.65722656
34438 8271.11328125
34475 8264.41503906
34535 8257.40039062
34570 8246.21191406
34605 8240.18945312
34665 8225.01660156
34726 8213.3046875
34786 8201.45117188
34846 8191.70898438
34906 8183.24658203
34966 8173.48632812
35026 8160.36523438
35086 8151.25634766
35146 8143.47412109
35206 8128.17626953
35267 8116.93505859
35327 8110.02441406
35447 8088.51855469
35507 8078.05615234
35567 8066.77685547
35748 8022.37548828
35808 8008.95898438
35868 8003.88525391
35928 7994.25195312
35989 7982.85546875
36049 7971.78125
36084 7968.32568359
36119 7955.59179688
36179 7943.47460938
36239 7933.28662109
36299 7923.76123047
36360 7913.12060547
36480 7892.97949219
36540 7881.11767578
36600 7867.45410156
36660 7861.23730469
36720 7855.68359375
36757 7841.3671875
36790 7833.26757812
36846 7825.79101562
36881 7823.29931641
36916 7813.8125
37216 7796.39306641
37276 7788.80078125
37336 7778.71533203
37396 7768.09765625
37456 7758.02099609
37517 7751.63867188
37577 7738.359375
37637 7725.72216797
37697 7718.23242188
37757 7704.0859375
37817 7693.54638672
37877 7683.26025391
37938 7672.81542969
37998 7657.91699219
38058 7649.87988281
38118 7637.91992188
38178 7627.85791016
38238 7619.10693359
38298 7610.73730469
38358 7600.08154297
38419 7588.3984375
38479 7580.3203125
38539 7569.08544922
38599 7556.85644531
38659 7546.47460938
38719 7536.54541016
38779 7526.75244141
38839 7515.58105469
38900 7504.69287109
38960 7494.5
39020 7483.89599609
39080 7474.16259766
39140 7459.42236328
39200 7450.03369141
39260 7443.26806641
39320 7435.14990234
39381 7427.47705078
39441 7414.00878906
39501 7404.55810547
39561 7394.87304688
39621 7385.4453125
39682 7380.58642578
39742 7370.7734375
39802 7361.23681641
39862 7350.64111328
39922 7346.16748047
39982 7339.25439453
40042 7327.53759766
40077 7324.21289062
40088 7321.45849609
40124 7314.50439453
40184 7302.34033203
40244 7293.78369141
40305 7281.03320312
40365 7269.28955078
40425 7260.5
40485 7257.12402344
40545 7250.14501953
40605 7241.09667969
40665 7233.76464844
40725 7222.40332031
40785 7213.80517578
40846 7201.46972656
40906 7188.76660156
40966 7173.56445312
41026 7167.14746094
41086 7162.48095703
41146 7149.53320312
41206 7141.45507812
41266 7130.23681641
41326 7122.73339844
41379 7114.55419922
41432 7104.51025391
41467 7100.58837891
41503 7095.61816406
41563 7088.60498047
41623 7081.25048828
41683 7068.39941406
41743 7057.3515625
41803 7050.20019531
41864 7041.76416016
41924 7030.50732422
41976 7021.56054688
42028 7016.17431641
42088 7006.26611328
42148 6997.40087891
42208 6992.61181641
42268 6982.50390625
42303 6975.67138672
42339 6974.45703125
42399 6962.66845703
42459 6953.55664062
42519 6938.90820312
42579 6932.58984375
42640 6922.19873047
42700 6915.95019531
42760 6911.53759766
42820 6904.97412109
42880 6893.35351562
42941 6882.69433594
43001 6873.89892578
43061 6862.79785156
43181 6839.82373047
43241 6833.90185547
43301 6829.59326172
43361 6823.31689453
43405 6819.48388672
43449 6809.69238281
43509 6801.27734375
43569 6792.26074219
43629 6782.77490234
43690 6772.13525391
43750 6758.84619141
43810 6749.17871094
44566 6709.52685547
44626 6701.45605469
44686 6696.94824219
44746 6696.18505859
44867 6691.03320312
44987 6670.33837891
45047 6670.23876953
45107 6656.71337891
45167 6648.85986328
45228 6640.47216797
45288 6633.02539062
45326 6625.60351562
45364 6619.47900391
45424 6614.59472656
45484 6611.91650391
45544 6606.45507812
45605 6596.56347656
45665 6588.015625
