0 19505.5859375
382 19046.890625
417 19020.1972656
453 18980.625
633 18825.5605469
994 18410.1347656
1033 18400.8164062
1073 18371.0292969
1133 18350.8964844
1253 18269.8515625
1466 18032.8710938
1526 18020.0664062
1698 17917.7714844
2034 17519.5195312
2070 17479.0175781
2927 16977.4492188
2987 16946.3164062
3047 16940.8867188
3287 16744.2890625
3436 16645.6445312
3481 16631.6796875
3715 16468.8417969
3836 16402.9570312
3896 16363.5429688
3956 16328.9433594
4132 16193.2617188
4503 17035.265625
4563 17004.2421875
4598 16989.8710938
4634 16973.7011719
4694 16946.9433594
4754 16908.4277344
4814 16873.1660156
4874 16841.8554688
4934 16811.6855469
4994 16783.0839844
5055 16765.1835938
5115 16725.9628906
5174 16719.6445312
5219 16698.6191406
5325 16626.0039062
5385 16607.734375
5445 16585.7207031
5505 16564.9277344
5565 16524.7851562
5625 16503.0839844
5686 16466.2558594
5721 16458.3574219
5749 16440.5136719
5803 16419.6191406
5923 16344.9521484
5963 16341.0458984
6004 16321.5419922
6039 16292.8720703
6075 16285.1669922
6135 16256.6572266
6195 16237.1240234
6255 16205.0898438
6291 16204.0136719
6301 16198.6904297
6336 16164.0585938
6396 16139.7675781
6438 16129.5048828
6481 16115.4248047
6541 16087.6484375
6601 16056.5058594
6636 16030.2109375
6671 16000.7431641
6731 15973.5898438
6791 15933.703125
6851 15927.1591797
6912 15908.3867188
6972 15883.421875
7032 15862.5390625
7092 15842.6035156
7152 15815.3105469
7198 15795.2705078
7243 15775.6357422
7303 15744.6894531
7363 15716.0078125
7424 15693.375
7475 15662.6298828
7526 15644.4472656
7586 15619.5898438
7647 15590.8964844
7707 15565.0664062
7767 15536.6914062
7827 15507.9912109
7887 15473.8652344
7947 15469.1962891
8007 15438.1064453
8068 15408.59375
8343 15749.2294922
8363 15743.2304688
8538 15847.3017578
8599 15823.5957031
8659 15804.4023438
8779 15733.0546875
8839 15710.1738281
8899 15693.6435547
8959 15655.5263672
9019 15632.6025391
9080 15614.5566406
9200 15590.0400391
9260 15582.3535156
9320 15547.9951172
9380 15515.9208984
9440 15489.3964844
9500 15471.9951172
9561 15444.9912109
9621 15427.7373047
9681 15397.7978516
9741 15373.4648438
9801 15347.765625
9861 15315.2041016
10172 15371.0292969
10233 15345.4882812
10293 15325.1865234
10353 15290.0546875
10413 15259.1103516
10473 15241.2792969
10533 15215.0380859
10593 15187.8261719
10654 15163.8505859
10714 15134.2255859
10774 15114.7539062
10834 15083.7324219
10894 15054.4707031
11014 15056.5361328
11074 15026.40625
11135 15004.2109375
11195 14980.9599609
11255 14956.9365234
11315 14946.6396484
11375 14918.2431641
11435 14901.2246094
11495 14871.4960938
11556 14846.7871094
11616 14817.1650391
11663 14804.0234375
11710 14778.8681641
11770 14755.4404297
11830 14730.1181641
11890 14696.1152344
11950 14671.6494141
12010 14639.4248047
12071 14604.0898438
12131 14575.5996094
12191 14573.3867188
12311 14561.5722656
12371 14554.2871094
12431 14524.4707031
12491 14506.7744141
12552 14486.9638672
12612 14459.4804688
12672 14434.2871094
12732 14410.8964844
12792 14388.6494141
12852 14356.9238281
12912 14333.0976562
12972 14308.4023438
13033 14290.9980469
13077 14265.1660156
13122 14242.6933594
13182 14218.4501953
13242 14191.7001953
13303 14167.3125
13363 14146.7832031
13423 14124.2324219
13483 14100.7226562
13543 14078.6289062
13603 14058.6503906
13723 14061.7490234
13784 14033.5976562
13844 14012.1308594
13904 13990.2001953
13964 13960.2578125
14024 13936.8320312
14084 13922.7431641
14144 13903.4326172
14204 13876.6611328
14265 13851.3144531
14325 13813.9453125
14385 13783.9980469
14445 13771.4033203
14500 13759.3007812
14556 13747.0810547
14616 13724.3320312
14676 13709.7753906
14736 13683.5595703
14796 13660.5126953
14856 13637.4257812
14917 13608.9765625
14977 13592.0751953
15037 13570.6923828
15157 13559.5615234
15217 13557.4550781
15278 13546.25
15338 13513.2363281
15398 13498.4873047
15458 13475.7519531
15518 13453.6113281
15578 13431.3847656
15638 13413.6357422
15698 13396.7978516
15759 13378.4580078
15819 13361.0185547
15879 13343.8779297
15918 13323.8115234
15958 13307.3808594
16018 13298.4541016
16076 13272.0498047
16135 13246.8320312
16195 13220.5761719
16230 13203.6865234
16265 13196.7421875
16325 13182.8896484
16385 13159.9492188
16446 13137.2587891
16506 13115.9755859
16626 13106.7685547
16686 13102.28125
16746 13078.4765625
16806 13060.5292969
16866 13039.8798828
16927 13012.3720703
16987 12994.6269531
17047 12979.9384766
17107 12960.4072266
17167 12941.5166016
17227 12922.7607422
17287 12899.9462891
17347 12880.8232422
17408 12862.3496094
17462 12848.6132812
17517 12834.0722656
17577 12813.1503906
17637 12791.1396484
17998 12717.4804688
18058 12691.4472656
18118 12675.1064453
18178 12657.0878906
18238 12638.2324219
18299 12618.8808594
18359 12593.125
18419 12575.6279297
18479 12557.0019531
18539 12536.8398438
18599 12524.6826172
18659 12501.4384766
18719 12478.4785156
18840 12491.1738281
18900 12472.7011719
18960 12449.4667969
19020 12430.4345703
19080 12408.2226562
19140 12391.2783203
19201 12367.8632812
19241 12352.1357422
19282 12344.2060547
19343 12322.2763672
19403 12303.5195312
19463 12297.0136719
19523 12273.0029297
19583 12262.7167969
19643 12249.6347656
19704 12232.3466797
19764 12216.9589844
19819 12196.2304688
19935 12200.6367188
19995 12184.4082031
20055 12165.5957031
20116 12144.9746094
20176 12123.2197266
20236 12106.4169922
20296 12087.6308594
20356 12064.1904297
20416 12047.1660156
20476 12030.5263672
20536 12011.8769531
20597 11992.4619141
20657 11970.4648438
20717 11950.6123047
20777 11934.1787109
20837 11918.6083984
20897 11897.1171875
21018 11894.6582031
21078 11877.5664062
21138 11860.5712891
21198 11839.7177734
21235 11831.4150391
21272 11816.5371094
21332 11799.6728516
21393 11784.6259766
21453 11765.3876953
21513 11746.0244141
21573 11723.5400391
21633 11707.2958984
21693 11696.2363281
21753 11674.3847656
21813 11656.7470703
21873 11633.7548828
21934 11620.8681641
21994 11595.5097656
22054 11572.9345703
22114 11554.4912109
22234 11561.4833984
22294 11535.1992188
22354 11523.4052734
22415 11503.1474609
22475 11485.0302734
22535 11465.4365234
22595 11452.4580078
22655 11429.9140625
22715 11398.6220703
22775 11390.6572266
22835 11374.7470703
22884 11363.5078125
22933 11352.6445312
22993 11335.9101562
23053 11318.359375
23113 11300.9902344
23173 11279.3457031
23233 11259.0722656
23354 11262.8544922
23414 11252.4833984
23474 11231.8798828
23534 11211.6542969
23594 11197.765625
23655 11180.2421875
23715 11165.0908203
23775 11148.4052734
23835 11128.6708984
23895 11111.3427734
23955 11096.4404297
24015 11076.0654297
24076 11055.6875
24136 11048.8671875
24196 11022.8476562
24256 11009.5664062
24299 10994.4052734
24342 10983.1386719
24391 10972.5888672
24434 10961.6806641
24549 10953.6865234
24609 10933.6738281
24669 10924.7080078
24707 10914.4199219
24745 10904.9345703
24805 10884.9316406
24865 10869.9931641
24925 10852.7929688
24985 10836.0498047
25046 10816.8847656
25106 10802.2666016
25166 10791.4169922
25226 10768.1279297
25286 10737.7871094
25346 10735.6123047
25406 10715.7431641
25466 10694.0527344
25526 10673.0869141
25587 10657.0927734
25707 10644.1728516
25827 10619.90625
25887 10611.4667969
25947 10601.5048828
26007 10584.1767578
26068 10573.4609375
26128 10552.3408203
26188 10534.1826172
26248 10517.6230469
26308 10500.1035156
26368 10475.2714844
26428 10457.4541016
26489 10453.0693359
26588 10440.0371094
26628 10425.8984375
26688 10413.1152344
26748 10397.0986328
26808 10383.8544922
26868 10363.3574219
26928 10362.1142578
26989 10360.9228516
27024 10350.2880859
27058 10344.3476562
27117 10328.4277344
27177 10310.0869141
27237 10290.3291016
27297 10271.9990234
27337 10258.2294922
27372 10247.0673828
27428 10240.1025391
27489 10227.9296875
27549 10206.9394531
27609 10197.5751953
27669 10182.9941406
27714 10164.9414062
27759 10158.6005859
27820 10139.8730469
27880 10126.6699219
27940 10110.3378906
28000 10091.1738281
28060 10073.1621094
28181 10076.9394531
28241 10054.3105469
28276 10039.3759766
28311 10030.7861328
28371 10017.6015625
28431 10004.4912109
28491 9986.19433594
28552 9967.58691406
28612 9947.26171875
28672 9933.18261719
28732 9915.50390625
28792 9898.66894531
28852 9884.76074219
28912 9871.91015625
28972 9857.11035156
29033 9856.15136719
29093 9834.40234375
29153 9819.56054688
29213 9805.71679688
29273 9784.98828125
29333 9757.87304688
29394 9735.22851562
29454 9727.23535156
29574 9714.82714844
29634 9690.65234375
29694 9676.59960938
29754 9658.52832031
29814 9647.23535156
29874 9640.38867188
29935 9625.8046875
29995 9607.50976562
30055 9586.71777344
30115 9571.52636719
30175 9553.86230469
30235 9545.41894531
30295 9534.04980469
30355 9509.25292969
30416 9485.49023438
30536 9471.18359375
30596 9452.71484375
30656 9438.13574219
30709 9428.09667969
30762 9415.50292969
30822 9403.29980469
30882 9383.1171875
30942 9366.67382812
31003 9350.91503906
31063 9336.77050781
31123 9323.90136719
31183 9313.99023438
31243 9302.21582031
31303 9294.09863281
31363 9270.01367188
31423 9268.66308594
31483 9253.43945312
31604 9215.51757812
31664 9204.25390625
31724 9193.14453125
31783 9179.82617188
31823 9170.04394531
31864 9162.83007812
31924 9147.97558594
31984 9137.38964844
32044 9124.92773438
32104 9113.46191406
32165 9097.5859375
32225 9089.02734375
32268 9075.47753906
32311 9064.43554688
32371 9049.98339844
32452 9036.90722656
32512 9018.98632812
32572 9006.109375
32633 8992.92382812
32693 8983.77929688
32753 8971.05859375
32813 8955.62207031
32851 8950.81738281
32889 8939.25683594
32949 8920.69140625
33009 8901.26367188
33069 8900.51953125
33130 8882.49511719
33190 8857.76269531
33250 8844.75488281
33310 8828.50195312
33370 8817.99316406
33430 8796.65625
33490 8776.31933594
33551 8756.52441406
33611 8750.96972656
33671 8738.67773438
33731 8722.97949219
33791 8716.80957031
33851 8707.83789062
33911 8693.94140625
33971 8689.45605469
34032 8668.39648438
34092 8657.25683594
34152 8639.44140625
34212 8624.61230469
34272 8613.9609375
34332 8604.50390625
34393 8592.75488281
34453 8570.99121094
34513 8544.00292969
34573 8525.29296875
34693 8516.44042969
34753 8502.44335938
34813 8487.12890625
34874 8485.77441406
34934 8471.59375
34984 8458.74804688
35035 8451.61132812
35095 8440.6875
35155 8426.06640625
35216 8408.87109375
35276 8396.49414062
35336 8378.54980469
35396 8365.375
35456 8355.84667969
35576 8294.1640625
35612 8286.61230469
35678 8279.40332031
35738 8264.59179688
35799 8253.5390625
35859 8235.54882812
35919 8227.47070312
35979 8211.703125
36039 8201.93164062
36099 8186.18798828
36159 8171.72119141
36219 8165.59277344
36279 8149.11865234
36340 8137.57714844
36400 8124.66650391
36460 8110.29150391
36520 8100.21191406
36640 8088.20654297
36700 8070.69140625
36760 8053.55078125
37182 8166.37841797
37242 8157.60888672
37302 8145.40429688
37362 8127.5546875
37422 8121.31542969
37482 8110.14160156
37542 8098.47753906
37603 8087.79589844
37663 8074.64941406
37723 8066.51660156
37783 8055.31396484
37843 8048.01611328
37903 8034.59814453
37964 8021.51806641
38024 8011.26708984
38084 7999.56445312
38144 7989.04541016
38204 7976.61621094
38264 7968.68212891
38324 7960.24072266
38384 7948.94677734
38445 7936.71826172
38505 7930.36962891
38565 7915.19238281
38625 7904.68945312
38685 7896.84863281
38745 7884.16259766
38797 7874.08007812
38848 7862.66210938
38908 7852.64550781
38969 7844.37158203
39029 7827.41845703
39089 7819.65234375
39149 7810.171875
39209 7801.48095703
39269 7795.29980469
39329 7785.15087891
39389 7774.76708984
39450 7763.69482422
39510 7753.05371094
39570 7740.51660156
39630 7729.70605469
39690 7716.79931641
39750 7708.94580078
39810 7695.72216797
39865 7689.56640625
39920 7680.23876953
39980 7674.37646484
40040 7660.18652344
40100 7650.71142578
40160 7641.23828125
40220 7630.44921875
40280 7621.50390625
40340 7608.50732422
40401 7601.52294922
40461 7588.61083984
40521 7579.27392578
40581 7567.79931641
40641 7556.22753906
40701 7545.92822266
40761 7535.47167969
40822 7526.15429688
40882 7514.16796875
40942 7505.54199219
41002 7496.68603516
41037 7491.19287109
41073 7486.94482422
41133 7471.69482422
41193 7461.96337891
41253 7457.65478516
41313 7445.61816406
41373 7435.57080078
41433 7423.89111328
41494 7414.70947266
41554 7402.83398438
41614 7393.47167969
41674 7380.45068359
41734 7363.81640625
41794 7361.30810547
41854 7354.52099609
41914 7350.22216797
41975 7343.51269531
42035 7333.84521484
42095 7324.90380859
42155 7315.54980469
42215 7305.83984375
42275 7294.30273438
42335 7289.04785156
42395 7275.14746094
42456 7265.00927734
42516 7255.91162109
42576 7244.75244141
42636 7232.89111328
42696 7223.52539062
42997 7753.18408203
43057 7740.38964844
43117 7732.94628906
43177 7726.25585938
43237 7714.921875
43297 7700.97558594
43357 7687.83349609
43418 7677.94970703
43478 7669.38623047
43538 7657.66796875
43598 7640.88671875
43658 7627.55517578
43718 7609.95068359
43779 7606.05761719
43839 7597.03515625
43899 7584.95068359
43959 7569.83398438
44019 7560.13769531
44079 7550.86523438
44139 7538.04492188
44200 7526.54882812
44260 7514.04833984
44320 7505.64648438
44380 7496.24414062
44440 7486.77832031
44500 7480.5625
44560 7467.859375
44620 7456.15039062
44680 7438.20751953
44741 7423.27490234
44801 7415.63232422
44861 7403.375
44921 7389.77148438
44981 7380.64794922
45041 7370.85986328
45102 7357.98779297
45342 7719.67285156
45402 7707.36425781
45463 7693.20019531
45523 7679.83398438
45583 7661.46435547
45643 7649.14404297
45703 7639.16162109
45763 7625.67529297
45823 7612.13769531
45883 7602.5390625
45944 7586.85742188
46004 7574.52099609
46064 7561.49169922
46124 7548.39892578
46184 7539.95605469
46244 7528.17822266
46304 7513.34082031
46364 7503.50097656
46425 7483.85693359
46485 7476.00195312
46545 7462.64990234
46605 7450.29541016
46665 7437.88183594
46725 7426.33740234
46785 7413.81591797
46845 7399.47851562
46905 7391.44970703
46966 7379.19873047
47026 7374.12841797
47086 7360.140625
47146 7346.31787109
47206 7331.30175781
47266 7315.42333984
47326 7302.91650391
47387 7294.52929688
47447 7283.47607422
47507 7270.76757812
47567 7258.84033203
47627 7245.55712891
47688 7237.609375
47748 7228.00732422
47808 7215.25048828
47868 7203.60302734
47928 7191.20117188
47988 7178.15136719
48048 7166.96679688
48109 7154.21728516
48169 7139.76318359
48229 7126.21044922
48289 7117.60351562
48349 7105.80371094
48409 7093.24609375
48470 7078.07519531
48530 7066.10205078
48590 7057.56787109
49101 6978.90771484
49161 6974.93408203
49221 6959.02392578
49281 6956.01025391
49341 6938.54882812
49401 6919.05273438
49461 6909.03173828
49521 6898.64892578
49582 6884.27441406
49642 6873.44775391
49702 6862.47900391
49762 6853.40136719
49822 6839.62744141
49882 6830.2421875
49942 6816.95117188
