0 20345.0898438
213 20112.3417969
488 19951.0390625
511 19945.3339844
864 19714.0195312
1864 19361.2226562
1907 19333.8769531
2078 19202.7871094
2233 19107.2011719
2263 19079.4921875
2371 19010.1113281
2650 18841.7519531
2694 18818.9160156
2995 18605.4160156
3236 18471.1152344
3656 18167.03125
4056 18241.6660156
4111 18215.0429688
4389 18059.9003906
4547 17968.609375
4607 17940.3691406
4788 17829.1542969
4848 17801.7929688
4908 17777.4902344
4968 17758.9726562
5054 17698.828125
5104 17671.765625
5158 17645.1503906
5218 17619.2480469
5367 17524.4960938
5715 17928.5449219
5775 17902.8886719
5956 17783.1542969
5991 17773.3085938
6026 17751.3515625
6146 17697.0644531
6207 17674.3378906
6267 17646.9199219
6327 17625.8710938
6464 17579.2675781
6584 17495.2890625
6820 17358.0410156
6866 17336.546875
6912 17313.2890625
6972 17285.8378906
7093 17227.3574219
7213 17175.953125
7252 17149.3144531
7291 17129.3027344
7352 17100.7753906
7404 17081.3535156
7434 17067.3964844
7543 17084.5683594
7723 16954.4570312
7783 16944.5664062
7843 16936.3398438
7947 16886.0566406
7987 16873.8945312
8043 16854.2167969
8224 16768.8515625
8284 16744.4726562
8535 16629.8867188
8691 16582.2773438
8726 16558.671875
8786 16535.5839844
8846 16511.2617188
8906 16482.0058594
8966 16452.8066406
9087 16404.3242188
9207 16409.2109375
9387 16319.5859375
9447 16293.8691406
9687 16177.09375
9746 16154.6816406
9806 16127.7734375
9866 16103.8623047
9987 16054.3076172
10047 16026.9257812
10107 16012.8564453
10227 15960.5166016
10408 15868.5361328
10468 15844.9521484
10840 15830.6474609
10961 15772.4570312
11021 15758.6328125
11081 15732.0996094
11201 15670.4794922
11321 15682.4335938
11502 15604.6455078
11562 15576.0693359
11682 15528.4287109
11742 15513.9677734
11802 15490.5175781
11862 15466.9179688
11922 15450.3505859
11983 15421.15625
12163 15332.0927734
12223 15314.8271484
12327 15261.6337891
12370 15246.4892578
12430 15232.0966797
12551 15160.3789062
12611 15141.2021484
12731 15144.2871094
12851 15102.4726562
12911 15074.2714844
13032 15017.5322266
13092 14992.4863281
13152 14975.2802734
13272 14931.6425781
13453 14836.1425781
13513 14823.1357422
13573 14800.2119141
13633 14784.7744141
13693 14759.9707031
13813 14706.5859375
13873 14686.6074219
13934 14664.4267578
13994 14645.0078125
14054 14625.0810547
14114 14605.2851562
14174 14583.8144531
14224 14560.3212891
14274 14539.7255859
14334 14520.5566406
14394 14492.59375
14454 14471.4414062
14575 14466.1005859
14635 14460.2646484
14695 14435.7539062
14755 14420.8339844
14815 14398.6787109
14876 14371.6132812
14936 14353.0048828
14990 14335.2890625
15045 14306.2587891
15097 14285.8496094
15149 14273.3144531
15210 14248.3007812
15270 14222.7314453
15330 14207.3310547
15450 14169.2900391
15570 14131.0322266
15631 14102.5351562
15691 14077.6474609
15751 14053.9882812
15811 14037.2236328
15871 14013.1044922
15931 13993.859375
16051 14012.9882812
16112 13985.8779297
16172 13956.2480469
16226 13939.6455078
16280 13920.0380859
16340 13897.984375
16400 13869.9589844
16460 13843.7783203
16520 13824.6240234
16580 13808.5644531
16640 13796.0722656
16685 13782.5068359
16730 13770.8603516
16791 13751.5283203
16851 13726.6787109
16911 13710.5351562
16952 13695.2939453
16992 13672.4150391
17051 13668.3271484
17171 13611.8876953
17231 13591.6591797
17292 13579.5869141
17352 13554.2412109
17472 13573.078125
17532 13543.6289062
17592 13526.7587891
17652 13505.2929688
17713 13482.9707031
17773 13468.7597656
17833 13444.4755859
17893 13416.2763672
17953 13395.078125
18013 13372.7304688
18048 13360.6503906
18084 13351.1933594
18144 13333.6611328
18204 13312.0078125
18264 13292.1054688
18301 13278.7861328
18337 13265.4638672
18396 13246.6982422
18456 13220.3964844
18516 13199.859375
18576 13173.9111328
18637 13152.1044922
18697 13132.9384766
18757 13114.2958984
18817 13094.0810547
18877 13069.3115234
18937 13050.6835938
19058 13055.2880859
19293 12956.8867188
19353 12939.3671875
19414 12924.5439453
19474 12903.0351562
19534 12888.2910156
19594 12864.4160156
19654 12842.0527344
19714 12824.1708984
19775 12803.2392578
19835 12783.9287109
19895 12762.4765625
19956 12746.4941406
20016 12727.9082031
20076 12710.7929688
20111 12704.171875
20146 12689.4013672
20207 12663.3017578
20267 12641.5341797
20327 12629.3554688
20627 12587.6445312
20688 12560.2792969
20748 12549.5429688
20808 12526.5585938
20868 12505.3544922
20928 12482.6904297
20988 12471.3359375
21048 12451.7197266
21167 12400.6767578
21212 12388.2265625
21225 12378.2119141
21262 12371.4833984
21323 12357.0263672
21383 12335.9609375
21443 12321.4365234
21503 12295.2548828
21563 12276.2822266
21744 12286.28125
21924 12159.7529297
21984 12145.5810547
22044 12119.2314453
22104 12097.3798828
22164 12072.765625
22224 12048.0107422
22585 12147.8681641
22645 12125.609375
22705 12111.3564453
22766 12094.6943359
22826 12080.65625
22946 12088.2421875
23006 12067.6738281
23066 12051.6464844
23127 12039.4658203
23187 12013.796875
23247 11994.9033203
23307 11983.0439453
23367 11966.6806641
23427 11949.3691406
23487 11934.59375
23548 11912.671875
23588 11894.6933594
23628 11882.6005859
23689 11872.4853516
23749 11860.5126953
23809 11842.4208984
23869 11821.53125
23929 11800.171875
23989 11788.8710938
24067 11793.6923828
24128 11777.8652344
24188 11755.609375
24248 11742.4189453
24308 11720.6542969
24368 11705.359375
24428 11680.890625
24488 11660.2675781
24523 11656.9238281
24559 11650.1318359
24619 11637.8662109
24679 11624.3720703
24736 11614.9804688
24794 11596.4677734
24854 11575.5859375
24914 11560.6367188
24974 11544.5292969
25034 11529.4794922
25094 11516.2041016
25154 11498.4619141
25322 11487.7519531
25373 11463.7011719
25423 11451.3183594
25483 11433.3496094
25528 11417.9882812
25574 11405.3632812
25634 11394.1728516
25694 11371.2197266
25754 11352.4960938
25814 11344.6035156
25874 11323.0664062
25935 11311.0019531
25995 11295.0380859
26055 11274.1875
26115 11255.1484375
26175 11246.3466797
26235 11228.9814453
26295 11212.2666016
26355 11194.6816406
26536 11180.6201172
26596 11160.4404297
26656 11138.921875
26716 11123.1435547
26777 11105.8085938
26837 11086.7871094
26893 11068.7412109
26949 11057.5380859
27009 11052.5273438
27069 11033.7919922
27129 11017.2822266
27189 10998.4707031
27249 10980.2802734
27310 10956.1220703
27358 10943.9746094
27406 10928.3935547
27448 10919.2001953
27489 10907.3056641
27549 10893.3613281
27609 10879.2880859
27730 10880.3066406
27788 10857.5087891
27847 10848.2158203
27907 10828.5830078
27967 10811.3076172
28027 10791.4277344
28088 10784.2158203
28148 10759.6933594
28208 10738.4160156
28328 10725.8212891
28388 10714.5751953
28448 10713.1904297
28508 10709.9208984
28569 10689.6259766
28629 10687.6210938
28689 10681.7646484
28749 10671.5703125
28809 10652.7216797
28989 10644.5185547
29049 10619.6259766
29110 10601.2050781
29170 10593.7001953
29230 10592.6679688
29290 10583.9980469
29350 10574.4521484
29410 10554.6435547
29530 10509.4042969
29591 10498.8037109
29651 10480.3857422
29711 10468.3164062
29771 10457.0556641
29823 10442.5927734
29874 10434.0634766
29934 10419.4990234
29995 10412.5947266
30055 10395.1953125
30115 10381.2880859
30175 10369.2177734
30295 10374.1162109
30355 10361.2197266
30415 10344.9609375
30451 10329.2089844
30475 10320.8300781
30524 10304.8447266
30645 10290.3457031
30705 10279.6806641
30765 10261.7119141
30825 10250.1748047
30885 10236.4306641
30945 10225.5078125
31005 10208.3896484
31066 10193.1142578
31126 10175.8876953
31186 10162.2597656
31246 10147.7236328
31306 10135.3193359
31366 10118.2509766
31426 10104.15625
31486 10084.8125
31607 10093.9619141
31667 10084.7050781
31727 10076.5361328
31787 10064.4648438
31847 10049.515625
31907 10037.7490234
31967 10028.3085938
32027 10012.9375
32088 9996.12695312
32148 9979.94921875
32188 9965.68261719
32228 9957.640625
32289 9945.54101562
32349 9937.96972656
32409 9927.36132812
32469 9916.29980469
32529 9901.58300781
32589 9884.15234375
32649 9871.93164062
32710 9858.13769531
32770 9847.65136719
32830 9824.74023438
33010 9822.70898438
33069 9807.08007812
33128 9791.93261719
33188 9783.31445312
33248 9771.15917969
33308 9755.83398438
33368 9741.06738281
33428 9723.12792969
33488 9719.94140625
33548 9709.36425781
33609 9692.76171875
33669 9677.7265625
33729 9665.90820312
33789 9652.53320312
33849 9634.4375
33909 9621.59179688
33970 9607.65429688
34030 9597.95898438
34090 9588.29199219
34150 9571.29003906
34210 9559.8203125
34270 9542.91210938
34330 9528.65820312
34390 9521.48339844
34451 9509.26660156
34511 9493.04003906
34899 9428.89160156
34959 9415.52734375
35019 9403.95898438
35079 9388.23535156
35139 9375.34472656
35199 9360.27929688
35260 9350.41210938
35320 9337.02832031
35380 9326.47265625
35440 9311.86230469
35500 9298.77734375
35560 9286.203125
35621 9272.62792969
35681 9259.36425781
35741 9245.91796875
35801 9234.12011719
35861 9222.32617188
35921 9211.56152344
35981 9202.265625
36041 9188.01464844
36081 9182.65039062
36121 9177.65234375
36181 9163.8515625
36242 9146.93847656
36302 9134.51660156
36358 9122.10253906
36414 9111.83300781
36474 9099.07714844
36534 9089.25878906
36595 9072.74023438
36655 9057.35546875
36715 9046.24414062
36775 9027.23925781
36835 9017.23046875
36895 9006.70019531
36956 8994.50390625
37016 8982.52441406
37076 8972.13476562
37111 8961.09472656
37147 8956.20703125
37207 8940.78613281
37267 8933.140625
37327 8921.31835938
37387 8908.33203125
37447 8896.25390625
37508 8880.73632812
37568 8868.69238281
37628 8857.80859375
37688 8845.26171875
37748 8833.95019531
37808 8821.8125
37868 8810.64648438
37929 8795.18261719
37989 8788.18164062
38049 8773.73339844
38109 8763.78515625
38169 8751.91992188
38229 8743.96289062
38289 8732.82324219
38349 8719.33300781
38409 8705.98046875
38470 8697.58496094
38530 8688.12402344
38590 8673.28808594
38650 8664.93359375
38710 8649.29882812
38770 8644.57714844
38831 8623.7421875
38891 8621.32519531
38951 8607.15527344
39011 8595.90917969
39071 8581.93652344
39192 8580.7265625
39252 8554.69433594
39312 8543.89550781
39372 8531.7109375
39432 8521.89355469
39492 8510.72070312
39552 8499.97070312
39612 8490.62890625
39714 8479.00976562
39755 8464.83984375
39815 8458.75683594
39875 8436.8515625
39963 8431.76855469
40024 8405.38476562
40084 8403.328125
40144 8391.98730469
40204 8382.85839844
40264 8368.00488281
40324 8350.76464844
40385 8340.23144531
40445 8331.88867188
40505 8319.63867188
40565 8309.96875
40625 8301.82421875
40686 8292.35742188
40746 8281.52148438
40806 8267.10742188
40866 8261.99902344
40926 8251.65917969
40986 8240.40429688
41046 8228.45214844
41107 8218.41894531
41167 8204.54980469
41227 8194.35644531
41287 8184.06103516
41347 8171.84082031
41407 8159.69287109
41467 8150.97070312
41527 8141.31982422
41588 8132.00146484
41648 8119.71435547
41708 8104.75048828
41743 8104.04003906
41778 8099.89550781
41838 8089.734375
41898 8075.56933594
41959 8065.33056641
42019 8055.68554688
42079 8051.11572266
42139 8039.12841797
42199 8024.86669922
42259 8008.83544922
42320 7999.40966797
42380 7991.73876953
42440 7983.16015625
42500 7976.10546875
42560 7964.49755859
42620 7958.53710938
42971 7915.65332031
43455 7869.84472656
43515 7868.41894531
43575 7860.35351562
43635 7856.26220703
43696 7840.7734375
43756 7818.09619141
43816 7804.43017578
43876 7793.33398438
43936 7778.99609375
43996 7767.04785156
44056 7760.1484375
44297 8336.29394531
44357 8330.50292969
44417 8317.47070312
44477 8307.25097656
44537 8291.66113281
44598 8281.28710938
44658 8265.49316406
44718 8252.38476562
44778 8242.29980469
44838 8228.72851562
44898 8218.13671875
44958 8202.78320312
45018 8191.75830078
45079 8181.01318359
45139 8160.95019531
45199 8151.83496094
45259 8139.11181641
45319 8125.32275391
45379 8111.03320312
45439 8103.25341797
45499 8091.48388672
45560 8079.44628906
45620 8068.91113281
45680 8053.48925781
45740 8043.17480469
45800 8031.7265625
45860 8022.25048828
45920 8008.50927734
46149 8388.26464844
46198 8385.22851562
46258 8372.29003906
46318 8358.51757812
46378 8347.98144531
46438 8333.80957031
46499 8319.99511719
46559 8302.69433594
46619 8282.50195312
46679 8264.69238281
46739 8251.1015625
46799 8244.71777344
46859 8230.30957031
46920 8217.54980469
46980 8196.33007812
47040 8183.56152344
47100 8167.26123047
47160 8160.67919922
47220 8145.93505859
47280 8132.42675781
47340 8114.80371094
47401 8098.41894531
47461 8089.24072266
47521 8074.61376953
47581 8055.31152344
47641 8043.81542969
47701 8028.53662109
47761 8020.46582031
47821 8010.03515625
47882 8003.09228516
47942 7984.42773438
48002 7976.45507812
48062 7960.85302734
48108 7953.98535156
48155 7939.47900391
48215 7921.86181641
48275 7909.87451172
48335 7891.54199219
48395 7884.47314453
48455 7877.32177734
48516 7868.51806641
48576 7852.67871094
48636 7840.19482422
48696 7826.91748047
48756 7813.92871094
48816 7800.48925781
