0 20321.1933594
387 19880.6855469
567 19649.5429688
628 19602.4453125
745 19470.0136719
1042 19209.265625
1876 18539.1933594
1930 18503.0117188
2044 18390.8476562
2105 18345.3691406
2165 18294.6230469
2225 18244.2910156
2345 18144.1972656
2466 18040.5234375
2526 18032.6328125
2586 18013.4375
2646 17965.78125
2706 17909.859375
2750 17895.9785156
2794 17878.8632812
2855 17841.3046875
2915 17818.3496094
2975 17777.7226562
3035 17754.7480469
3095 17709.1757812
3212 17590.5527344
3333 17501.0449219
3633 17272.078125
4055 16861.0097656
4175 16726.953125
4235 16713.5039062
4295 16712.9101562
4355 16688.625
4415 16641.0175781
4476 16600.0566406
4596 16469.296875
4656 16442.1816406
4699 16391.5625
4742 16383.0322266
4802 16361.3769531
5022 16126.8769531
5143 16112.5996094
5203 16101.2226562
5263 16097.6894531
5624 17300.171875
5670 17263.9472656
5716 17234.8554688
5776 17215.0195312
6135 17657.8222656
6195 17630.6191406
6255 17599.9726562
6290 17575.7382812
6326 17562.5371094
6386 17532.8242188
6446 17514.78125
6506 17469.2265625
6566 17436.0273438
6626 17416.0957031
6686 17375.9980469
6746 17354.5527344
6807 17310.2226562
6867 17288.109375
6927 17261.8769531
6987 17217.4179688
7047 17207.1621094
7107 17165.0996094
7167 17136.0839844
7227 17114.96875
7288 17090.0546875
7348 17053.921875
7408 17012.2050781
7468 16977.3710938
7523 16939.7363281
7576 16917.0820312
7633 16884.7519531
7693 16842.3203125
7754 16814.5664062
7868 16815.9707031
7922 16780.9570312
7982 16753.9277344
8042 16717.8164062
8102 16685.3007812
8163 16648.5722656
8223 16619.7421875
8283 16587.7480469
8343 16555.5800781
8378 16543.0996094
8413 16522.2421875
8474 16491.8242188
8534 16474.4707031
8594 16441.6210938
8654 16402.9707031
8714 16376.1650391
8749 16357.0917969
8785 16343.8310547
8845 16312.4697266
8905 16292.6767578
8965 16249.765625
9025 16218.7226562
9085 16173.0419922
9120 16165.5898438
9156 16149.5283203
9216 16121.5292969
9276 16112.0371094
9336 16062.3935547
9457 16074.84375
9517 16037.2451172
9577 16033.8066406
9637 15996.2177734
9697 15970.7041016
9757 15935.5830078
9817 15906.1464844
9877 15871.4697266
9938 15843.5927734
9998 15814.0976562
10058 15781.3867188
10118 15755.5615234
10178 15726.1787109
10508 15777.6943359
10568 15750.3867188
10628 15714.8613281
10689 15688.84375
10749 15675.3935547
10809 15650.4335938
10869 15620.5996094
10929 15592.8476562
10989 15571.1835938
11049 15542.6484375
11170 15539.7744141
11230 15510.9970703
11290 15489.6289062
11350 15469.6113281
11410 15443.9873047
11470 15424.9853516
11530 15393.4628906
11590 15362.6289062
11650 15341.0351562
11711 15315.5957031
11746 15303.3417969
11781 15284.3759766
11841 15254.9042969
11902 15236.7509766
11962 15212.2226562
12022 15182.859375
12082 15165.0146484
12142 15133.9873047
12202 15117.2763672
12262 15093.0097656
12322 15060.3798828
12383 15039.4785156
12443 15021.3535156
12503 14994.3623047
12563 14966.2363281
12623 14941.3994141
12683 14923.3203125
12803 14914.1679688
12864 14889.2197266
12924 14870.4970703
12984 14848.1132812
13044 14820.1796875
13099 14801.9814453
13146 14780.7431641
13200 14750.4462891
13260 14736.4609375
13320 14706.9111328
13381 14685.3544922
13441 14659.4736328
13501 14647.2382812
13561 14620.6396484
13621 14591.1777344
13681 14574.6787109
13741 14540.5869141
13801 14527.9277344
13861 14509.3876953
13922 14477.0800781
13982 14465.5839844
14042 14440.4521484
14102 14415.5859375
14162 14393.8847656
14222 14364.7001953
14282 14335.5390625
14703 14258.0927734
14764 14236.4433594
14824 14210.9873047
14884 14199.2773438
14944 14174.9541016
15004 14151.984375
15064 14124.5458984
15099 14103.1123047
15135 14092.5546875
15195 14072.0976562
15255 14050.8378906
15315 14021.84375
15375 13997.7460938
15435 13975.6503906
15496 13953.3632812
15556 13920.0488281
15616 13902.5585938
15676 13889.2695312
15736 13865.1640625
15796 13838.0253906
15856 13822.6865234
15977 13818.2021484
16037 13804.6777344
16097 13787.7236328
16157 13774.4433594
16217 13747.25
16277 13723.9667969
16337 13700.0537109
16397 13669.0654297
16458 13646.2763672
16518 13630.7890625
16553 13618.1337891
16564 13610.9072266
16599 13600.6533203
16659 13572.2929688
16720 13549.3779297
16780 13530.4326172
16840 13510.15625
16900 13487.5722656
16957 13465.2841797
17015 13449.9677734
17075 13433.2421875
17135 13404.0751953
17195 13386.7763672
17255 13365.5888672
17301 13348.4677734
17395 13368.28125
17455 13350.9199219
17515 13331.1777344
17575 13309.4941406
17636 13288.4335938
17696 13262.1054688
17756 13243.2080078
17816 13225.578125
17876 13209.0810547
17936 13181.9541016
17996 13162.8232422
18056 13137.4667969
18116 13112.3203125
18177 13092.1113281
18237 13075.7314453
18291 13054.8261719
18346 13039.1904297
18407 13015.5292969
18465 12994.0566406
18506 12972.1132812
18549 12963.6933594
18609 12942.9794922
18669 12918.3291016
18729 12899.5830078
18849 12909.7109375
18910 12887.4541016
18970 12873.4052734
19030 12851.8925781
19090 12827.1962891
19150 12804.1337891
19210 12787.8818359
19270 12765.6337891
19330 12747.3037109
19391 12725.5263672
19451 12705.0849609
19511 12689.0683594
19571 12659.7978516
19631 12647.1542969
19691 12631.9453125
19735 12613.3212891
19778 12597.6494141
19838 12573.7246094
19899 12559.046875
19959 12541.5009766
20019 12524.9736328
20079 12506.0029297
20139 12489.2265625
20199 12471.1875
20319 12483.7617188
20380 12462.8603516
20440 12437.5
20500 12417.7451172
20560 12397.7832031
20620 12378.6103516
20680 12363.6845703
20740 12341.2597656
20801 12320.9238281
20836 12308.7128906
20872 12300.8134766
20933 12288.7675781
20993 12270.9355469
21053 12248.9150391
21113 12225.6181641
21173 12208.9951172
21233 12191.6396484
21294 12170.2177734
21354 12156.3388672
21474 12163.9589844
21534 12140.8623047
21594 12124.4287109
21654 12106.7041016
21714 12092.109375
21774 12076.3486328
21835 12054.0019531
21895 12027.9658203
21955 12005.6376953
22015 11995.8808594
22075 11982.1035156
22135 11965.4501953
22196 11947.8916016
22496 11863.5
22557 11843.2167969
22617 11824.9101562
22677 11798.3388672
22737 11777.3808594
22797 11761.5390625
22857 11743.1757812
22917 11728.4365234
22978 11715.3779297
23038 11699.4589844
23092 11683.8193359
23146 11667.5126953
23267 11663.0742188
23327 11649.7773438
23387 11631.7597656
23447 11614.3007812
23507 11600.4414062
23567 11581.6201172
23627 11567.2382812
23748 11569.5166016
23808 11549.6376953
23868 11532.7724609
23928 11514.375
23988 11501.3701172
24048 11481.3447266
24108 11465.4326172
24169 11442.5517578
24229 11429.6025391
24289 11408.78125
24349 11388.5224609
24409 11373.8808594
24469 11357.5126953
24529 11341.7548828
24590 11320.6240234
24650 11310.3720703
24710 11285.0712891
24770 11269.890625
24808 11258.8271484
24907 11258.2558594
24967 11250.0302734
25028 11233.3457031
25088 11216.2871094
25148 11202.8291016
25208 11190.0976562
25248 11177.3300781
25278 11167.4980469
25329 11155.0136719
25389 11136.0908203
25449 11113.9716797
25509 11100.5693359
25569 11077.5957031
25629 11062.2236328
25690 11048.7089844
25750 11037.2265625
25810 11019.2558594
25870 11008.5546875
25930 10988.921875
25990 10975.5351562
26110 10979.9384766
26170 10960.6113281
26231 10948.8740234
26291 10931.5371094
26351 10911.3808594
26411 10888.6552734
26471 10874.6376953
26531 10856.7060547
26591 10843.3515625
26650 10826.7470703
26709 10811.9130859
26769 10797.6787109
26830 10776.6982422
26890 10757.2568359
26950 10741.9189453
27010 10724.1396484
27070 10705.6425781
27130 10689.5068359
27191 10670.6347656
27311 10677.8212891
27371 10644.2050781
27431 10637.2705078
27491 10629.5722656
27551 10620.0087891
27611 10604.8154297
27671 10586.3310547
27732 10573.6191406
27792 10554.515625
27852 10539.0341797
27912 10521.0625
27972 10504.7695312
28032 10487.4423828
28093 10468.0517578
28153 10449.1269531
28213 10434.1435547
28273 10412.1220703
28333 10397.2080078
28393 10379.5830078
28513 10380.4208984
28574 10378.1455078
28634 10358.5742188
28694 10334.4619141
28754 10302.5371094
28814 10287.0556641
28874 10279.2734375
28934 10264.6611328
28994 10253.6416016
29054 10241.5761719
29115 10229.0253906
29175 10214.1416016
29235 10207.0
29295 10174.9746094
29356 10162.7792969
29416 10145.0302734
29777 10119.1728516
29837 10115.4287109
29897 10098.8125
29957 10087.7167969
30017 10070.7148438
30077 10053.5830078
30138 10037.9287109
30198 10015.2734375
30258 10007.3818359
30303 9991.04589844
30348 9977.125
30408 9961.99511719
30468 9951.80273438
30529 9940.44238281
30589 9923.86328125
30649 9909.5546875
30709 9890.45898438
30769 9872.375
30830 9857.15527344
30890 9848.55273438
30950 9835.33691406
31070 9827.92773438
31131 9825.05175781
31191 9812.49414062
31226 9803.25683594
31261 9798.38867188
31322 9783.75976562
31382 9768.45703125
31442 9757.1015625
31502 9734.29980469
31562 9726.16894531
31622 9708.49902344
31682 9696.31152344
31743 9684.09277344
31803 9672.44726562
31863 9659.77148438
31923 9647.81152344
31983 9633.71289062
32044 9620.33398438
32104 9606.97949219
32164 9591.33789062
32224 9582.82519531
32344 9568.62890625
32404 9566.56445312
32450 9553.23535156
32496 9538.99414062
32556 9524.28125
32616 9515.65136719
32676 9500.69433594
32736 9490.49804688
32796 9475.68847656
32832 9469.80859375
32867 9459.26269531
32927 9440.359375
32987 9431.78222656
33047 9415.14648438
33108 9397.18652344
33168 9387.43847656
33228 9376.90136719
33288 9364.13964844
33348 9348.24511719
33408 9334.60351562
33468 9322.15722656
33528 9310.21484375
33589 9298.54492188
33649 9284.81054688
33709 9274.96972656
33769 9255.83105469
33829 9244.54394531
33889 9231.79296875
33949 9213.85253906
34010 9203.48535156
34070 9192.36816406
34130 9178.60449219
34190 9162.95214844
34250 9149.84667969
34310 9133.8046875
34370 9118.40625
34431 9108.69726562
34491 9095.59765625
34551 9083.73242188
34611 9069.19726562
34671 9052.86328125
34731 9036.71289062
34791 9026.64355469
34852 9016.96484375
34912 9000.34863281
34959 8989.24902344
35006 8979.66210938
35067 8963.75390625
35127 8954.34863281
35187 8944.79199219
35247 8931.55371094
35307 8921.36816406
35367 8907.25
35427 8891.02832031
35488 8876.02636719
35548 8865.59667969
35608 8854.39160156
35668 8840.5234375
35728 8825.97167969
35788 8816.12109375
35848 8804.69921875
35909 8784.92675781
35969 8774.29394531
36029 8760.71875
36089 8747.33007812
36149 8737.00585938
36209 8723.36425781
36269 8713.12304688
36330 8699.01464844
36390 8690.37597656
36450 8675.93164062
36510 8664.61816406
36568 8656.52441406
36625 8643.25195312
36686 8628.24804688
36746 8615.99511719
36806 8608.63574219
36866 8593.00292969
36926 8577.89550781
36986 8566.87109375
37046 8557.28417969
37106 8548.42578125
37167 8534.05859375
37227 8526.61816406
37287 8515.48535156
37347 8501.3515625
37407 8483.34960938
37442 8470.59960938
37478 8464.70605469
37538 8451.79394531
37598 8437.8984375
37658 8425.42382812
37718 8419.91210938
37779 8409.32714844
37839 8398.6328125
37899 8384.18847656
37959 8369.15527344
38019 8361.09570312
38079 8346.07128906
38139 8337.1953125
38200 8331.140625
38260 8315.8046875
38320 8304.49804688
38380 8295.05761719
38440 8284.89453125
38500 8269.49902344
38560 8261.10351562
38621 8247.45800781
38681 8233.56152344
38741 8222.70898438
38801 8212.2109375
38855 8200.07226562
38910 8193.46582031
38970 8180.359375
39270 8145.14160156
39331 8134.64746094
39391 8121.97167969
39445 8109.47558594
39499 8099.49707031
39559 8092.70458984
39619 8080.93066406
39679 8067.83154297
39739 8057.17236328
39799 8048.07128906
39859 8039.41210938
39920 8027.43798828
39980 8012.50830078
40040 7999.46582031
40089 7991.94580078
40139 7984.55029297
40199 7975.12548828
40259 7962.29833984
40320 7952.97314453
40380 7942.07373047
40440 7929.02978516
40500 7918.12451172
40560 7905.28564453
40620 7894.23681641
40680 7886.68310547
40740 7872.63867188
40800 7858.23339844
40861 7853.19091797
40921 7844.40625
40981 7834.35644531
41041 7821.23828125
41101 7812.85644531
41161 7799.15673828
41221 7787.12988281
41281 7776.06542969
41342 7765.82373047
41402 7756.99853516
41462 7746.94384766
41522 7736.36914062
41582 7725.99707031
41642 7714.171875
41702 7703.01757812
41762 7690.97021484
41823 7677.14697266
41883 7666.609375
41943 7656.82275391
42003 7650.12597656
42063 7638.96826172
42123 7634.62695312
42183 7622.76660156
42244 7613.80175781
42304 7603.44433594
42364 7591.66113281
42424 7584.83984375
42484 7572.59179688
42544 7560.70751953
42604 7549.45703125
42665 7538.07666016
42725 7529.90917969
42785 7517.81054688
42845 7502.04931641
42896 7498.72949219
42946 7488.17382812
43006 7474.73291016
43067 7462.70996094
43127 7451.16748047
43162 7450.23632812
43197 7447.71630859
43257 7442.18798828
43317 7435.97949219
44009 7348.02783203
44069 7334.59130859
44189 7326.64306641
44249 7315.04882812
44310 7294.20996094
44370 7282.82421875
44430 7275.75976562
44490 7265.95605469
44550 7260.36181641
44610 7251.15966797
44670 7242.83398438
44730 7237.38623047
44791 7222.7421875
44851 7214.48730469
45091 7737.47412109
45151 7725.00341797
45212 7712.92431641
45272 7704.12988281
45332 7693.29003906
45392 7675.64306641
45452 7665.87890625
45512 7654.71923828
45573 7645.328125
45633 7625.68261719
45693 7604.32763672
45753 7599.73925781
45813 7595.53857422
45873 7577.04101562
45934 7554.25634766
45994 7547.95800781
46054 7540.07275391
46114 7528.99072266
46174 7516.52978516
46234 7500.72314453
46294 7491.04589844
46354 7490.38476562
46415 7473.5546875
46475 7454.95849609
46535 7442.42578125
46595 7434.06591797
46632 7428.01416016
46670 7423.87841797
46730 7409.76123047
46790 7400.42773438
46851 7392.44726562
47151 7727.94335938
47211 7712.87158203
47332 7700.25
47392 7680.34619141
47452 7657.84033203
47512 7642.68603516
47572 7628.6015625
47632 7616.31201172
47693 7606.37353516
47753 7595.35351562
47813 7580.47753906
47873 7553.99023438
47933 7532.41894531
47993 7517.99169922
48054 7504.26806641
48114 7496.03173828
48174 7488.65722656
48234 7487.81005859
