0 18823.921875
38 18792.9628906
262 18606.3710938
641 18350.8398438
701 18349.3554688
806 18297.2675781
837 18278.9355469
1624 17690.1835938
1744 17621.1757812
1935 17473.6835938
2211 17262.3535156
2246 17245.3828125
2307 17229.9570312
2367 17199.1796875
2547 17050.2304688
2607 17026.6757812
2667 17017.4199219
2727 17007.59375
2763 16999.8398438
2799 16973.9335938
3220 16679.3515625
3429 16513.0019531
3489 16487.7949219
3670 16386.1699219
3790 16315.5322266
3910 16269.6728516
4086 16128.0332031
4141 16127.4472656
4201 16108.8740234
4262 16088.2617188
4442 15978.8496094
4502 15953.2607422
4863 16466.78125
4923 16436.0761719
4983 16408.7539062
5023 16392.6875
5062 16369.0410156
5122 16346.0292969
5182 16315.8955078
5242 16286.7021484
5399 16196.1044922
5428 16195.3925781
5479 16170.7929688
5539 16155.9355469
5599 16128.8867188
5707 16079.5751953
5745 16064.8701172
5865 16012.8095703
5901 16001.7548828
5923 15983.1640625
5962 15955.625
6013 15938.8496094
6062 15912.7636719
6110 15892.2158203
6170 15862.7988281
6205 15845.5908203
6225 15840.4755859
6261 15823.8085938
6313 15801.7998047
6373 15781.3203125
6433 15751.78125
6493 15724.2617188
6613 15676.6542969
6654 15654.9140625
6673 15651.3359375
6712 15635.9833984
6832 15583.2539062
6892 15561.6591797
6952 15532.3447266
7013 15501.4589844
7071 15470.8447266
7180 15403.2744141
7301 15380.2431641
7361 15355.8203125
7421 15333.3535156
7481 15314.9609375
7541 15289.0488281
7601 15274.9902344
7661 15251.8925781
7721 15228.5878906
7762 15209.2822266
7803 15194.9921875
7863 15171.1435547
7923 15152.2783203
7983 15129.96875
8104 15085.5195312
8164 15066.6367188
8224 15042.1582031
8284 15020.5078125
8344 14995.5185547
8464 14945.4160156
8524 14922.8574219
8584 14896.6171875
8645 14879.4863281
8705 14855.9648438
8765 14829.3701172
8825 14804.1845703
9102 14705.6826172
9138 14687.2519531
9198 14661.0771484
9705 15140.4404297
9737 15116.2841797
9793 15106.2519531
9853 15092.8339844
9914 15077.21875
9974 15054.0273438
10034 15035.1279297
10094 15004.1884766
10214 14940.2519531
10275 14911.1767578
10335 14888.3007812
10395 14865.78125
10544 14816.7451172
10604 14788.21875
10643 14765.3408203
10743 14764.5107422
10803 14750.5615234
10863 14721.8720703
11044 14621.2578125
11104 14619.7060547
11164 14591.5273438
11218 14566.2607422
11272 14548.3164062
11332 14525.0234375
11392 14504.8398438
11452 14484.4873047
11548 14457.1025391
11560 14447.1396484
11597 14432.9277344
11654 14414.3759766
11698 14385.6660156
11736 14373.4257812
11787 14359.3935547
11847 14334.5253906
11907 14316.4101562
11968 14285.6347656
12023 14260.4980469
12079 14239.7509766
12510 14023.3027344
12571 14006.5585938
12691 13946.7539062
12751 13919.1083984
12931 13823.6054688
13052 13800.2910156
13097 13769.3525391
13142 13762.0390625
13199 13738.6201172
13256 13718.4619141
13316 13689.2441406
13376 13661.8740234
13436 13638.3710938
13496 13637.8632812
13737 13565.2900391
13797 13549.9863281
13910 13493.1376953
13963 13468.171875
14023 13443.5400391
14083 13421.7275391
14144 13398.6552734
14204 13373.6171875
14264 13346.2958984
14324 13342.2011719
14384 13321.4042969
14444 13300.2558594
14504 13272.6904297
14550 13263.4716797
14597 13239.7744141
14657 13218.4248047
14717 13193.2109375
14777 13176.953125
14837 13147.7988281
14897 13120.0009766
14957 13108.2285156
15078 13053.796875
15198 13043.9990234
15258 13023.6503906
15438 12941.1640625
15619 12893.0996094
15679 12865.1630859
15739 12841.0527344
15799 12827.5976562
15895 12767.2382812
15930 12752.1396484
15990 12735.6035156
16050 12722.1357422
16111 12709.7431641
16171 12697.6318359
16231 12679.6845703
16291 12661.2529297
16351 12640.5566406
16411 12621.0664062
16471 12597.3242188
16592 12580.3251953
16652 12560.7011719
16712 12549.3476562
16772 12529.0214844
16832 12521.3515625
16892 12507.6630859
16952 12498.4746094
17013 12485.0742188
17133 12488.234375
17253 12434.9716797
17313 12413.2529297
17373 12398.25
17433 12385.5136719
17566 12320.7753906
17626 12301.5214844
17757 12303.3837891
17817 12293.5029297
17877 12288.4345703
17937 12274.2958984
17997 12255.6572266
18117 12258.2392578
18177 12231.3701172
18298 12166.1289062
18358 12147.6962891
18418 12132.0537109
18478 12110.1865234
18658 12052.7070312
18719 12036.4150391
18779 12016.1894531
18839 12005.3554688
18899 11990.1484375
18959 11959.9824219
19019 11946.6201172
19079 11931.9277344
19199 11918.6132812
19260 11911.0205078
19320 11892.2626953
19380 11877.6464844
19440 11859.5458984
19560 11797.3173828
19608 11791.9023438
19716 11799.0498047
19776 11780.1005859
19836 11759.6386719
19896 11741.0
19956 11716.7773438
20016 11688.6025391
20137 11632.1191406
20317 11658.3662109
20355 11642.6601562
20393 11638.7080078
20453 11622.5966797
20513 11601.3720703
20573 11590.0996094
20814 11427.3701172
20934 11371.9277344
20994 11352.5966797
21037 11332.9599609
21080 11310.9794922
21140 11288.2607422
21260 11227.9873047
21501 11245.5556641
21561 11233.7490234
21621 11217.2822266
21681 11203.9755859
21741 11182.0507812
21862 11163.7314453
21922 11134.8349609
21982 11120.5429688
22042 11097.7324219
22102 11080.1142578
22162 11059.5585938
22222 11055.7089844
22283 11035.1386719
22343 11023.4648438
22463 10958.28125
22523 10945.7695312
22643 10965.0878906
22805 10919.7880859
22847 10898.5097656
22908 10883.2568359
23028 10864.2285156
23088 10836.5917969
23148 10819.8613281
23208 10807.4072266
23328 10781.8642578
23388 10759.3447266
23449 10744.0380859
23509 10722.8828125
23569 10704.7226562
23629 10691.4882812
23689 10668.5488281
23749 10654.1445312
23809 10648.9541016
23869 10641.7998047
23990 10593.1123047
24050 10574.5507812
24110 10568.3867188
24170 10556.0986328
24230 10542.1904297
24290 10522.984375
24350 10507.7773438
24410 10487.1416016
24471 10468.9335938
24531 10458.0761719
24591 10448.1142578
24641 10433.4658203
24691 10423.2841797
24752 10413.7226562
24812 10392.2294922
24872 10382.4824219
25052 10349.3398438
25113 10334.8876953
25173 10307.1708984
25293 10305.0537109
25354 10281.7558594
25414 10262.7783203
25475 10247.6611328
25535 10233.7314453
25595 10223.0839844
25655 10207.2832031
25715 10193.7783203
25775 10176.1386719
25835 10156.9492188
25895 10139.3378906
25956 10128.0742188
26016 10110.5771484
26076 10083.0996094
26136 10056.6035156
26316 10084.3330078
26376 10067.3662109
26436 10041.6962891
26497 10026.5996094
26557 10021.0693359
26617 10004.9521484
26677 9980.41992188
26737 9951.80664062
26797 9927.25195312
26857 9909.19726562
26893 9898.22265625
26928 9884.70410156
26988 9873.33789062
27048 9858.109375
27109 9841.35546875
27169 9827.77246094
27229 9811.89453125
27289 9795.46191406
27349 9779.79785156
27409 9770.921875
27529 9759.34375
27576 9757.73339844
27623 9732.49121094
27683 9720.0078125
27804 9711.72363281
27924 9704.56933594
27984 9685.40625
28224 9488.57714844
28285 9470.84179688
28405 9426.35644531
28462 9420.88183594
28519 9405.57226562
28580 9391.09277344
28640 9363.79199219
28880 9352.92285156
28940 9345.99414062
29000 9333.01269531
29061 9327.4296875
29150 9328.41699219
29210 9301.54980469
29270 9289.00195312
29330 9268.56542969
29390 9247.99316406
29450 9231.88183594
29511 9228.91210938
29571 9218.78710938
29631 9210.29980469
29691 9194.98730469
29811 9188.29980469
29932 9184.62207031
29992 9169.68066406
30052 9167.64550781
30172 9162.66503906
30292 9152.97949219
30352 9147.14550781
30412 9138.99804688
30473 9138.55175781
30533 9120.78515625
30593 9113.88378906
30893 9558.85449219
30954 9544.07714844
31014 9531.58105469
31074 9515.3828125
31134 9500.80273438
31194 9488.3046875
31254 9472.98535156
31314 9457.40429688
31375 9441.24511719
31435 9425.44238281
31495 9411.96679688
31555 9395.88085938
31615 9385.11523438
31675 9368.66796875
31735 9350.78808594
31795 9344.11230469
31856 9326.16113281
31916 9307.74316406
31976 9293.5390625
32036 9282.4296875
32096 9272.09570312
32156 9256.34667969
32216 9243.64160156
32256 9236.69726562
32296 9225.22949219
32357 9210.71875
32417 9194.59765625
32477 9182.13183594
32537 9170.54785156
32597 9158.51757812
32657 9144.20703125
32717 9134.95800781
32777 9125.83105469
32837 9109.96972656
32898 9095.63671875
32958 9082.62890625
33018 9068.57617188
33078 9056.82421875
33138 9042.92480469
33198 9034.04003906
33258 9014.6875
33318 9006.51074219
33378 8992.25976562
33439 8980.24511719
33499 8972.15429688
33559 8956.703125
33610 8944.40917969
33662 8931.203125
33722 8917.32421875
33782 8902.59375
33842 8889.33203125
33903 8876.51074219
33963 8860.8984375
34023 8852.43261719
34083 8844.12988281
34143 8828.6953125
34203 8810.93261719
34263 8799.30664062
34323 8784.64453125
34384 8772.30371094
34444 8758.02539062
34504 8746.02929688
34564 8734.20410156
34624 8714.33691406
34684 8701.65625
34744 8692.20800781
34804 8682.29589844
34865 8668.63671875
34925 8656.80273438
34985 8642.203125
35045 8631.4765625
35105 8620.37597656
35165 8603.26464844
35226 8592.14941406
35286 8576.87695312
35346 8565.04882812
35406 8550.6796875
35466 8540.05957031
35526 8529.40136719
35586 8521.91796875
35647 8510.48339844
35707 8491.94824219
35767 8485.28613281
35827 8473.90332031
35887 8463.11328125
35935 8450.39550781
35983 8442.70117188
36345 8370.59667969
36405 8358.84570312
36465 8348.75878906
36525 8338.14941406
36585 8326.87402344
37118 8853.25195312
37178 8838.02539062
37238 8824.02539062
37298 8811.31542969
37358 8798.25488281
37419 8782.6640625
37479 8767.31152344
37539 8755.03027344
37599 8740.1875
37659 8728.734375
37719 8714.65332031
37780 8700.04296875
37840 8684.55566406
37900 8669.49316406
37960 8652.15234375
38020 8641.71875
38055 8631.96875
38074 8627.38183594
38118 8613.33300781
38178 8595.4609375
38213 8582.31152344
38249 8576.05957031
38309 8570.546875
38369 8559.59960938
38429 8546.86230469
38489 8534.09765625
38550 8522.22753906
38610 8506.78808594
38670 8486.20507812
38730 8469.51855469
38770 8455.00292969
38810 8435.21777344
38870 8420.20507812
38930 8407.62304688
38990 8398.78808594
39050 8390.5390625
39111 8373.76171875
39171 8356.53320312
39231 8346.13183594
39291 8331.96777344
39351 8319.8828125
39411 8309.43652344
39464 8295.77148438
39517 8277.96972656
39577 8263.13183594
39637 8249.86816406
39698 8239.73730469
39758 8226.16015625
39818 8208.61328125
39878 8196.95117188
39938 8185.24609375
39998 8171.37792969
40058 8147.16210938
40119 8131.64111328
40179 8120.54443359
40239 8111.51269531
40299 8102.43457031
40359 8093.68359375
40419 8082.81640625
40480 8068.26904297
40540 8052.85205078
40600 8039.44775391
40660 8027.75292969
40720 8015.26855469
40780 8004.49804688
40840 7990.31982422
40901 7971.12890625
40961 7956.50146484
41021 7942.92578125
41081 7931.00097656
41126 7923.94921875
41172 7912.87988281
41232 7893.30761719
41292 7881.95849609
41353 7869.68945312
41413 7855.40673828
41473 7828.87695312
41593 7820.23974609
41653 7809.49755859
41713 7794.57519531
41773 7784.13574219
41815 7777.13623047
41857 7772.09228516
41917 7752.58105469
41977 7739.00830078
42037 7724.53271484
42097 7707.55712891
42157 7688.43945312
42217 7683.69628906
42338 7680.97265625
42398 7660.53027344
42458 7656.49658203
42518 7642.87255859
42578 7633.96972656
42639 7625.14697266
42699 7613.98486328
42759 7605.90673828
42819 7589.89550781
42879 7578.80859375
42939 7569.62988281
42999 7562.35546875
43060 7546.51953125
43120 7530.02783203
43180 7526.28710938
43240 7511.04785156
43300 7498.9609375
43360 7484.83398438
43420 7473.42871094
43525 7463.14355469
43569 7455.22509766
43870 7433.96923828
43930 7417.84130859
43990 7411.86767578
44051 7398.83105469
44592 7695.85302734
44652 7682.14697266
44712 7666.72070312
44772 7647.40283203
44833 7632.87304688
44893 7620.69580078
44953 7607.64892578
45013 7592.41894531
45073 7581.01855469
45133 7570.5390625
45193 7553.11376953
45253 7537.88476562
45314 7520.51806641
45374 7513.97900391
45434 7496.52978516
45494 7487.5078125
45554 7471.81298828
45614 7460.13867188
45674 7441.01416016
45735 7426.72900391
45795 7415.95947266
45855 7401.03515625
45915 7385.96386719
45975 7377.79052734
46035 7363.72998047
46095 7355.15722656
46155 7339.86816406
46216 7325.453125
46276 7306.59570312
46336 7297.28955078
46396 7287.47265625
46456 7276.13232422
46516 7266.70019531
46576 7255.40966797
46636 7246.05859375
46697 7232.40478516
47244 7161.23535156
47279 7153.44970703
47399 7141.81982422
47459 7123.75830078
47520 7105.97998047
47580 7096.82177734
47640 7084.11621094
47700 7072.07421875
47760 7064.10107422
47820 7052.6953125
47880 7043.63720703
47940 7033.60693359
48000 7021.81347656
48061 7011.45166016
48121 7000.59570312
48181 6983.37646484
48241 6976.43261719
48301 6968.83642578
48361 6959.20166016
48421 6947.66113281
48471 6943.51318359
48521 6934.54052734
48581 6920.92285156
48641 6914.47216797
48701 6901.65332031
48761 6890.82958984
48822 6879.63525391
48882 6867.62890625
48942 6856.97460938
49002 6851.34228516
49062 6842.50195312
49122 6836.52001953
49182 6826.34765625
49242 6815.92626953
49303 6797.48876953
49363 6784.26318359
49423 6770.57226562
49483 6758.29345703
49543 6743.44580078
49603 6730.58691406
49663 6718.64355469
49723 6709.52539062
49783 6694.60644531
49844 6687.06933594
49904 6677.87255859
49964 6668.53027344
50024 6658.63134766
50084 6647.83300781
50204 6645.39257812
50265 6636.55175781
50325 6625.125
50385 6615.46972656
