0 7132.64355469
60 7109.72412109
120 7091.52978516
180 7044.08251953
228 6997.18554688
258 6977.22851562
301 6967.01123047
421 6962.88671875
481 6938.70166016
541 6933.65234375
576 6929.22558594
639 6930.20166016
692 6926.25732422
737 6921.61962891
783 6919.83935547
843 6909.24072266
903 6900.51269531
963 6887.58203125
1024 6877.33349609
1084 6854.75927734
1534 6711.07861328
1595 6661.31152344
1715 6597.72509766
1775 6587.21826172
1835 6566.12060547
1895 6559.62792969
1955 6546.14208984
2015 6524.81347656
2076 6509.60449219
2136 6495.65869141
2196 6485.90039062
2256 6471.28271484
2316 6466.46875
2436 6457.34960938
2490 6442.54492188
2585 6417.66308594
2646 6413.140625
2706 6404.26513672
2766 6402.0390625
2826 6394.55957031
2886 6387.80517578
2947 6375.35205078
3007 6360.80761719
3067 6353.02441406
3127 6341.88378906
3187 6329.02490234
3247 6320.53613281
3307 6303.47216797
3367 6294.91064453
3428 6283.48974609
3488 6273.87695312
3548 6264.75097656
3608 6255.67724609
3668 6246.59472656
3728 6236.46728516
3788 6232.99902344
3848 6212.94042969
3909 6198.49609375
3969 6188.11914062
4029 6179.33251953
4089 6171.12695312
4149 6158.96337891
4209 6145.72412109
4269 6133.88671875
4322 6123.28173828
4375 6120.52685547
4435 6114.14697266
4495 6108.17626953
4556 6098.17138672
4616 6087.17773438
4676 6076.82177734
4796 6068.59570312
4854 6059.95654297
4913 6046.38134766
4973 6034.23632812
5033 6024.95019531
5093 6016.46582031
5153 6007.54150391
5213 5999.60791016
5273 5975.71044922
5364 5961.82128906
5407 5960.36425781
5467 5952.24707031
5527 5949.41992188
5587 5939.61083984
5647 5932.52783203
5708 5927.29443359
5768 5919.45068359
5828 5900.96875
5888 5888.94824219
5948 5880.01660156
6008 5872.26171875
6068 5865.27294922
6129 5848.14599609
6189 5833.99560547
6249 5823.70947266
6309 5808.77490234
6369 5798.36035156
6429 5797.68261719
6489 5793.04589844
6550 5788.20556641
6610 5778.77587891
6670 5770.60644531
6730 5755.55517578
6790 5735.33447266
6850 5718.84570312
6910 5706.84814453
6971 5703.44921875
7031 5683.8203125
7091 5670.08300781
7151 5656.09130859
7211 5647.27001953
7271 5632.20849609
7331 5623.16552734
7391 5611.86376953
7452 5572.23242188
7709 5766.01171875
7769 5758.29638672
7829 5748.08398438
7889 5739.54003906
7932 5734.94335938
7976 5728.11279297
8036 5719.09814453
8096 5711.20605469
8131 5705.30322266
8166 5700.54443359
8227 5691.15722656
8287 5677.375
8347 5673.55712891
8407 5663.00292969
8467 5655.43212891
8527 5646.44287109
8587 5638.140625
8647 5629.43164062
8708 5618.94384766
8768 5613.83300781
8828 5606.38964844
8888 5596.55175781
8948 5587.65771484
9008 5579.32080078
9068 5569.36425781
9128 5558.39453125
9189 5549.27099609
9249 5540.74902344
9309 5534.05859375
9369 5525.91601562
9429 5518.11132812
9489 5510.34082031
9549 5504.73388672
9593 5500.80273438
9622 5498.98925781
9669 5490.33789062
9729 5483.42578125
9766 5480.14648438
9802 5474.12841797
9863 5466.82714844
9923 5458.65087891
9983 5448.12792969
10043 5438.32958984
10103 5433.17822266
10163 5422.13867188
10223 5416.10498047
10283 5409.87841797
10344 5402.25537109
10404 5393.52636719
10464 5387.68945312
10524 5381.35400391
10584 5372.45068359
10644 5365.61328125
10704 5356.26757812
10765 5351.86621094
10825 5345.35351562
10885 5337.58544922
10945 5330.03808594
11005 5323.55859375
11065 5314.43017578
11125 5305.63769531
11186 5298.38134766
11246 5289.74755859
11306 5285.2734375
11366 5277.50195312
11426 5268.63916016
11486 5261.12451172
11547 5255.88867188
11607 5248.19726562
11667 5238.46044922
11727 5231.85302734
11787 5226.51074219
11847 5218.98095703
11907 5211.39355469
11968 5206.61376953
12028 5200.59619141
12088 5193.05419922
12148 5185.40136719
12208 5177.73242188
12268 5170.328125
12328 5163.46679688
12389 5158.24462891
12449 5147.35498047
12509 5144.90625
12569 5143.36132812
12629 5137.33154297
12689 5130.89355469
12749 5126.29394531
12809 5117.015625
12870 5111.02392578
12911 5105.00195312
12951 5098.03564453
13010 5092.44287109
13070 5087.32763672
13130 5080.91992188
13190 5074.38134766
13250 5067.77294922
13310 5063.64257812
13371 5058.25341797
13431 5048.75585938
13491 5041.80566406
13551 5035.26367188
13611 5028.81982422
13671 5022.69091797
13720 5016.47851562
13759 5012.62402344
13810 5011.40039062
13871 5004.69921875
13931 4994.76220703
13991 4988.12548828
14051 4983.43554688
14111 4974.37109375
14171 4968.79980469
14231 4961.54980469
14276 4954.65576172
14321 4951.36328125
14382 4944.08837891
14417 4941.24804688
14452 4940.11669922
14512 4932.56445312
14573 4925.88818359
14633 4921.83886719
14693 4914.80273438
14753 4909.09570312
14813 4903.02539062
14873 4895.06640625
14933 4888.75244141
14974 4884.42529297
15015 4880.39697266
15075 4875.4140625
15135 4865.28125
15180 4856.22753906
15211 4854.06933594
15257 4852.82324219
15317 4848.53076172
15362 4844.02978516
15393 4840.80810547
15439 4836.23632812
15499 4831.09863281
15559 4825.515625
15619 4821.74462891
16038 4814.04345703
16109 4811.72802734
16169 4807.82861328
16289 4803.26904297
16345 4788.41943359
16401 4775.71337891
16461 4765.515625
16521 4761.06201172
