0 17341.8769531
61 17323.0332031
422 17097.5507812
1269 16449.6152344
1494 16255.4355469
2223 16198.0820312
2343 16139.4345703
2584 16003.2597656
2885 15827.2763672
3005 15759.5390625
3125 15705.453125
3185 15676.5175781
3246 15650.6289062
3426 15556.859375
3486 15527.6748047
3546 15498.9697266
3727 15402.5234375
3947 15571.8720703
3987 15553.7597656
4167 15456.8525391
4287 15399.8076172
4468 15300.4775391
4588 15240.0253906
4646 15217.2773438
4705 15191.6640625
4825 15128.8916016
4940 15074.5664062
4970 15058.5185547
5005 15033.9287109
5065 15005.4570312
5125 14977.4697266
5185 14948.9521484
5245 14918.7685547
5306 14891.8837891
5426 14827.2021484
5486 14808.9423828
5606 14748.78125
5666 14718.4873047
5727 14690.8330078
5787 14659.7587891
5841 14631.4912109
5895 14608.7841797
6136 14739.2226562
6196 14716.1054688
6677 14692.9443359
6905 14543.5410156
7026 14482.5253906
7086 14455.9003906
7146 14430.5712891
7316 14326.1123047
7366 14309.1660156
7557 14212.7285156
7617 14193.0292969
7677 14172.0595703
7737 14154.0488281
7797 14130.1357422
7857 14110.7333984
7918 14079.5253906
7978 14065.5078125
8158 14020.9052734
8279 13956.4414062
8339 13933.8466797
8399 13911.9189453
8459 13893.421875
8519 13865.7363281
8579 13843.8583984
8633 13821.1650391
8686 13792.1777344
8746 13775.7949219
8806 13751.7226562
8866 13726.2216797
8926 13698.1708984
8986 13671.0048828
9047 13646.0068359
9107 13616.3027344
9202 13568.9785156
9237 13556.7587891
9298 13527.8222656
9358 13505.2851562
9478 13456.1875
9538 13436.6875
9598 13415.9960938
9659 13386.3974609
9839 13352.8896484
9886 13333.2460938
9933 13313.2353516
9994 13301.3398438
10054 13276.203125
10114 13251.5839844
10174 13221.8544922
10234 13192.6035156
10354 13121.9804688
10415 13100.7314453
10475 13080.2636719
10535 13064.4814453
10595 13036.0488281
10655 13012.6552734
10715 12982.1669922
10775 12976.9912109
10836 12951.3671875
10956 12905.7001953
11016 12879.5019531
11076 12855.8134766
11117 12836.1269531
11218 12822.8916016
11278 12798.7119141
11398 12746.8886719
11458 12726.4697266
11518 12699.3652344
11578 12680.921875
11638 12652.2060547
11699 12626.9863281
11759 12624.171875
11819 12595.5458984
11879 12573.4599609
11939 12548.5761719
11999 12521.7402344
12180 12421.4150391
12240 12418.7861328
12300 12404.6503906
12361 12392.0703125
12421 12371.9042969
12481 12345.9873047
12541 12323.4091797
12601 12318.5146484
12661 12316.3789062
12782 12258.9257812
12820 12240.8095703
12858 12221.5322266
12918 12191.2958984
12979 12169.7431641
13039 12144.9492188
13099 12118.5996094
13159 12109.3789062
13219 12089.9169922
13279 12062.4648438
13339 12045.1679688
13400 12036.5566406
13460 12017.0478516
13580 11961.4560547
13640 11933.6162109
13700 11917.0361328
13926 11823.0380859
13987 11802.4892578
14189 11781.2207031
14249 11758.0507812
14309 11746.7451172
14369 11718.2451172
14429 11690.3388672
14489 11672.6552734
14550 11652.7988281
14659 11634.0810547
14708 11602.7626953
14828 11549.2236328
14889 11547.8828125
14949 11534.6582031
15009 11526.4589844
15069 11507.5390625
15310 11423.046875
15370 11406.8701172
15430 11405.3613281
15490 11389.8701172
15550 11380.7509766
15610 11366.2099609
15670 11361.34375
15717 11347.5957031
15764 11330.1005859
15884 11245.6679688
15944 11227.4560547
16005 11204.4794922
16125 11151.4306641
16185 11137.2480469
16305 11133.1083984
16365 11103.6757812
16425 11093.3867188
16546 11046.2646484
16666 11037.2480469
16726 11027.1074219
16786 11016.6337891
16846 11005.5888672
16907 10992.8066406
16967 10966.3144531
17027 10952.7636719
17087 10931.4316406
17207 10919.2578125
17267 10902.0078125
17327 10887.5644531
17387 10870.9726562
17423 10845.5039062
17458 10838.8378906
17518 10812.4716797
17578 10802.7597656
17638 10793.6152344
17879 10770.6201172
17939 10746.1005859
17999 10738.6054688
18059 10715.84375
18155 10700.5078125
18190 10674.1875
18250 10668.2509766
18310 10660.7353516
18370 10635.6513672
18430 10616.3486328
18551 10582.9921875
18611 10567.4775391
18791 10519.0605469
18851 10504.0859375
18971 10454.7148438
19031 10440.4726562
19092 10437.7363281
19152 10428.0263672
19212 10398.6728516
19268 10392.0917969
19324 10382.7832031
19385 10360.5175781
19445 10338.7099609
19565 10318.3095703
19625 10286.8535156
19685 10260.7675781
19745 10257.4570312
19805 10235.6679688
19866 10224.0644531
19926 10205.8291016
19986 10183.6767578
20046 10169.5146484
20166 10155.1289062
20226 10143.4326172
20287 10126.984375
20467 10091.1132812
20527 10078.9023438
20587 10058.3759766
20647 10041.2285156
20707 10040.8789062
20768 10023.4833984
20828 10001.8798828
20888 9983.55859375
20924 9973.43652344
20960 9956.07324219
21020 9938.33105469
21080 9923.59960938
21140 9905.421875
21248 9902.12109375
21429 9857.69335938
21489 9850.87695312
21549 9833.06933594
21610 9820.62988281
21670 9802.63378906
21730 9779.59375
21790 9768.33300781
21850 9754.40332031
21910 9737.67871094
21970 9726.48242188
22031 9719.92382812
22091 9702.79589844
22151 9700.73535156
22331 9666.17871094
22452 9639.86230469
22512 9611.22265625
22572 9596.86621094
22692 9597.75976562
22752 9575.69335938
22812 9565.67285156
22873 9554.69433594
22933 9539.61816406
22993 9535.18359375
23053 9518.05273438
23113 9499.45703125
23173 9477.34960938
23233 9446.9453125
23354 9434.43847656
23392 9432.1484375
23431 9430.41796875
23529 9421.59375
23567 9413.73925781
23627 9394.66113281
23687 9375.96191406
23747 9371.60644531
23808 9364.66992188
23928 9362.28320312
23988 9358.12597656
24048 9348.15429688
24228 9238.52832031
24289 9222.37402344
24349 9206.98046875
24409 9191.58300781
24469 9164.83496094
24529 9141.69726562
24649 9143.38671875
24770 9134.68847656
24830 9120.640625
24890 9099.80566406
24950 9084.69726562
25010 9062.25585938
25070 9044.08007812
25131 9032.75976562
25251 9017.24414062
25311 8990.42578125
25371 8975.35351562
25431 8961.07910156
25492 8947.54003906
25527 8938.29492188
25562 8929.99121094
25623 8915.98339844
25683 8900.87695312
25743 8899.11523438
25803 8884.31933594
25923 8867.07617188
26104 8820.86035156
26164 8799.13476562
26199 8792.35351562
26235 8774.265625
26295 8749.62597656
26355 8727.68554688
26475 8729.07519531
26535 8713.74609375
26595 8697.66992188
26656 8685.32714844
26716 8680.8359375
26776 8672.06542969
26836 8662.5546875
26896 8659.19433594
26956 8640.70898438
27016 8631.40234375
27076 8611.13378906
27137 8597.33984375
27201 8584.43457031
27314 8573.90527344
27375 8553.95703125
27495 8544.3828125
27555 8521.7109375
27615 8507.30761719
27675 8495.60644531
27735 8485.61328125
27855 8482.36230469
27916 8455.40722656
27951 8444.22070312
27986 8422.17480469
28046 8412.59472656
28107 8393.15722656
28167 8381.1796875
28287 8333.03027344
28588 8290.390625
28648 8274.58300781
28708 8264.44824219
28768 8253.97851562
28828 8240.55761719
28888 8227.29589844
28949 8212.61523438
29009 8192.97167969
29129 8134.62939453
29249 8131.05517578
29370 8130.89160156
29490 8113.93994141
29610 8046.66796875
29747 8043.58837891
29808 8037.30517578
29868 8032.53515625
29928 8020.07470703
29963 8012.12744141
29998 8007.09912109
30059 7995.23876953
30119 7976.63623047
30179 7968.80273438
30214 7963.08105469
30310 7958.29101562
30370 7945.19775391
30430 7938.58544922
30490 7934.5859375
30550 7930.45898438
30610 7922.19775391
30671 7911.40917969
30731 7896.46386719
30851 7890.9609375
30911 7868.74804688
30971 7858.67578125
31031 7840.69775391
31091 7833.05712891
31152 7826.58447266
31212 7824.0546875
31332 7748.70019531
31392 7734.796875
31753 8001.50292969
31813 7989.00732422
31873 7980.67675781
31933 7967.76318359
31993 7955.36376953
32054 7943.04589844
32535 8463.46484375
32570 8457.62207031
32630 8443.13671875
32690 8430.89746094
32750 8421.56054688
32810 8399.70605469
33086 8788.40234375
33121 8777.52246094
33182 8763.39941406
33242 8746.015625
33674 8634.11035156
33720 8626.80761719
33778 8615.32910156
33838 8598.93652344
33898 8585.67675781
