0 18944.4726562
237 18798.4550781
525 18517.6738281
558 18517.375
604 18506.1679688
664 18488.15625
705 18466.859375
745 18450.4550781
806 18431.0585938
866 18429.7324219
2432 16913.84375
2493 16887.6425781
2553 16861.5273438
3309 16290.15625
3764 16920.6015625
3860 16866.3476562
3880 16840.6171875
3903 16837.6191406
3950 16823.0234375
4011 16790.2265625
4071 16761.2753906
4131 16733.1894531
4168 16723.7167969
4204 16695.3457031
4264 16666.6875
4382 16598.8652344
4441 16573.5605469
4501 16547.2675781
4621 16488.2558594
4682 16456.2226562
4742 16426.6289062
4862 16357.9882812
4922 16324.8730469
4982 16291.3115234
5042 16269.2265625
5102 16239.9658203
5215 16175.0400391
5268 16156.2207031
5386 16104.5292969
5427 16080.3085938
5470 16058.5068359
5589 15978.25
5649 15963.7724609
5709 15937.3515625
5769 15908.2714844
5829 15883.8242188
5890 15852.6162109
5950 15823.0214844
6070 15751.8857422
6190 15701.3876953
6292 15636.3320312
6333 15603.96875
6393 15574.7402344
6453 15550.9970703
6514 15534.2792969
6573 15511.1835938
6633 15482.4902344
6693 15459.8007812
6753 15428.5722656
6813 15404.4873047
6873 15384.8378906
6993 15324.8847656
7054 15300.9667969
7114 15281.2197266
7232 15221.8613281
7293 15192.0898438
7353 15161.984375
7413 15131.1894531
7473 15097.6757812
7533 15065.5009766
7593 15053.4628906
7653 15030.5537109
7713 15003.0078125
7774 14982.9765625
7834 14962.0888672
7894 14941.9892578
7954 14919.0136719
8014 14893.8603516
8074 14869.3896484
8134 14846.0146484
8194 14825.0888672
8254 14795.1738281
8315 14762.1132812
8375 14735.3046875
8416 14713.4560547
8458 14696.5595703
8519 14674.9375
8579 14654.5253906
8639 14634.2070312
8699 14606.6679688
8819 14530.2685547
8879 14511.4482422
9140 14505.2998047
9182 14493.0097656
9224 14475.9599609
9285 14449.5478516
9345 14432.0957031
9743 14908.8886719
9803 14882.6611328
9863 14859.4775391
9983 14795.8310547
10164 14785.5673828
10224 14752.7392578
10284 14736.5439453
10344 14724.5986328
10404 14693.5126953
10465 14661.3505859
10525 14657.8466797
10645 14594.5351562
10825 14498.0888672
10885 14483.9042969
10945 14473.0722656
11006 14455.9462891
11066 14427.3828125
11126 14400.9912109
11246 14407.9394531
11367 14358.8896484
11427 14337.7705078
11487 14307.8251953
11547 14278.7080078
11607 14250.5039062
11660 14234.1992188
11714 14208.4609375
11834 14164.7958984
11894 14138.8486328
11954 14105.6738281
12014 14080.8427734
12075 14050.4472656
12315 14006.0097656
12375 13978.1826172
12436 13954.9345703
12496 13936.0244141
12556 13909.9501953
12616 13892.5507812
12676 13868.7402344
12736 13844.2626953
12796 13822.5576172
12905 13795.8857422
12940 13778.5947266
12987 13750.8496094
13047 13729.4003906
13107 13706.7568359
13167 13683.4951172
13227 13665.6005859
13287 13648.4023438
13348 13635.2578125
13450 13652.0976562
13553 13591.2304688
13613 13563.2382812
13673 13540.0068359
13734 13517.8261719
13794 13491.9208984
13854 13461.9042969
13914 13438.1914062
14025 13375.6015625
14076 13365.9306641
14136 13362.4804688
14196 13343.9873047
14256 13334.1904297
14316 13314.4570312
14355 13297.6640625
14454 13267.9501953
14676 13169.1708984
14856 13002.6875
14916 12975.734375
15037 12910.5927734
15097 12898.4589844
15157 12882.9912109
15217 12865.9130859
15277 12851.4462891
15320 12842.1630859
15362 12823.4130859
15422 12805.1132812
15483 12781.7236328
15543 12770.3164062
15603 12743.4863281
15663 12730.4775391
15783 12732.5400391
15819 12712.28125
15854 12701.5732422
15914 12666.890625
15974 12660.0996094
16034 12641.859375
16154 12572.8603516
16335 12573.0556641
16395 12564.5800781
16455 12558.0400391
16516 12541.3955078
16576 12530.0878906
16636 12526.9394531
16696 12519.4355469
16816 12514.5527344
16877 12499.0546875
16937 12483.2412109
16997 12462.7226562
17057 12452.0302734
17117 12442.6308594
17177 12441.4902344
17237 12412.0253906
17297 12385.8408203
17358 12368.5966797
17407 12351.2392578
17457 12327.6513672
17517 12312.8046875
17577 12289.0546875
17637 12274.5205078
17697 12264.5566406
17757 12244.7890625
17818 12235.5322266
17938 12234.6298828
17998 12201.5029297
18058 12187.7304688
18119 12174.7666016
18179 12153.3085938
18239 12138.5595703
18299 12117.2402344
18359 12106.7460938
18419 12086.9414062
18480 12065.0957031
18540 12050.5029297
18600 12023.2724609
18660 12013.0595703
18720 11986.1123047
18900 11936.609375
18960 11916.7783203
19141 11917.8652344
19261 11866.5615234
19364 11836.8798828
19425 11812.5830078
19485 11794.65625
19605 11727.3212891
19665 11721.3964844
19725 11704.2148438
19785 11690.7949219
19845 11659.2158203
19906 11656.7060547
19966 11632.1220703
20026 11617.6660156
20086 11591.0
20146 11576.6367188
20266 11560.2333984
20567 11758.1542969
20627 11737.0166016
20687 11708.6484375
20747 11692.015625
20807 11679.7822266
20868 11648.5888672
20928 11643.3154297
20988 11622.7197266
21048 11601.0390625
21108 11581.7431641
21168 11563.4023438
21228 11547.5419922
21288 11527.3740234
21409 11538.1367188
21469 11521.0029297
21529 11503.0771484
21589 11477.2285156
21649 11460.4960938
21710 11446.7412109
21770 11424.0029297
21830 11409.8369141
21883 11393.6845703
21911 11389.4228516
21947 11383.4238281
22067 11316.1523438
22127 11296.5488281
22167 11282.5244141
22193 11282.2304688
22238 11269.1328125
22284 11250.5029297
22329 11239.4042969
22390 11218.9960938
22510 11226.8339844
22570 11198.5986328
22630 11182.7304688
22690 11173.8037109
22750 11154.0732422
22811 11133.5566406
22871 11121.5019531
22916 11104.2919922
22961 11091.9150391
23021 11068.5507812
23081 11048.7509766
23124 11036.0976562
23167 11031.921875
23227 11014.7392578
23287 10989.8349609
23408 10970.4072266
23468 10955.7871094
23528 10935.7412109
23588 10915.9628906
23708 10921.9404297
23768 10900.1005859
23807 10893.4150391
23846 10885.6826172
23906 10875.9443359
23959 10863.7714844
24012 10848.1386719
24072 10823.6318359
24132 10801.2949219
24192 10786.4726562
24252 10775.4833984
24313 10759.8671875
24373 10743.5976562
24433 10729.3085938
24493 10712.7587891
24553 10695.0966797
24613 10678.6523438
24673 10663.1914062
24733 10644.4150391
24854 10634.1367188
24914 10627.2802734
24974 10601.2792969
25034 10589.1201172
25095 10575.78125
25155 10557.0244141
25214 10548.3574219
25273 10534.6259766
25334 10517.9833984
25394 10496.2578125
25454 10481.0771484
25514 10463.3867188
25574 10447.1201172
25634 10427.2705078
25693 10411.8554688
25754 10395.046875
25814 10387.1455078
25874 10367.3759766
25934 10348.0126953
25994 10334.5068359
26114 10334.4902344
26174 10316.0878906
26235 10301.1865234
26279 10289.0507812
26324 10272.7333984
26370 10258.4169922
26416 10249.2324219
26476 10233.5292969
26536 10219.3085938
26596 10197.3388672
26656 10191.9072266
26716 10172.5859375
26776 10159.9023438
26837 10142.8603516
26897 10123.3837891
26957 10110.0625
27017 10091.6962891
27077 10076.0478516
27137 10060.9853516
27197 10045.3769531
27316 10049.4726562
27375 10026.8056641
27436 10010.1230469
27496 9997.609375
27556 9982.60449219
27616 9967.36621094
27676 9945.77734375
27736 9934.62402344
27797 9927.35351562
27892 9906.08203125
27927 9898.06640625
27988 9874.87695312
28048 9859.3671875
28108 9850.10742188
28168 9834.86621094
28229 9820.59570312
28289 9810.08984375
28349 9789.79589844
28409 9775.37695312
28469 9759.578125
28529 9745.4921875
28589 9728.84472656
28649 9709.26660156
28710 9679.59082031
28749 9670.61914062
28782 9661.51269531
28836 9650.8359375
28897 9633.79785156
28957 9620.33007812
29017 9599.79296875
29077 9583.83496094
29137 9571.2265625
29197 9554.20703125
29232 9544.01855469
29268 9536.57226562
29328 9519.60351562
29388 9506.41992188
29448 9497.55859375
29509 9487.36425781
29563 9467.19238281
29608 9454.65625
29658 9442.00390625
29718 9427.58496094
29778 9423.86621094
29838 9409.36035156
30301 9353.24414062
30361 9344.81542969
30482 9311.67089844
30542 9281.2578125
30602 9255.796875
30662 9238.64453125
30723 9223.88183594
30783 9207.94042969
30843 9193.74902344
