0 17874.5
64 17799.3320312
102 17783.5136719
183 17784.3945312
573 17076.78125
609 17056.7382812
644 17044.3925781
704 17025.9121094
764 17018.4921875
860 16949.8535156
1489 17147.2910156
1527 17124.3554688
1836 17283.3457031
1890 17248.4433594
1944 17224.6132812
2004 17182.53125
2101 17099.3613281
2137 17076.609375
2318 16944.1484375
2438 16852.7714844
2483 16824.1289062
2799 16681.3574219
2834 16658.5195312
2878 16632.3964844
2922 16613.2304688
2982 16574.4414062
3163 16433.8378906
3223 16401.3398438
3343 16309.4931641
3464 16224.6328125
3524 16200.9511719
3584 16195.5136719
3843 16136.5292969
3874 16113.3486328
3990 16047.2822266
4050 16027.5429688
4110 15995.4570312
4170 15967.9384766
4230 15932.9257812
4291 15904.4492188
4351 15870.4228516
4391 15845.2861328
4412 15839.1689453
4453 15813.4667969
4514 15786.3857422
4632 15775.2587891
4753 15678.8925781
4873 15592.1640625
4908 15581.9736328
4944 15578.9824219
5004 15578.6445312
5064 15555.9179688
5124 15534.1435547
5179 15505.4501953
5220 15491.5166016
5253 15481.1982422
5300 15459.0673828
5343 15449.4648438
5387 15432.3613281
5447 15392.28125
5507 15367.9472656
5627 15381.0664062
5748 15297.4228516
5808 15254.5292969
5868 15230.8037109
5928 15192.4150391
5988 15167.84375
6048 15149.046875
6109 15131.390625
6266 15052.171875
6318 15036.4248047
6378 15004.6572266
6438 14963.3613281
6498 14935.3857422
6558 14922.296875
6618 14909.28125
6667 14905.0996094
6716 14883.0546875
6956 14787.2353516
7013 14786.9414062
7047 14773.3076172
7121 14778.4082031
7156 14773.4179688
7216 14760.6035156
7336 14737.1845703
7457 14648.7167969
7697 14416.9453125
7793 14401.6376953
7824 14399.6123047
7881 14379.1210938
7941 14365.6298828
8002 14347.7773438
8044 14321.0068359
8087 14296.5302734
8147 14271.53125
8327 14155.8671875
8448 14160.6904297
8508 14134.9072266
8568 14109.6552734
8628 14081.4970703
8688 14058.4130859
8748 14051.8554688
8808 14011.8320312
8869 13970.4365234
8929 13950.7402344
9070 13923.6376953
9131 13917.4433594
9191 13906.4394531
9251 13879.4814453
9311 13844.9160156
9371 13805.9326172
9431 13766.2763672
9491 13731.2958984
9552 13691.4316406
9893 13703.7617188
10073 13649.8017578
10134 13631.9833984
10254 13578.0693359
10314 13548.0488281
10374 13507.0585938
10494 13494.7841797
10615 13416.265625
10735 13356.1523438
10830 13297.8242188
10866 13286.9199219
10926 13249.8398438
11046 13229.7285156
11106 13221.4082031
11287 13135.2460938
11347 13096.0556641
11407 13054.7236328
11467 13028.8007812
11527 12997.8515625
11648 12917.2158203
11708 12875.2041016
11768 12851.4238281
11824 12833.7880859
11880 12825.9853516
11940 12806.7841797
12000 12787.5927734
12061 12765.5166016
12103 12741.2626953
12145 12713.6464844
12446 12592.578125
12626 12585.7978516
12686 12567.4980469
12747 12531.6572266
12807 12495.5830078
12980 12336.0966797
13094 12330.0957031
13154 12326.8613281
13214 12310.4394531
13274 12306.1689453
13395 12300.6894531
13455 12260.3876953
13575 12200.4492188
13635 12178.3554688
13696 12172.6865234
13756 12152.328125
13816 12128.6416016
13936 12130.9492188
13996 12127.3505859
14056 12118.8740234
14117 12107.0107422
14537 12988.3232422
14658 12983.3300781
14718 12980.8173828
14753 12967.1035156
14789 12955.1113281
14849 12933.4589844
14909 12914.5214844
14969 12895.9609375
15030 12869.3291016
15090 12852.6630859
15150 12836.765625
15210 12817.9033203
15270 12792.1826172
15330 12769.7841797
15390 12746.8779297
15450 12731.6474609
15511 12716.0136719
15571 12685.8603516
15691 12699.5332031
15751 12675.0048828
15811 12648.0058594
15871 12625.2832031
15932 12605.8203125
15992 12586.0146484
16052 12572.5048828
16112 12550.3818359
16172 12530.2646484
16232 12508.7519531
16292 12487.7539062
16352 12470.2724609
16413 12450.4277344
16473 12426.9462891
16533 12410.0332031
16593 12396.0693359
16653 12378.5546875
16754 12396.3291016
16795 12383.4560547
16850 12365.4404297
16904 12343.7363281
16965 12321.078125
17025 12303.0830078
17085 12280.6582031
17145 12267.1630859
17205 12248.3613281
17265 12224.8349609
17326 12205.6025391
17446 12144.9160156
17506 12119.7695312
17566 12097.8076172
17626 12075.6630859
17686 12056.2695312
17746 12030.8417969
17864 12036.703125
17924 12022.8710938
17984 12004.0048828
18032 11995.6113281
18077 11979.2402344
18135 11960.5693359
18185 11943.8486328
18230 11930.1640625
18284 11912.1044922
18344 11893.8378906
18396 11881.0341797
18448 11868.8417969
18508 11851.2138672
18568 11826.3974609
18628 11807.5136719
18689 11786.9267578
18749 11770.5957031
18809 11751.7529297
18869 11733.6835938
18989 11740.2246094
19049 11711.6582031
19110 11691.5703125
19170 11661.3886719
19216 11643.0146484
19261 11627.0117188
19322 11614.0517578
19382 11591.9892578
19442 11571.7490234
19502 11557.9199219
19562 11538.1132812
19622 11524.0175781
19682 11499.2216797
19742 11481.5556641
19803 11454.53125
19863 11446.7304688
19923 11429.3886719
20120 11396.9785156
20180 11373.4511719
20216 11358.6523438
20251 11351.3134766
20311 11332.4208984
20371 11313.6513672
20431 11295.2910156
20491 11281.2529297
20552 11261.0087891
20612 11247.3144531
20672 11227.0029297
20732 11209.4619141
20792 11189.7753906
20852 11174.3994141
20912 11153.8427734
20973 11143.2958984
21033 11129.8945312
21213 11112.9824219
21273 11088.7675781
21333 11070.4326172
21394 11052.3300781
21454 11035.65625
21514 11020.3828125
21574 11003.7900391
21634 10983.0957031
21694 10961.6289062
21754 10944.4980469
21814 10925.2158203
21867 10911.9375
21919 10892.9091797
21979 10871.0488281
22040 10850.0527344
22100 10838.171875
22140 10826.9248047
22180 10811.6679688
22240 10791.6542969
22300 10780.7001953
22420 10785.96875
22481 10765.4677734
22541 10749.4384766
22583 10729.8369141
22626 10719.3583984
22686 10702.8691406
22746 10684.4648438
22817 10668.9023438
22864 10662.578125
22910 10637.9873047
22971 10623.7646484
23028 10600.4160156
23085 10595.3964844
23146 10575.3339844
23198 10557.9228516
23251 10553.4658203
23311 10540.7167969
23371 10533.1640625
23551 10520.8955078
23611 10514.5253906
23671 10501.84375
23912 10544.5732422
23972 10526.96875
24033 10507.1699219
24093 10479.6708984
24147 10469.6035156
24176 10467.0869141
24212 10462.8496094
24268 10439.9697266
24325 10422.8515625
24365 10413.6601562
24387 10412.0048828
24430 10400.0146484
24468 10384.4345703
24488 10384.3974609
24530 10376.6660156
24590 10358.6474609
24650 10347.03125
24770 10334.5175781
24830 10331.8476562
24891 10319.4287109
24951 10299.1943359
25011 10268.5488281
25071 10264.0097656
25131 10243.0380859
25191 10221.1005859
25252 10204.5771484
25312 10191.484375
25372 10183.3652344
25432 10171.0185547
25492 10155.2216797
25552 10137.8828125
25612 10122.5351562
25672 10110.4355469
25722 10095.8642578
25771 10078.3535156
25831 10064.9179688
25952 10054.6767578
26012 10050.3486328
26072 10034.4755859
26132 10019.6083984
26192 9999.99023438
26252 9992.73144531
26313 9974.29492188
26367 9960.51269531
26421 9952.47949219
26481 9938.70507812
26541 9917.7578125
26597 9902.43847656
26653 9897.32324219
26714 9880.55566406
26774 9865.45800781
26834 9850.56054688
26894 9837.16601562
26953 9816.36425781
27012 9803.16894531
27072 9788.26757812
27121 9776.0
27169 9761.6953125
27229 9750.82714844
27289 9731.35742188
27349 9716.99023438
27409 9700.66308594
27470 9685.46191406
27530 9673.74707031
27590 9658.03320312
27650 9640.57128906
27710 9624.08300781
27770 9608.20410156
27830 9590.74414062
27890 9578.2109375
27951 9567.25585938
28011 9549.12695312
28071 9534.7109375
28117 9525.55273438
28162 9517.72363281
28222 9498.75585938
28282 9480.74511719
28342 9466.29199219
28403 9453.09472656
28438 9445.92773438
28448 9441.5625
28483 9433.47363281
28544 9421.50878906
28604 9400.26953125
28664 9387.34082031
28724 9374.65136719
28784 9364.24414062
28844 9347.96191406
28904 9334.20800781
28964 9323.9375
29025 9309.89355469
29085 9295.32714844
29145 9275.98925781
29205 9266.13476562
29265 9251.18945312
29325 9236.26367188
29385 9222.06152344
29446 9207.64941406
29506 9193.80664062
29566 9183.51660156
29626 9165.16113281
29686 9156.31835938
29746 9141.34570312
29806 9124.99707031
29867 9111.0703125
29927 9098.49023438
29987 9085.66601562
30047 9074.38378906
30107 9058.22167969
30167 9044.83496094
30227 9028.86816406
30288 9016.79199219
30348 9002.70703125
30395 8996.35351562
30443 8985.53515625
30503 8976.55273438
30563 8965.84863281
30623 8948.9609375
30684 8937.3671875
30744 8922.64257812
30804 8911.37792969
30864 8904.1328125
30924 8887.85253906
30984 8872.18554688
31044 8863.03613281
31105 8848.39941406
31165 8834.71289062
31225 8823.91503906
31285 8815.4765625
31345 8802.40625
31406 8788.34765625
31466 8778.45410156
31526 8765.82421875
31586 8752.22753906
31646 8736.23828125
31706 8722.38964844
31766 8712.82519531
31826 8700.43164062
31887 8683.13671875
31947 8672.05761719
32007 8660.18164062
32067 8646.3046875
32127 8637.20410156
32187 8623.10742188
32247 8609.6171875
32307 8596.79003906
32368 8582.46484375
32428 8571.70019531
32488 8559.3203125
32548 8546.109375
32608 8538.15332031
32668 8526.29199219
32909 9135.30078125
33198 9062.5390625
33247 9044.93554688
33307 9030.93457031
33368 9018.640625
33428 9002.29394531
33488 8985.36816406
33548 8969.55957031
33608 8954.37695312
33668 8943.92382812
33718 8926.21386719
33768 8915.0703125
33828 8897.22753906
33888 8885.30566406
33949 8871.00878906
34009 8860.82519531
34069 8845.90039062
34129 8832.96875
34189 8810.07519531
34249 8796.30273438
34309 8783.109375
34370 8768.60546875
34430 8760.06152344
34490 8741.55957031
34550 8726.20214844
34610 8709.56738281
34670 8694.9921875
34730 8678.93457031
34790 8663.67285156
34851 8648.25390625
34911 8637.66992188
34971 8621.95117188
35031 8605.15039062
35091 8590.04882812
35152 8574.78320312
35212 8559.73046875
35272 8547.68261719
35332 8530.10644531
35392 8511.62792969
35452 8502.05371094
35513 8488.79980469
35573 8470.41015625
35623 8452.10253906
35673 8448.36230469
35733 8433.11230469
35793 8419.10742188
35853 8401.84960938
35913 8388.2109375
35974 8376.1640625
36034 8362.91503906
36094 8347.48925781
36154 8334.21484375
36214 8317.33007812
36274 8300.31542969
36334 8285.9296875
36394 8269.16210938
36455 8256.62988281
36515 8243.63085938
36575 8230.94238281
36635 8221.31054688
36695 8206.17480469
36755 8190.75439453
36815 8180.82080078
36876 8168.98828125
36936 8158.03662109
36996 8145.28466797
37056 8129.95898438
37116 8115.25292969
37176 8105.30859375
37236 8090.84716797
37296 8076.57763672
37357 8065.18164062
37417 8050.49462891
37477 8034.98583984
37537 8019.64013672
37585 8006.33203125
37632 7997.18505859
37693 7985.78955078
37753 7971.98193359
37813 7959.36376953
37873 7944.90966797
37933 7930.22314453
38054 7904.07421875
38100 7895.39453125
38147 7884.5703125
38207 7875.5234375
38267 7859.58935547
38327 7848.81933594
38387 7835.68847656
38448 7823.74755859
38508 7809.59130859
38568 7792.97705078
38628 7778.14453125
38688 7764.78173828
38748 7753.35742188
38809 7743.44970703
38869 7734.23583984
38929 7723.75634766
38989 7707.47998047
39049 7685.30712891
39109 7671.13525391
39169 7667.55664062
39591 8041.42675781
39651 8028.93017578
39711 8016.19384766
39771 7997.71923828
39831 7975.82470703
39891 7969.25097656
39952 7953.44189453
40012 7941.20117188
40072 7927.05908203
40132 7912.91113281
40192 7899.94726562
40252 7886.86816406
40312 7852.48486328
40373 7845.62792969
40433 7832.48144531
40493 7818.20507812
40553 7807.14599609
40613 7791.92480469
40673 7777.55761719
40733 7764.91015625
40793 7751.91015625
40854 7734.74511719
40904 7727.00195312
40955 7716.22167969
41015 7703.37402344
41076 7685.73535156
41136 7672.27001953
41196 7656.11767578
41256 7648.00927734
41316 7633.99072266
41376 7617.39404297
41436 7604.21435547
41496 7591.76123047
41557 7578.86914062
41617 7566.20019531
41677 7554.59960938
41737 7545.43457031
41797 7534.92089844
41857 7519.69140625
41906 7510.984375
41934 7503.37646484
41961 7496.29345703
42008 7484.42480469
42068 7473.56542969
42128 7458.67089844
42188 7440.18994141
42249 7427.86230469
42309 7417.22998047
42369 7404.10693359
42429 7390.33056641
42489 7377.81982422
42550 7365.67382812
42610 7351.81640625
42670 7338.65185547
42730 7324.56884766
42790 7315.56201172
42850 7303.60498047
42911 7289.5
42971 7279.54541016
43031 7274.44775391
43091 7254.75292969
43151 7241.66015625
43211 7229.73535156
43271 7217.90722656
43332 7202.91210938
44046 7078.28417969
44106 7066.47314453
44166 7056.47021484
44226 7054.80517578
44286 7032.12597656
44346 7016.05761719
44406 7006.20605469
44467 6994.33642578
44527 6978.16015625
44587 6969.70019531
44647 6959.81591797
44707 6949.77148438
44767 6936.22021484
44827 6929.05908203
