0 7791.14111328
36 7787.27148438
71 7777.96972656
191 7748.62402344
242 7739.16015625
269 7736.67138672
283 7723.61181641
319 7716.10351562
871 7648.21923828
911 7639.74853516
972 7626.88330078
1092 7590.59863281
1152 7578.99023438
1187 7564.51953125
1207 7549.37402344
1251 7532.47607422
1372 7488.73730469
1468 7472.24658203
1483 7452.96142578
1522 7449.91210938
1583 7434.83984375
1643 7426.03808594
1823 7347.64257812
1883 7334.26708984
2004 7339.515625
2184 7271.97705078
2244 7254.73583984
2304 7233.28076172
2364 7217.91650391
2425 7196.35302734
2485 7176.60205078
2545 7158.71923828
2605 7142.25146484
2665 7122.29052734
2725 7100.3359375
2785 7090.14208984
2845 7070.98291016
3026 7042.78076172
3086 7028.625
3146 7015.40820312
3181 7005.75146484
3264 6973.33837891
3324 6956.59228516
3384 6936.51904297
3444 6926.70898438
3504 6911.72509766
3565 6898.26806641
3625 6877.984375
3685 6858.47216797
3745 6844.93457031
3805 6828.32080078
3925 6824.38525391
4046 6820.00244141
4135 6781.91748047
4256 6733.43408203
4316 6714.44433594
4737 6923.72509766
4797 6908.51123047
4857 6897.69921875
4917 6887.32177734
5037 6884.45947266
5098 6873.94091797
5158 6861.62353516
5218 6846.66894531
5278 6835.22314453
5338 6822.23876953
5398 6811.21044922
5459 6797.39257812
5519 6786.22119141
5579 6772.64355469
5639 6760.90478516
5699 6746.19775391
5759 6727.68798828
5820 6718.12207031
5880 6713.02929688
6000 6714.19482422
6060 6703.83300781
6120 6689.59765625
6180 6679.90673828
6240 6669.93261719
6301 6654.39550781
6342 6646.03369141
6374 6638.47851562
6424 6630.25683594
6485 6619.05517578
6545 6604.60742188
6605 6590.54638672
6665 6581.44042969
6725 6573.328125
6785 6560.26953125
6845 6549.515625
6905 6537.703125
6966 6528.08300781
7070 6534.64208984
7115 6530.80615234
7176 6518.04785156
7236 6502.29248047
7296 6495.12304688
7356 6479.54101562
7416 6474.19091797
7476 6460.88525391
7536 6450.08007812
7597 6439.31787109
7657 6429.24511719
7717 6419.38525391
7777 6405.93359375
7837 6397.55273438
7897 6383.40136719
7957 6371.71240234
8018 6359.82910156
8138 6362.01074219
8198 6352.93115234
8258 6344.08935547
8318 6336.09423828
8379 6324.58837891
8439 6316.01953125
8499 6304.88134766
8559 6293.27197266
8619 6278.76171875
8679 6265.28222656
8740 6257.22802734
8800 6249.20751953
8860 6240.62011719
8920 6232.01220703
8980 6221.88574219
9040 6212.80322266
9100 6202.19482422
9221 6208.83837891
9281 6197.57910156
9341 6184.55224609
9401 6176.13476562
9461 6166.23632812
9521 6156.57763672
9582 6150.72900391
9642 6141.33496094
9702 6133.10449219
9762 6123.96826172
9822 6110.79345703
9882 6099.8515625
9942 6092.35253906
10002 6080.84716797
10063 6070.67822266
10123 6065.56005859
10183 6054.72851562
10339 6053.19384766
10387 6042.06542969
10447 6035.70654297
10507 6020.10253906
10567 6002.25976562
10627 5991.73242188
10688 5986.98388672
10748 5980.24267578
10808 5969.30712891
10868 5958.63134766
10928 5949.61767578
10988 5944.11425781
11048 5934.2265625
11108 5927.34423828
11169 5916.99462891
11229 5907.27685547
11289 5896.77832031
11409 5893.96191406
11469 5891.87060547
11529 5881.16455078
11590 5875.61230469
11650 5863.39794922
11710 5855.98486328
11770 5846.76660156
11830 5838.87597656
11890 5831.93554688
11951 5825.19628906
12011 5812.98144531
12071 5805.74804688
12189 5797.96484375
12248 5787.82568359
12308 5785.08007812
12368 5779.17138672
12429 5777.14208984
12489 5768.04736328
12549 5748.23730469
12609 5740.52539062
12669 5734.19677734
12729 5727.31103516
