0 17513.8867188
175 17361.9941406
220 17320.3496094
261 17316.2988281
302 17313.5175781
753 16847.1074219
799 16837.9570312
844 16809.5019531
890 16767.4511719
1116 16836.3242188
1176 16812.7695312
1258 16726.2265625
1379 16657.4453125
1499 16579.5507812
1821 16128.0800781
1861 16085.7753906
2230 16977.2734375
2290 16942.1523438
2350 16899.7128906
2410 16861.7519531
2471 16831.1328125
2531 16792.1230469
2591 16775.6386719
2712 16771.0273438
2772 16739.9140625
2832 16711.6113281
2892 16675.5039062
2952 16633.9667969
3012 16598.5566406
3072 16564.5683594
3133 16530.8828125
3193 16494.1875
3232 16477.734375
3272 16464.6210938
3332 16440.9199219
3392 16411.3632812
3452 16364.7900391
3573 16355.0478516
3633 16332.2041016
3693 16304.0761719
3753 16266.2519531
3813 16233.796875
3873 16195.8691406
3933 16153.3388672
3994 16118.6464844
4054 16081.8085938
4114 16064.2763672
4174 16041.3935547
4235 16006.3623047
4295 15976.8623047
4355 15943.2177734
4415 15907.9794922
4487 15916.7744141
4547 15905.2080078
4607 15880.8085938
4667 15848.3330078
4728 15817.9111328
5015 15725.9042969
5075 15696.0341797
5135 15658.2792969
5196 15631.5068359
5256 15603.1455078
5436 15576.8984375
5556 15499.9472656
5617 15482.5927734
5677 15461.5107422
5737 15436.3076172
5797 15406.3388672
5857 15388.9589844
5917 15353.0048828
5978 15328.8681641
6030 15304.5185547
6082 15288.265625
6143 15254.8251953
6203 15221.9765625
6263 15200.8330078
6298 15185.1367188
6308 15182.1728516
6319 15174.5634766
6364 15185.3818359
6424 15173.7207031
6484 15139.7607422
6545 15112.4931641
6605 15084.5224609
6665 15053.4667969
6725 15025.7109375
6785 14998.0429688
6846 14980.1083984
6906 14962.0253906
6966 14934.8085938
7026 14905.7587891
7087 14877.7490234
7147 14834.8623047
7207 14825.5078125
7322 14803.5097656
7383 14795.5820312
7443 14762.5507812
7503 14741.5117188
7563 14714.3769531
7623 14689.0908203
7683 14660.9775391
7743 14640.8769531
7792 14621.4951172
7841 14597.6953125
7901 14555.4111328
7961 14528.1777344
8021 14511.1845703
8081 14491.8574219
8142 14463.0078125
8202 14439.1455078
8262 14417.4365234
8322 14393.7373047
8442 14390.2773438
8498 14374.5185547
8554 14351.1875
8614 14325.0761719
8674 14295.0957031
8735 14283.109375
8795 14255.3291016
8850 14233.9296875
8906 14212.7929688
8967 14182.6777344
9027 14159.2998047
9087 14143.53125
9147 14124.6835938
9207 14100.7695312
9267 14070.2333984
9327 14046.2753906
9388 14027.7636719
9508 14038.578125
9568 14009.5869141
9628 13971.8789062
9989 13845.0742188
10049 13816.8271484
10108 13796.5273438
10168 13774.5791016
10228 13752.1748047
10288 13730.5664062
10348 13718.640625
10409 13692.3515625
10451 13675.1230469
10494 13650.6386719
10615 13658.5302734
10675 13640.859375
10735 13616.34375
10795 13591.84375
10855 13569.5400391
10915 13545.3115234
10953 13533.0048828
10991 13517.7167969
11051 13496.9443359
11111 13479.2246094
11171 13457.2880859
11231 13415.0722656
11292 13396.4121094
11352 13378.7802734
11412 13346.5800781
11472 13328.8017578
11532 13306.0869141
11592 13279.15625
11652 13258.4287109
11773 13259.8134766
11833 13245.8671875
11893 13220.4228516
11953 13199.078125
12013 13175.5146484
12052 13160.6699219
12069 13155.3105469
12105 13150.4384766
12164 13125.6796875
12224 13098.5869141
12284 13083.2646484
12344 13052.6738281
12404 13033.2568359
12465 13011.6816406
12525 12991.8867188
12585 12974.3105469
12645 12948.3378906
12705 12933.5742188
12825 12924.7275391
12885 12909.8339844
12946 12896.7138672
13006 12875.3798828
13066 12855.4365234
13126 12831.6748047
13186 12815.6142578
13246 12793.0195312
13306 12767.6455078
13366 12750.8994141
13427 12725.2597656
13487 12704.7988281
13547 12679.7636719
13607 12661.3125
13666 12644.6591797
13725 12625.8935547
13785 12609.3212891
13846 12581.8876953
13906 12563.8183594
14026 12567.3466797
14086 12547.3427734
14146 12527.2353516
14206 12507.1503906
14242 12489.3476562
14278 12487.9443359
14338 12470.2646484
14398 12445.2529297
14459 12426.7314453
14519 12404.9912109
14579 12390.4101562
14639 12371.6884766
14699 12347.0488281
14759 12320.6210938
14819 12310.1630859
14879 12285.3417969
14940 12268.4736328
15060 12269.2763672
15120 12247.6894531
15180 12230.453125
15240 12211.3330078
15300 12190.0292969
15360 12173.4150391
15421 12153.9394531
15481 12133.0087891
15541 12115.5078125
15597 12093.75
15654 12077.0029297
15714 12055.9570312
15775 12026.7226562
15835 12020.4277344
16135 11920.4775391
16256 11923.4023438
16316 11910.1953125
16376 11893.2099609
16436 11876.8251953
16496 11858.0400391
16556 11837.2490234
16616 11816.1728516
16677 11793.0078125
16737 11773.7548828
16797 11756.2128906
16857 11729.1201172
16917 11707.5097656
16977 11690.71875
17037 11671.1689453
17097 11649.6416016
17142 11637.4042969
17187 11619.7431641
17284 11636.2431641
17320 11616.4667969
17381 11592.5332031
17441 11571.4892578
17501 11553.3789062
17561 11534.4697266
17621 11509.7949219
17681 11490.3603516
17741 11466.2382812
17801 11455.6376953
17862 11431.4697266
17922 11413.2265625
17982 11399.2900391
18042 11382.9619141
18102 11364.9755859
18162 11346.3662109
18223 11335.6591797
18343 11340.3027344
18403 11324.7324219
18463 11300.7646484
18523 11295.0898438
18583 11271.3339844
18643 11254.9365234
18704 11239.7373047
18764 11221.6699219
18824 11206.4570312
18884 11184.4677734
18944 11164.703125
18989 11150.9414062
19034 11133.3730469
19077 11124.3105469
19120 11113.7294922
19181 11097.2783203
19241 11077.8955078
19301 11065.578125
19361 11052.8847656
19421 11035.7958984
19602 11027.8955078
19662 11003.0048828
19722 10981.3632812
19782 10950.8896484
19842 10929.1298828
19902 10917.4228516
19962 10892.9501953
19998 10888.0078125
20033 10873.6962891
20093 10855.6201172
20153 10838.328125
20213 10823.3105469
20273 10807.9130859
20334 10792.6738281
20394 10777.1894531
20454 10758.7275391
20514 10740.9423828
20574 10724.7724609
20754 10712.6289062
20815 10687.5332031
20875 10683.9658203
20935 10658.375
20995 10642.6708984
21055 10623.5859375
21106 10604.8183594
21156 10592.9072266
21217 10583.8945312
21277 10566.5234375
21337 10550.9765625
21397 10540.5917969
21457 10519.59375
21517 10501.7587891
21578 10492.3466797
21638 10478.84375
21698 10463.4697266
21758 10445.6308594
21878 10432.7451172
21938 10420.9355469
21998 10399.9326172
22059 10380.4658203
22119 10370.0244141
22179 10351.390625
22239 10342.5878906
22299 10330.1552734
22359 10314.2304688
22420 10298.7060547
22480 10278.4404297
22540 10264.1396484
22600 10248.2431641
22660 10233.4619141
22720 10218.0654297
22780 10196.5966797
22840 10184.0097656
22900 10170.1455078
22961 10153.4931641
23141 10135.8095703
23178 10127.3320312
23216 10123.3935547
23276 10108.8076172
23336 10089.7978516
23396 10074.0234375
23457 10055.2861328
23510 10039.7734375
23564 10025.0644531
23624 10005.5039062
23684 9987.79492188
23744 9966.54589844
23805 9951.40917969
23840 9940.24121094
23875 9930.08691406
23935 9923.25195312
23995 9896.10742188
24056 9888.12304688
24116 9879.02246094
24176 9861.49511719
24236 9845.82519531
24356 9845.44824219
24416 9825.23242188
24476 9808.61132812
24536 9784.45800781
24596 9779.10253906
24656 9768.85839844
24716 9750.39746094
24777 9734.51855469
24837 9722.30664062
24897 9701.2265625
24957 9687.09863281
25017 9665.82519531
25077 9645.47851562
25149 9637.52636719
25209 9619.06542969
25270 9598.55566406
25330 9597.296875
25390 9579.14453125
25450 9556.36035156
25510 9542.34472656
25570 9517.47558594
25630 9505.62597656
25690 9487.95117188
25750 9477.96386719
25802 9462.30761719
25853 9456.37207031
25914 9437.98730469
25974 9428.02636719
26034 9409.69628906
26094 9399.04492188
26154 9394.00878906
26214 9377.50585938
26274 9363.07324219
26335 9344.40234375
26395 9330.48828125
26455 9316.56933594
26515 9305.32421875
26575 9289.62011719
26635 9270.29199219
26695 9260.78710938
26756 9252.24707031
26816 9228.02050781
26876 9213.95507812
26936 9202.66503906
26996 9198.56347656
27056 9171.63867188
27117 9164.19335938
27177 9152.41113281
27237 9127.49902344
27297 9111.29492188
27357 9110.61328125
27417 9091.38671875
27477 9066.16894531
27597 9033.39453125
27658 9019.33691406
27718 9010.38769531
27778 8994.05859375
27838 8982.17480469
27938 8968.84667969
27979 8939.98242188
28039 8929.04882812
28099 8923.25585938
28160 8912.80761719
28220 8895.359375
28280 8873.28417969
28340 8858.9296875
28400 8852.61816406
28460 8824.90917969
28520 8820.578125
28580 8806.51660156
28641 8789.43261719
28701 8784.20410156
28761 8759.98242188
28881 8743.93457031
28941 8723.25878906
29001 8707.79589844
29122 8695.80761719
29182 8670.80078125
29242 8655.81445312
29302 8654.01660156
29362 8644.72167969
29422 8624.71289062
29482 8606.50292969
29543 8604.04882812
29603 8588.26660156
29663 8577.73730469
29723 8559.46972656
29783 8558.3203125
29843 8550.52734375
29904 8532.05761719
29964 8512.69824219
30050 8505.140625
30110 8486.51660156
30171 8474.55664062
30231 8452.82617188
30291 8435.86132812
30351 8426.50585938
30411 8417.67382812
30446 8415.18554688
30482 8396.75585938
30542 8376.41894531
30602 8368.93847656
30662 8358.28222656
30722 8349.50195312
30782 8333.1640625
30842 8332.23339844
30902 8312.87695312
30963 8309.79785156
31023 8298.24414062
31083 8285.75097656
31143 8270.27441406
31203 8265.83300781
31263 8248.34375
31323 8230.83203125
31383 8218.47753906
31444 8203.31835938
31504 8189.97949219
31541 8182.78369141
31578 8175.55029297
31638 8163.20751953
31698 8153.35449219
31758 8140.44091797
31818 8130.2109375
31878 8117.40869141
31938 8098.94091797
31999 8086.83007812
32051 8081.43457031
32104 8073.20654297
32164 8059.39697266
32225 8058.81103516
32285 8046.84179688
32345 8037.75683594
32405 8023.18212891
32465 8010.67089844
32525 7992.63769531
32560 7987.19287109
32596 7983.66552734
32656 7972.72607422
32716 7964.88671875
32776 7953.16162109
32836 7938.609375
32957 7914.79882812
33017 7902.95898438
33077 7888.48632812
33137 7873.62353516
33197 7865.02978516
33257 7857.55615234
33317 7841.60449219
33378 7829.65234375
33498 7815.47558594
33558 7797.70898438
33618 7780.56787109
33678 7764.93603516
33738 7758.22265625
33798 7749.95019531
33859 7745.08154297
33919 7730.55273438
33979 7722.05859375
34039 7710.29833984
34099 7702.79101562
34159 7690.02539062
34219 7677.53857422
34700 8243.69628906
34744 8235.40527344
34789 8225.96386719
34844 8213.80761719
34899 8202.34375
34960 8183.99365234
35020 8173.0859375
35080 8162.74804688
35140 8147.97802734
35200 8131.45507812
35260 8112.93798828
35321 8102.87792969
35381 8091.75390625
35441 8071.86474609
35501 8056.41259766
35561 8046.68945312
35621 8031.84228516
35681 8015.89599609
35741 8003.19970703
35802 7992.875
35861 7980.35498047
35920 7966.56982422
35980 7951.82714844
36040 7943.10400391
36100 7930.55761719
36160 7918.87402344
36220 7909.15917969
36281 7897.07568359
36341 7882.14453125
36401 7864.9765625
36461 7850.35742188
36521 7841.28564453
36581 7828.77294922
36641 7817.84326172
36701 7805.38671875
36762 7793.76806641
36822 7782.28222656
36882 7770.25976562
36942 7757.72314453
37002 7743.12402344
37062 7735.24169922
37123 7715.75634766
37183 7707.48193359
37243 7693.77050781
37303 7685.72314453
37363 7670.89746094
37424 7658.29541016
37484 7647.07568359
37544 7634.99755859
37604 7622.00683594
37664 7613.40478516
37725 7599.35351562
37785 7586.43701172
37845 7574.57226562
37905 7561.84716797
37965 7554.12597656
38025 7541.17138672
38085 7525.63769531
38326 7894.10400391
38626 7820.37304688
38686 7807.25048828
38747 7795.14501953
38807 7775.0078125
38867 7758.10791016
38927 7744.015625
38987 7729.10205078
39047 7713.20410156
39107 7704.90429688
39167 7693.18359375
39228 7678.52294922
39288 7665.41455078
39348 7651.10693359
39408 7636.27441406
39468 7622.89892578
39528 7612.37060547
39588 7597.79345703
39648 7582.52685547
39693 7570.47167969
39738 7559.96533203
39799 7547.29638672
39850 7532.06591797
39902 7521.63818359
39962 7507.33544922
40022 7495.37402344
40070 7488.74511719
40117 7475.26708984
40178 7464.18212891
40238 7449.75537109
40298 7434.88867188
40358 7418.16210938
40418 7407.96533203
40478 7386.95361328
40539 7373.92333984
40599 7364.72753906
40659 7348.87060547
40719 7338.38085938
40779 7323.03417969
40839 7308.95898438
40899 7296.6015625
40959 7284.12060547
41019 7270.16748047
41080 7249.45703125
41140 7242.09912109
41200 7226.58789062
41260 7215.34375
41320 7203.05078125
41380 7194.09326172
41440 7181.21191406
41500 7170.16113281
41561 7156.57666016
41621 7144.89013672
41681 7135.96777344
41741 7124.76953125
41801 7109.0078125
41861 7093.18847656
41921 7080.92382812
41981 7064.58496094
42042 7051.56982422
42102 7039.85595703
42162 7027.14550781
42209 7019.88769531
42256 7009.07226562
42309 6994.95751953
42361 6988.47412109
42421 6975.03125
42482 6959.97802734
42542 6943.91503906
42602 6928.57861328
42662 6915.64306641
42722 6902.87695312
42782 6890.92041016
42842 6886.39453125
42902 6873.40380859
42963 6861.04541016
43023 6846.65722656
43083 6843.65478516
43143 6827.50488281
43203 6820.21289062
43263 6808.96777344
43323 6793.93554688
43383 6784.70849609
43443 6769.14892578
43504 6768.65039062
43564 6752.51269531
43624 6748.28759766
43684 6742.96435547
43744 6735.06201172
43804 6714.08837891
43864 6697.05078125
43924 6683.59082031
43985 6669.45361328
44045 6656.43408203
44105 6640.01855469
44165 6609.62255859
44225 6608.47851562
44285 6603.27685547
44345 6597.23095703
44406 6585.21191406
44466 6570.11132812
44526 6569.36376953
44586 6559.86181641
44646 6546.80712891
44706 6534.80078125
44826 6516.52441406
44886 6506.48535156
44947 6495.62109375
45007 6486.53027344
45063 6476.87011719
45119 6467.63818359
45180 6453.34228516
45240 6446.703125
45300 6434.01757812
45360 6415.40722656
45421 6411.86669922
45481 6399.94726562
45541 6389.35205078
45601 6382.29052734
45661 6373.89013672
45721 6365.46630859
45781 6355.15478516
45841 6343.81787109
45901 6334.7109375
45962 6320.52441406
46022 6319.91308594
46082 6308.45019531
46142 6296.55566406
46202 6283.20800781
46262 6272.95166016
46297 6268.91210938
46333 6261.71679688
46393 6251.25244141
46453 6239.18505859
46513 6232.77050781
46573 6221.98730469
