0 18614.4570312
95 18541.6738281
148 18518.0976562
261 18500.5
356 18435.5039062
391 18410.21875
1311 17876.5117188
1371 17868.7519531
1432 17852.5703125
2464 17760.3085938
2584 17695.0839844
2825 17549.6621094
2885 17526.1894531
3165 17357.5898438
3265 17350.1523438
4108 16896.8613281
4288 16803.6835938
4527 16662.5058594
4645 16596.2519531
4825 16484.7070312
5066 16385.046875
5186 16329.25
5306 16249.2675781
5413 16178.9355469
5473 16150.7509766
5594 16095.0458984
5714 16039.0507812
5834 15982.2089844
5955 15957.4355469
6135 15838.3525391
6195 15825.3554688
6315 15776.2275391
6488 15673.1826172
6536 15658.2548828
6651 15600.0263672
6711 15573.3496094
6951 15513.5400391
7072 15445.9482422
7132 15422.1337891
7192 15410.1630859
7252 15389.9482422
7312 15368.6435547
7488 15245.6044922
7969 15390.5595703
8029 15364.6503906
8090 15336.7675781
8210 15282.6542969
8270 15258.0214844
8330 15235.3369141
8390 15209.2802734
8510 15150.4873047
8571 15123.4951172
8631 15097.3642578
8751 15039.4873047
8811 15018.0810547
8851 14994.5888672
8951 15008.7333984
9011 14992.4501953
9071 14968.8447266
9131 14942.0957031
9191 14921.6347656
9251 14899.6308594
9311 14871.7373047
9371 14845.8652344
9492 14799.0371094
9527 14779.2724609
9563 14766.4472656
9623 14737.9365234
9743 14686.4853516
9803 14662.3886719
9923 14661.6240234
9983 14647.8300781
10044 14624.0107422
10104 14602.4453125
10164 14577.7539062
10284 14528.9121094
10344 14503.1318359
10404 14480.3994141
10464 14463.1347656
10525 14442.015625
10585 14414.0078125
10766 14327.7841797
10806 14306.3554688
10846 14290.6123047
10907 14270.0214844
11027 14264.1367188
11065 14251.2480469
11104 14237.4443359
11164 14209.1835938
11225 14190.0673828
11285 14168.3007812
11345 14140.1455078
11405 14116.5595703
11465 14093.2851562
11646 14011.703125
11706 13988.5214844
11766 13963.4980469
11886 13914.8339844
11946 13886.6542969
12006 13861.9707031
12127 13878.5380859
12187 13865.9589844
12307 13817.7890625
12350 13793.6748047
12393 13784.8242188
12454 13769.0517578
12514 13743.0058594
12574 13716.2861328
12754 13635.9833984
12814 13622.0878906
12874 13602.2041016
12934 13583.1308594
12995 13560.3828125
13055 13540.1621094
13115 13514.4814453
13235 13515.2285156
13295 13506.0419922
13355 13488.0332031
13476 13435.1689453
13536 13417.6074219
13596 13396.4980469
13656 13371.5771484
13716 13346.3173828
13752 13342.8056641
13787 13324.4853516
13848 13300.8095703
13908 13276.6279297
13968 13256.1123047
14028 13231.4287109
14089 13213.4169922
14149 13195.9189453
14209 13167.4599609
14269 13153.6855469
14389 13153.1367188
14449 13131.6474609
14510 13113.3251953
14570 13093.0439453
14630 13071.3427734
14690 13053.7373047
14750 13026.3310547
14810 13001.9462891
14870 12975.7226562
14930 12955.7607422
14990 12928.8759766
15051 12927.9375
15111 12917.171875
15222 12872.6376953
15274 12852.9912109
15334 12835.0683594
15394 12815.4345703
15429 12797.1005859
15525 12802.6328125
15585 12787.5527344
15645 12782.2099609
15705 12760.7744141
15765 12734.5224609
15825 12714.4257812
15885 12692.7861328
15946 12675.8369141
16006 12659.4355469
16066 12638.9746094
16126 12618.3994141
16186 12601.2148438
16246 12576.0097656
16306 12555.4482422
16366 12540.9853516
16427 12518.2041016
16487 12500.9785156
16607 12505.9335938
16727 12461.8583984
16781 12441.6894531
16835 12419.9199219
16895 12394.109375
16955 12379.4589844
16990 12366.1220703
17025 12348.1513672
17086 12336.4746094
17146 12315.0761719
17206 12293.9003906
17266 12270.4990234
17326 12248.7792969
17386 12228.4736328
17446 12213.0517578
17507 12188.2695312
17567 12168.9833984
17687 12175.2509766
17747 12154.5380859
17807 12133.2607422
17867 12112.2109375
17928 12094.1220703
17988 12070.0751953
18048 12048.9394531
18349 11981.2792969
18409 11955.9130859
18447 11944.0244141
18485 11935.640625
18545 11917.5908203
18605 11901.7070312
18656 11883.921875
18707 11877.8525391
18828 11886.9697266
18888 11866.2431641
18948 11844.6435547
19008 11825.0888672
19068 11806.6103516
19128 11785.8886719
19188 11766.9902344
19249 11750.5917969
19309 11733.5722656
19369 11712.5996094
19429 11693.2841797
19490 11670.9414062
19550 11646.3691406
19610 11636.2705078
19670 11621.7333984
19730 11608.4863281
19790 11585.515625
19850 11565.125
19970 11568.7177734
20031 11547.1054688
20091 11530.75
20151 11511.6826172
20211 11487.8925781
20271 11469.7919922
20331 11454.9228516
20391 11436.6591797
20451 11414.546875
20490 11409.9384766
20529 11400.2958984
20589 11380.5410156
20650 11357.4619141
20710 11342.4023438
20770 11325.2998047
20830 11313.8212891
20890 11302.0722656
20950 11277.6455078
21010 11256.8271484
21131 11262.2822266
21191 11241.0078125
21251 11218.1943359
21311 11201.0351562
21371 11187.4150391
21431 11168.6025391
21492 11155.953125
21552 11136.4589844
21612 11117.3691406
21672 11099.3203125
21732 11077.7167969
21792 11063.234375
21853 11044.2011719
21913 11026.9570312
21973 11007.8017578
22033 10988.5029297
22093 10968.7001953
22153 10954.2128906
22333 10951.0185547
22394 10929.1669922
22446 10914.0976562
22499 10897.9951172
22560 10877.6337891
22620 10866.3457031
22680 10845.3603516
22740 10825.4375
22800 10812.9160156
22860 10794.9765625
22920 10774.8710938
22980 10755.0419922
23041 10735.4951172
23095 10729.7207031
23150 10711.1591797
23210 10694.4716797
23270 10673.0830078
23330 10663.8427734
23450 10668.3955078
23571 10604.3671875
23622 10588.3818359
23673 10569.5537109
23733 10554.8779297
23793 10541.4648438
23853 10525.1171875
23913 10507.3710938
23973 10498.3417969
24033 10477.3925781
24094 10468.9833984
24154 10448.8945312
24214 10430.2226562
24274 10412.5517578
24334 10397.0068359
24378 10381.3203125
24413 10367.6953125
24439 10361.0839844
24475 10360.8037109
24535 10335.375
24655 10331.6591797
24715 10318.3984375
24775 10295.9423828
24835 10291.3261719
24895 10271.6630859
24955 10251.3632812
25016 10239.2490234
25076 10225.4511719
25136 10212.7539062
25196 10188.2460938
25256 10186.9111328
25316 10161.2880859
25376 10138.2294922
25436 10132.2128906
25497 10115.5419922
25557 10101.15625
25617 10076.8935547
25677 10067.1748047
25737 10046.5341797
25857 10036.9443359
25917 10011.6435547
25978 10008.0449219
26038 9995.9453125
26098 9969.66308594
26158 9959.25292969
26218 9943.85742188
26267 9931.6171875
26316 9914.14746094
26376 9892.27050781
26677 9877.56835938
26737 9869.21386719
26797 9852.52441406
26857 9834.00585938
26917 9826.89355469
26978 9806.86328125
27098 9789.91503906
27158 9787.66601562
27218 9775.17382812
27278 9759.68359375
27338 9743.23828125
27398 9732.15332031
27459 9708.24414062
27519 9684.67871094
27579 9664.4765625
27639 9650.20996094
27689 9638.11328125
27740 9630.32714844
27800 9615.39257812
27860 9607.37597656
27921 9586.4296875
27981 9558.66210938
28041 9545.18554688
28101 9535.60546875
28161 9523.48339844
28221 9503.74609375
28281 9489.65527344
28341 9485.94238281
28377 9478.32617188
28388 9477.47851562
28424 9461.12890625
28481 9442.3359375
28539 9426.97070312
28600 9407.41308594
28660 9399.54882812
28720 9387.390625
28780 9376.85058594
28840 9369.62792969
28900 9346.88476562
28960 9331.10546875
29020 9312.97949219
29080 9296.57617188
29141 9287.75488281
29201 9271.7734375
29261 9262.46972656
29321 9247.00390625
29381 9236.21582031
29441 9216.12695312
29501 9200.46289062
29561 9185.44335938
29622 9173.56835938
29682 9161.54882812
29742 9157.17675781
29802 9139.09667969
29862 9114.01171875
29922 9104.3359375
29982 9087.375
30042 9071.45410156
30103 9066.53613281
30163 9054.71191406
30223 9045.84277344
30283 9026.60742188
30343 9011.06738281
30403 8992.33398438
30450 8979.3125
30496 8967.17480469
30557 8953.49023438
30617 8940.73632812
30677 8935.125
30737 8913.8828125
30776 8899.76464844
30816 8888.25390625
30876 8878.58789062
30936 8866.77734375
30996 8848.52246094
31056 8839.93457031
31116 8821.01660156
31176 8810.41894531
31237 8791.71289062
31297 8776.99902344
31357 8772.96289062
31417 8771.53320312
31477 8756.58496094
31537 8741.58496094
31597 8728.47070312
31658 8720.66210938
31718 8706.76757812
31778 8689.88183594
31838 8679.17871094
31898 8661.06054688
31958 8653.79980469
32018 8644.48730469
32079 8627.515625
32139 8614.21191406
32199 8603.70019531
32259 8590.24316406
32319 8578.07128906
32379 8566.06738281
32439 8554.61914062
32499 8545.20898438
32560 8531.87207031
32620 8516.74121094
32680 8505.24511719
32740 8494.57421875
32800 8484.1875
32837 8473.05371094
32875 8468.16503906
32936 8451.42773438
32996 8442.84863281
33056 8429.34082031
33116 8423.37597656
33176 8407.02148438
33572 8967.38378906
33583 8965.16992188
33618 8954.17871094
33678 8935.91113281
33739 8918.22460938
33799 8902.00488281
33859 8884.58789062
33919 8871.45898438
33979 8850.99121094
34039 8835.85742188
34096 8823.51074219
34153 8808.83886719
34213 8789.12402344
34273 8769.91894531
34333 8756.46191406
34393 8740.17871094
34454 8729.546875
34514 8709.52050781
34574 8690.00878906
34634 8676.61523438
34694 8665.24707031
34754 8650.19921875
34814 8635.62792969
34875 8615.88671875
34935 8594.23925781
34995 8587.74121094
35055 8567.88574219
35115 8549.87402344
35175 8536.1484375
35235 8518.05664062
35296 8505.05175781
35356 8493.10058594
35416 8479.20996094
35459 8464.1484375
35503 8455.37988281
35563 8438.83105469
35624 8431.08203125
35684 8419.72265625
35720 8410.92675781
35735 8404.03417969
36390 8266.65332031
36451 8259.03417969
36511 8250.32421875
36571 8240.31347656
36631 8216.73144531
36691 8202.69238281
36751 8183.57226562
36811 8169.77294922
36871 8156.78613281
36932 8141.79980469
36992 8130.73144531
