0 19114.9609375
32 19114.1210938
47 19092.1152344
85 19069.6972656
154 18982.9863281
301 18845.8789062
317 18830.0332031
357 18813.9667969
392 18793.0566406
448 18796.265625
608 18731.9921875
1203 18364.984375
1383 18217.734375
1443 18216.6523438
1503 18180.4902344
1624 18098.8671875
2364 17400.1269531
2425 17381.9550781
2485 17368.3378906
2846 17067.1855469
3182 17906.875
3217 17886.8496094
3278 17848.5664062
3338 17811.5683594
3398 17786.1699219
3458 17762.5273438
3493 17735.6269531
3589 17738.2480469
3649 17711.6308594
3709 17675.4160156
3769 17648.3300781
3829 17611.578125
3889 17575.9941406
3950 17543.3476562
4010 17506.3613281
4070 17473.0625
4130 17445.5273438
4190 17412.3847656
4250 17372.2558594
4310 17333.3007812
4370 17295.8417969
4491 17270.7734375
4551 17260.9082031
4611 17235.8027344
4731 17152.1894531
4791 17122.2949219
4851 17081.8320312
4911 17052.4628906
4972 17022.9257812
5032 16990.9160156
5092 16960.5683594
5128 16942.8457031
5164 16915.4804688
5224 16900.8710938
5284 16859.6542969
5344 16824.7832031
5404 16786.1054688
5475 16805.1191406
5535 16773.2949219
5595 16736.5527344
5655 16716.2636719
5716 16681.7578125
5836 16600.5039062
5876 16585.8691406
5916 16570.2714844
5976 16555.6503906
6036 16520.390625
6096 16496.0546875
6157 16465.1953125
6217 16438.9101562
6277 16406.4785156
6337 16377.3525391
6451 16370.2285156
6486 16355.109375
6521 16334.9121094
6582 16306.1552734
6655 16284.7978516
6752 16211.375
6788 16198.3007812
6848 16157.5488281
6892 16143.8671875
6936 16129.7539062
6996 16092.1425781
7056 16049.5136719
7116 16015.7304688
7177 15992.9238281
7237 15989.3085938
7297 15954.3466797
7357 15929.6816406
7477 15920.4980469
7537 15897.1132812
7597 15868.0283203
7704 15771.8525391
7764 15745.6513672
7824 15736.7978516
7884 15707.9931641
7992 15702.7333984
8041 15691.9111328
8101 15664.8144531
8161 15626.421875
8221 15609.7929688
8281 15573.4072266
8341 15569.7998047
8402 15537.4951172
8522 15537.1503906
8582 15504.4414062
8642 15476.1484375
8702 15456.0703125
8762 15426.6855469
8823 15400.7822266
8883 15368.7167969
8943 15349.4296875
9001 15314.3027344
9059 15300.8222656
9118 15260.1044922
9168 15244.9316406
9519 15168.9482422
9639 15174.5800781
9699 15149.2392578
9759 15124.3291016
9820 15096.3769531
9880 15066.0166016
9940 15040.7539062
10000 15017.8886719
10060 14986.1308594
10121 14967.8251953
10181 14936.3759766
10241 14913.4023438
10301 14889.8203125
10361 14863.5498047
10421 14840.0537109
10456 14820.1142578
10492 14808.7792969
10612 14805.1259766
10672 14786.4589844
10724 14767.9404297
10775 14739.9052734
10835 14717.1132812
10895 14693.703125
10955 14669.4072266
11016 14647.7431641
11076 14615.9335938
11136 14592.4521484
11196 14574.6757812
11243 14557.9052734
11289 14532.1650391
11350 14510.1933594
11410 14491.6601562
11470 14467.7255859
11530 14445.8964844
11590 14416.6601562
11650 14392.7441406
11770 14394.4804688
11830 14383.7431641
11891 14361.1513672
11929 14339.9853516
11967 14323.9277344
12027 14283.4101562
12088 14270.2919922
12148 14253.609375
12208 14224.9980469
12268 14199.0820312
12328 14173.3837891
12388 14163.8505859
12448 14138.4365234
12509 14113.9023438
12569 14089.0791016
12629 14058.6513672
12678 14048.8486328
12727 14030.6660156
12787 14008.1132812
12847 13984.8076172
12968 13991.6738281
13028 13969.4111328
13088 13944.7158203
13148 13922.3916016
13208 13897.4550781
13268 13883.0634766
13309 13872.4404297
13350 13855.6015625
13410 13841.4072266
13471 13813.3642578
13531 13795.8164062
13591 13769.9804688
13651 13742.9238281
13711 13709.8916016
13771 13690.5839844
13831 13670.9648438
13891 13653.7861328
13952 13626.0517578
14072 13621.1337891
14132 13619.5664062
14192 13596.4941406
14252 13575.3691406
14313 13553.2353516
14373 13534.5117188
14433 13507.4892578
14493 13488.9355469
14553 13464.1484375
14613 13441.2646484
14673 13421.8857422
14723 13403.5185547
14773 13382.9384766
14833 13358.7412109
14893 13343.8134766
14953 13323.4970703
15013 13299.5996094
15062 13281.2011719
15111 13258.5605469
15172 13232.7255859
15352 13230.1181641
15412 13213.078125
15473 13184.2080078
15533 13161.9726562
15593 13141.4365234
15653 13120.3515625
15713 13096.9472656
15773 13081.6181641
15833 13061.4863281
15894 13037.1806641
15954 13015.453125
16014 12984.8222656
16074 12968.1318359
16134 12950.3994141
16194 12937.8496094
16251 12912.8613281
16368 12913.6640625
16428 12893.8837891
16488 12879.8535156
16548 12852.5810547
16602 12833.2617188
16656 12821.8427734
16716 12800.328125
16776 12778.3945312
16836 12761.7636719
16896 12741.0908203
16956 12721.8984375
17016 12695.8925781
17077 12685.2880859
17137 12665.7246094
17197 12649.6074219
17257 12630.1386719
17317 12611.3173828
17377 12586.3408203
17558 12570.8193359
17618 12546.1679688
17678 12540.4667969
17738 12513.8955078
17798 12490.7705078
17858 12471.0371094
17918 12451.0966797
17979 12436.4443359
18017 12423.7382812
18056 12410.3125
18117 12395.0214844
18177 12368.5888672
18237 12348.2265625
18297 12329.3125
18357 12310.3349609
18417 12294.078125
18477 12272.25
18538 12251.8798828
18718 12242.7021484
18778 12214.0527344
18838 12201.9082031
18898 12182.1855469
18958 12167.0214844
19019 12145.4121094
19319 12043.4521484
19380 12025.5273438
19440 12007.6044922
19500 11988.140625
19560 11969.8232422
19620 11941.5058594
19680 11930.0244141
19740 11906.5703125
19871 11909.0488281
19931 11887.7167969
19992 11868.4863281
20052 11862.7890625
20112 11844.8681641
20172 11825.0986328
20232 11802.9677734
20292 11793.4414062
20352 11771.9355469
20412 11749.6201172
20473 11735.5869141
20533 11719.7958984
20593 11697.2294922
20653 11674.0664062
20713 11666.5507812
20749 11650.7587891
20785 11643.421875
20845 11620.9755859
20905 11603.4472656
20965 11587.9003906
21086 11586.7460938
21146 11563.1181641
21206 11547.7626953
21266 11530.1494141
21326 11514.796875
21387 11492.8359375
21447 11467.8808594
21507 11443.8056641
21542 11440.7460938
21577 11423.8115234
21638 11404.5537109
21698 11388.1591797
21758 11375.828125
21818 11359.5039062
21878 11355.9267578
21938 11333.75
21999 11296.4326172
22059 11265.5957031
22119 11262.234375
22239 11277.765625
22299 11260.4023438
22359 11245.9248047
22419 11222.9804688
22480 11206.6367188
22540 11191.4833984
22600 11164.9804688
22660 11160.5615234
22720 11141.9775391
22780 11124.0507812
22840 11106.4287109
22900 11089.9492188
22961 11075.421875
23021 11054.7480469
23081 11036.2001953
23141 11017.7626953
23188 11005.7841797
23235 10997.0117188
23295 10986.5634766
23427 10975.6826172
23488 10954.7236328
23548 10941.3691406
23608 10922.1279297
23668 10904.9726562
23728 10888.2080078
23789 10869.3105469
23849 10849.8271484
23909 10835.1455078
23969 10824.2978516
24029 10811.5683594
24089 10796.9443359
24150 10772.9785156
24210 10743.2607422
24270 10723.5917969
24330 10712.8701172
24390 10701.8935547
24425 10694.0986328
24460 10684.9306641
24518 10666.4433594
24576 10652.8876953
24696 10650.0488281
24756 10627.1503906
24816 10601.1025391
24877 10582.7519531
24937 10577.171875
24997 10554.3886719
25057 10540.7792969
25117 10525.0498047
25177 10501.5673828
25237 10488.5869141
25297 10469.4873047
25357 10468.7900391
25411 10449.8925781
25465 10433.8945312
25525 10418.3193359
25585 10398.4619141
25645 10386.5986328
25705 10371.0712891
25741 10361.4599609
25751 10358.203125
25787 10342.9248047
25847 10307.0683594
25967 10310.4238281
26027 10289.9541016
26142 10276.9550781
26197 10257.6572266
26258 10239.7353516
26318 10231.3564453
26378 10209.9306641
26438 10193.1992188
26498 10175.1103516
26558 10154.3339844
26618 10136.1025391
26678 10133.0644531
26738 10115.2744141
26799 10105.6572266
26859 10086.8125
26919 10065.0888672
26979 10049.2832031
27039 10031.7177734
27099 10017.3359375
27220 10022.5039062
27280 10004.5976562
27340 9975.17578125
27400 9973.23046875
27454 9965.0625
27507 9950.81054688
27568 9932.59179688
27628 9917.81933594
27688 9899.89355469
27748 9885.11328125
27808 9880.7265625
27869 9870.37304688
27929 9852.77050781
27989 9840.84082031
28049 9824.01855469
28109 9810.62011719
28169 9795.18945312
28230 9777.60253906
28290 9759.66601562
28410 9741.01464844
28470 9718.25585938
28531 9705.5546875
28591 9685.86816406
28651 9674.77636719
28711 9662.11035156
28771 9642.5
28831 9641.15527344
28891 9619.39453125
28951 9599.48046875
29012 9585.58886719
29072 9570.8046875
29132 9556.84667969
29192 9546.24414062
29252 9531.71679688
29312 9519.54296875
29372 9506.06933594
29432 9494.23632812
29493 9467.06445312
29540 9461.57421875
29588 9445.30273438
29649 9432.77148438
29709 9431.78320312
29769 9424.47460938
29829 9416.84765625
29889 9414.27832031
29949 9405.38378906
30009 9390.75488281
30370 9373.10742188
30430 9360.7578125
30490 9346.89746094
30550 9320.01757812
30610 9310.7265625
30671 9300.56640625
30731 9289.00097656
30791 9273.234375
30851 9262.26660156
30911 9252.69238281
30971 9234.96875
31031 9221.33300781
31092 9203.06835938
31152 9186.67773438
31212 9180.40527344
31272 9166.26464844
31332 9151.54785156
31392 9134.93554688
31452 9123.05957031
31512 9109.91113281
31573 9098.16992188
31633 9086.59570312
31693 9070.31347656
31753 9063.28417969
31813 9051.81445312
31873 9042.94824219
31933 9024.24023438
31988 9012.30175781
32042 8997.18359375
32102 8986.73242188
32145 8977.68847656
32187 8971.85351562
32248 8956.43457031
32308 8941.75976562
32368 8925.97558594
32428 8915.32910156
32488 8899.64746094
32549 8892.93066406
32609 8879.79589844
32669 8866.13574219
32729 8853.98730469
32789 8842.12792969
32849 8828.83691406
32910 8815.35351562
32970 8802.13183594
33030 8794.27441406
33090 8778.53515625
33150 8767.66308594
33210 8756.51367188
33270 8744.26269531
33330 8731.17773438
33390 8727.53125
33451 8713.5703125
33511 8702.95117188
33571 8692.59570312
33631 8673.57714844
33691 8664.61328125
33751 8648.95410156
33811 8638.61035156
33871 8631.93554688
33932 8616.13574219
33992 8602.02441406
34052 8592.7890625
34112 8581.43066406
34172 8563.01660156
34232 8545.89648438
34292 8533.30761719
34352 8527.14550781
34413 8516.72363281
34473 8505.44726562
34531 8499.05761719
34588 8483.15234375
34649 8469.32421875
34709 8453.41113281
34769 8436.00976562
34829 8418.40429688
34889 8408.1484375
34949 8394.77734375
35190 9017.34570312
35250 9003.06542969
35491 8965.08984375
35551 8950.65917969
35611 8939.28710938
35671 8925.80273438
35732 8908.03125
35792 8897.36328125
35852 8882.47070312
35912 8872.46484375
35972 8848.10449219
36032 8836.19628906
36093 8827.63574219
36153 8811.70410156
36213 8790.82226562
36273 8779.27148438
36333 8771.96582031
36393 8758.43164062
36454 8743.7890625
36514 8726.671875
36574 8716.96386719
36634 8704.6015625
36694 8692.72558594
36754 8684.91992188
36815 8670.74609375
36875 8658.42089844
36935 8639.59082031
36995 8626.39355469
37055 8612.04003906
37115 8599.56054688
37175 8584.73339844
37235 8571.81347656
37296 8560.07617188
37356 8548.69238281
37416 8533.38476562
37476 8521.87304688
37536 8508.58496094
37596 8495.10351562
37656 8481.23046875
37716 8468.61230469
37777 8455.30566406
37837 8437.640625
37897 8421.95410156
37957 8413.57421875
38017 8402.71679688
38077 8389.81542969
38137 8376.53417969
38197 8366.93066406
38258 8352.97167969
38318 8338.98632812
38378 8321.50585938
38438 8313.515625
38498 8300.55664062
38558 8290.92675781
38618 8277.60546875
38679 8269.29589844
38739 8258.53515625
38975 8651.79980469
39215 8615.00683594
39275 8601.31640625
39336 8585.00488281
39396 8575.00097656
39456 8567.09667969
39516 8562.32128906
39576 8546.71972656
39636 8538.23046875
39696 8519.20410156
39756 8505.22851562
39817 8488.33300781
39877 8468.95703125
39937 8456.33007812
39997 8441.44335938
40057 8429.11523438
40117 8411.48535156
40178 8401.34277344
40238 8384.12109375
40298 8371.55957031
40358 8356.44726562
40418 8340.73535156
40478 8326.50488281
40539 8309.0078125
40599 8297.29589844
40659 8286.90820312
40719 8269.74316406
40779 8258.60839844
40839 8243.50976562
40900 8229.06640625
40960 8214.921875
41020 8197.37011719
41080 8184.58837891
41140 8169.9609375
41200 8156.20117188
41260 8143.57373047
41320 8131.97216797
41381 8119.04980469
41441 8105.11669922
41501 8090.60400391
41561 8075.79394531
41622 8061.73925781
41682 8050.63085938
41742 8035.94677734
41802 8022.56054688
41862 8011.77929688
41922 7996.02294922
41968 7983.11572266
42014 7969.87646484
42075 7956.32080078
42135 7943.37207031
42195 7931.19140625
42255 7918.07958984
42315 7904.51708984
42375 7893.29931641
42436 7881.86523438
42496 7868.81298828
42556 7855.890625
42616 7841.5390625
42736 7825.00341797
42796 7808.12792969
42856 7793.58642578
42917 7782.66796875
42977 7767.37744141
43037 7755.94580078
43097 7743.39599609
43157 7731.68457031
43217 7717.07958984
43278 7699.23193359
43338 7686.12597656
43398 7671.80615234
43458 7656.89306641
43518 7646.1875
43578 7633.89404297
43638 7617.71582031
43699 7607.46679688
43759 7592.66259766
43819 7573.17431641
43879 7560.25732422
43939 7553.08349609
43999 7545.11523438
44060 7533.55224609
44120 7520.92675781
44180 7511.39501953
44240 7496.2890625
44296 7485.15722656
44351 7475.66064453
44387 7465.63964844
44401 7462.28613281
44441 7452.37792969
44501 7444.32128906
44561 7431.60058594
44621 7421.97753906
44682 7410.48925781
44742 7391.81640625
44802 7380.33789062
44862 7370.93652344
44922 7368.49755859
44982 7345.14306641
45042 7334.90429688
45102 7328.8046875
45162 7324.51904297
45223 7321.34521484
45283 7316.03417969
45343 7300.80224609
45403 7288.70214844
45463 7281.79785156
45523 7271.40722656
45583 7254.93164062
45643 7232.16796875
45703 7226.55126953
45764 7220.55761719
45824 7211.14599609
45884 7204.99365234
45944 7196.27197266
46004 7186.08154297
46125 7160.41699219
46185 7152.87451172
46245 7139.87695312
46305 7134.83056641
46365 7119.07763672
46425 7109.74462891
46485 7099.63964844
46546 7083.89013672
46606 7078.07080078
46666 7067.50732422
46726 7059.52978516
46786 7048.82763672
46846 7036.9765625
46906 7023.36962891
46966 7012.33251953
47011 7005.44433594
47055 6994.65722656
47116 6985.97070312
47176 6976.93896484
47236 6965.67871094
47296 6963.39648438
47356 6950.78759766
47416 6938.68701172
47476 6926.48242188
47536 6916.20996094
47596 6905.15527344
47657 6896.21875
47717 6884.71777344
47777 6876.39794922
47837 6865.70751953
47897 6859.36621094
47957 6847.31201172
48017 6835.22607422
48077 6828.80615234
48138 6812.4140625
48198 6805.73681641
48258 6791.12988281
48315 6787.74853516
48371 6777.95947266
48432 6770.69238281
48492 6760.95654297
48552 6750.125
48612 6732.84277344
48673 6720.49658203
48733 6714.08203125
48793 6707.01416016
48853 6698.26757812
48913 6692.20166016
48973 6681.64160156
49034 6672.96435547
49087 6663.65527344
49140 6653.84130859
49200 6639.58886719
49260 6631.27441406
49321 6622.98144531
49381 6615.26660156
49441 6605.37451172
49501 6592.67724609
49561 6580.82421875
49621 6571.38085938
49681 6562.04003906
49742 6552.31542969
49802 6539.20849609
49862 6530.97998047
49922 6521.47558594
49982 6513.97753906
