0 18763.0839844
96 18671.7421875
109 18669.8613281
391 18365.625
512 18367.3183594
547 18336.7871094
583 18307.7558594
782 18101.8984375
843 18073.8144531
886 18063.4023438
929 18043.5683594
989 18014.0742188
1624 17771.546875
1684 17759.8007812
2238 17348.2050781
2277 17324.1347656
2337 17299.5097656
2397 17289.0878906
2445 17266.0351562
2479 17242.1816406
2942 17387.0664062
3002 17384.8476562
3243 17240.5527344
3303 17211.0
3363 17176.9179688
3469 17104.9082031
3576 17033.4414062
3637 17014.7695312
3697 16991.3632812
3757 16961.8613281
3817 16930.6777344
3877 16897.4394531
3997 16889.5
4057 16863.4648438
4118 16834.6152344
4341 16667.0273438
4402 16646.734375
4582 16544.15625
4642 16508.9355469
4702 16476.1796875
4762 16448.4863281
4823 16419.0585938
4943 16429.3652344
5123 16324.0908203
5171 16305.4345703
5219 16282.4169922
5459 16141.6386719
5520 16128.4208984
5580 16104.4257812
5640 16070.6767578
5700 16046.0917969
5760 16015.7939453
5820 15997.8867188
5880 15971.1357422
6061 15934.1728516
6181 15865.6240234
6241 15847.6611328
6301 15815.6015625
6337 15792.6914062
6373 15767.3867188
6494 15708.1835938
6554 15675.2958984
6614 15662.6015625
6674 15632.1816406
6854 15521.0761719
7035 15524.9541016
7095 15495.3554688
7155 15469.0703125
7395 15476.2275391
7455 15456.8105469
7516 15431.1796875
7576 15409.3837891
7636 15382.3681641
7696 15362.5253906
7756 15333.2236328
7816 15303.6572266
7853 15297.1054688
7891 15280.3466797
7951 15251.0117188
8012 15225.0732422
8192 15215.5263672
8252 15194.8173828
8312 15164.2451172
8373 15135.4746094
8433 15111.3984375
8493 15086.7285156
8553 15062.5605469
8604 15035.8261719
8654 15011.8310547
8714 14995.6748047
8775 14969.3886719
8825 14949.9130859
8875 14926.4667969
8936 14899.5820312
8971 14890.1503906
9006 14870.3730469
9041 14852.9951172
9077 14839.6035156
9197 14828.4570312
9257 14825.9794922
9292 14811.9121094
9328 14800.28125
9388 14765.4482422
9448 14732.9199219
9508 14712.7636719
9568 14690.9550781
9628 14664.9541016
9688 14650.6611328
9749 14627.8242188
9869 14565.4863281
9929 14547.4365234
9989 14529.3271484
10049 14502.7675781
10109 14477.0527344
10170 14453.1572266
10230 14433.5869141
10350 14443.8017578
10410 14416.375
10470 14391.0
10578 14351.1621094
10626 14324.203125
10686 14305.1787109
10747 14283.2568359
10807 14263.1982422
10867 14238.8603516
10927 14217.8046875
10987 14189.2226562
11047 14159.0908203
11107 14149.0820312
11168 14113.6162109
11228 14099.1113281
11288 14068.6943359
11348 14040.5605469
11468 14023.5751953
11529 14023.2607422
11589 14007.1396484
11649 13991.4248047
11709 13979.2871094
11769 13953.9726562
11829 13924.5449219
11889 13901.4980469
11950 13874.1552734
12010 13848.5849609
12070 13827.8125
12114 13808.5683594
12158 13785.0576172
12218 13760.2587891
12278 13733.1865234
12338 13717.6074219
12398 13695.5146484
12458 13677.0058594
12579 13658.3564453
12639 13653.1503906
12699 13644.2490234
12759 13610.8867188
12819 13577.0019531
12879 13553.3779297
12939 13533.9921875
13000 13512.6435547
13060 13492.2109375
13120 13457.3720703
13180 13430.0917969
13222 13412.1650391
13265 13411.8691406
13325 13399.7314453
13385 13373.7626953
13445 13358.7255859
13506 13327.0478516
13566 13302.0029297
13626 13279.3466797
13686 13253.9765625
13746 13232.203125
13866 13238.8339844
13926 13215.5029297
13987 13184.0488281
14047 13150.7197266
14107 13132.9892578
14407 13130.6113281
14467 13103.0322266
14528 13081.6240234
14588 13065.6416016
14648 13044.3789062
14708 13022.2548828
14768 13008.6816406
14828 12983.1767578
14888 12967.1269531
15008 12982.4160156
15069 12959.5625
15129 12932.6591797
15189 12908.0283203
15224 12895.5107422
15259 12882.4707031
15320 12872.9238281
15380 12852.9804688
15440 12835.4355469
15501 12820.1289062
15561 12795.4101562
15621 12787.0761719
15681 12755.7558594
15741 12740.1259766
15801 12716.9628906
15861 12696.4589844
15921 12680.9677734
15982 12652.0722656
16042 12645.078125
16102 12634.3027344
16223 12626.640625
16277 12609.90625
16331 12589.1513672
16392 12572.5244141
16452 12560.6914062
16512 12543.7675781
16572 12525.0283203
16632 12502.6191406
16727 12485.0097656
16763 12466.5224609
16818 12445.2148438
16873 12423.3212891
16933 12403.1337891
16993 12378.3203125
17053 12358.2744141
17114 12336.8779297
17174 12333.28125
17234 12314.1386719
17294 12306.6269531
17354 12288.1328125
17414 12268.7978516
17535 12274.4589844
17595 12253.7050781
17655 12234.1054688
17715 12221.2226562
17775 12192.4160156
17835 12182.1513672
17895 12166.8105469
17955 12141.5410156
18015 12124.1933594
18076 12108.3789062
18136 12088.9746094
18196 12074.2617188
18256 12060.7392578
18316 12030.0791016
18376 12013.9609375
18436 12001.2607422
18496 11991.2041016
18557 11982.9404297
18617 11958.015625
18665 11933.7734375
18774 11935.8046875
18834 11922.0224609
18894 11906.9472656
18955 11890.046875
19015 11870.2861328
19075 11859.6904297
19135 11837.0029297
19195 11818.1816406
19255 11794.5615234
19315 11772.0224609
19375 11768.5761719
19436 11737.546875
19496 11726.8261719
19531 11718.7675781
19566 11706.1474609
19626 11696.0019531
19686 11677.1835938
19746 11646.2128906
19807 11622.0185547
19867 11601.5703125
19987 11582.5927734
20107 11594.2421875
20168 11572.0517578
20228 11557.1435547
20288 11547.375
20348 11521.5234375
20408 11500.6943359
20468 11486.9042969
20528 11469.6162109
20573 11461.5351562
20617 11449.3222656
20678 11428.6943359
20738 11415.3339844
20798 11407.5283203
20858 11377.3369141
20907 11349.6416016
20955 11328.3300781
21015 11313.8164062
21076 11303.8974609
21136 11275.7705078
21196 11256.4023438
21256 11232.9335938
21316 11227.0009766
21436 11250.6738281
21497 11231.5712891
21557 11214.8828125
21617 11192.1064453
21677 11180.9667969
21737 11160.7685547
21797 11157.3017578
21858 11136.7275391
21918 11114.7363281
21978 11093.4277344
22038 11068.4980469
22098 11040.8535156
22218 11045.1591797
22278 11022.3476562
22339 11012.8173828
22399 11003.7832031
22459 10996.2636719
22519 10973.3212891
22575 10951.8330078
22632 10929.2998047
22753 10936.8876953
22813 10911.7871094
22873 10895.7089844
22933 10885.1347656
22993 10879.7734375
23114 10869.3261719
23174 10843.859375
23234 10822.0458984
23294 10802.0380859
23354 10787.8583984
23414 10775.1298828
23474 10760.8955078
23535 10739.6679688
23655 10657.2597656
23715 10651.1757812
23776 10629.2675781
23836 10613.3857422
23896 10593.1210938
23956 10577.84375
24016 10565.8662109
24136 10564.4775391
24197 10554.6835938
24257 10533.1503906
24317 10513.3876953
24377 10490.0693359
24554 10439.1748047
24615 10427.2441406
24675 10417.046875
24735 10404.3964844
24795 10397.3691406
24855 10387.8173828
24915 10374.9960938
24976 10360.6757812
25036 10350.2617188
25096 10336.7080078
25156 10320.8339844
25216 10302.5419922
25276 10282.7900391
25336 10265.0585938
25396 10241.8388672
25517 10237.2216797
25577 10228.7949219
25637 10219.2382812
25757 10206.6630859
25817 10183.8583984
25877 10166.3417969
25937 10159.0107422
25998 10136.0908203
26058 10123.0361328
26112 10106.7119141
26228 10096.7382812
26288 10079.9667969
26348 10056.1220703
26408 10037.7529297
26468 10026.8886719
26528 10013.8583984
26674 9972.5546875
26735 9970.9375
26795 9954.83007812
26915 9941.29003906
26975 9932.96484375
27035 9904.11523438
27096 9886.99707031
27216 9881.54101562
27276 9877.484375
27396 9860.203125
27456 9841.20898438
27516 9825.69335938
27576 9811.3203125
27637 9795.20605469
27697 9785.11816406
27757 9780.953125
27817 9768.60546875
27877 9761.74414062
27937 9744.77832031
27998 9726.25292969
28058 9715.00488281
28118 9700.51757812
28178 9692.14746094
28238 9682.91015625
28298 9669.35546875
28358 9659.34570312
28479 9668.49609375
28539 9664.0546875
28599 9640.33691406
28659 9617.47558594
28719 9614.43359375
28767 9609.53808594
28815 9599.77636719
28875 9585.86523438
28935 9578.34765625
28995 9572.32226562
29055 9548.77734375
29115 9521.95214844
29175 9516.44628906
29296 9520.65820312
29356 9511.35449219
29416 9511.28515625
29476 9497.17675781
29536 9482.07714844
29596 9468.43945312
29690 9456.56347656
29750 9435.91992188
29810 9425.77246094
29991 9417.20117188
30051 9401.06835938
30111 9375.9140625
30171 9359.91113281
30291 9351.25195312
30351 9338.60253906
30412 9324.15527344
30472 9308.62988281
30532 9292.12792969
30592 9280.81152344
30652 9262.7109375
30712 9249.17480469
30772 9243.00097656
30833 9227.28222656
30893 9212.17285156
30953 9211.33984375
31013 9188.23632812
31073 9173.84179688
31133 9159.03515625
31193 9147.55371094
31254 9138.14160156
31314 9127.70605469
31374 9116.15332031
31434 9100.72753906
31554 9098.44042969
31674 9098.45410156
31735 9076.03613281
31795 9069.29101562
31855 9061.65625
31915 9051.14746094
31975 9046.47558594
32035 9036.37792969
32095 9028.79882812
32156 9023.00585938
32251 8952.91113281
32286 8944.91015625
32347 8939.14160156
32407 8913.66308594
32467 8905.90039062
32527 8872.46582031
32587 8865.72558594
32647 8846.74511719
32767 8846.8515625
32828 8843.375
32888 8822.95996094
33008 8806.78027344
33188 8812.296875
33248 8795.00292969
33429 8764.4296875
33489 8740.92089844
33610 8732.39160156
33670 8719.98339844
33730 8697.48046875
33850 8687.98144531
33910 8663.24316406
34031 8643.56933594
34091 8642.46875
34211 8613.90039062
34271 8610.94042969
34331 8593.62011719
34391 8581.43066406
34451 8568.89160156
34572 8567.94921875
34632 8537.50292969
34749 8556.53613281
34810 8542.12988281
34870 8512.22851562
34990 8503.69628906
35110 8479.25390625
35170 8477.29589844
35231 8467.65722656
35351 8458.64453125
35411 8439.50878906
35471 8422.96484375
35592 8414.49023438
35712 8381.92382812
35772 8368.73535156
35892 8368.09472656
35952 8343.3203125
36073 8330.41601562
36253 8286.12304688
36373 8269.48925781
36494 8269.14550781
36554 8257.46875
36614 8239.13769531
36794 8223.44335938
36854 8207.48339844
36915 8190.85498047
37516 8889.73046875
37576 8874.9921875
37636 8861.12792969
37693 8851.6328125
37750 8843.76171875
37811 8822.55273438
37871 8809.46191406
37931 8795.5390625
37991 8794.80175781
38051 8782.13867188
38111 8767.21777344
38171 8750.61035156
38231 8745.25585938
38292 8725.73730469
38352 8709.58105469
38412 8706.20605469
38472 8686.72265625
38532 8676.77050781
38592 8665.99023438
38652 8653.98632812
38712 8639.6015625
38773 8623.49121094
38833 8616.67773438
38893 8601.1171875
38953 8586.26855469
39013 8574.99316406
39073 8565.08984375
39133 8552.25195312
39193 8540.0625
39253 8520.87792969
39291 8517.67480469
39329 8509.73144531
39389 8501.55761719
39450 8487.86914062
39510 8479.90234375
39570 8472.46289062
39630 8449.64550781
39690 8439.23535156
39750 8428.84179688
39811 8411.58105469
39871 8403.80371094
39931 8394.21191406
39991 8385.27734375
40051 8376.52148438
40111 8358.07519531
40171 8346.08007812
40231 8334.02734375
40292 8324.578125
40352 8312.05078125
40412 8294.74902344
40472 8277.38476562
40532 8267.12890625
40592 8254.68945312
40652 8246.61914062
40713 8234.12597656
40773 8223.359375
40893 8208.84277344
41383 8161.71386719
41443 8150.86914062
41503 8149.78857422
41563 8127.19775391
41623 8117.14941406
41684 8106.47705078
41744 8095.95703125
41804 8075.14160156
41924 8023.77636719
