0 18799.9199219
86 18731.5800781
97 18730.46875
194 18712.3886719
315 18641.2675781
575 18359.7734375
616 18334.1523438
1819 17774.484375
1879 17747.7792969
2324 17746.9628906
2542 17651.5097656
2559 17637.3359375
2599 17613.0136719
2780 17521.2636719
2900 17451.0546875
3261 17187.4726562
3501 17004.125
3622 17004.4824219
3742 16954.2929688
3983 16824.7128906
4234 16677.9746094
4334 16624.9980469
4374 16619.2890625
4540 16529.5371094
4696 16481.5097656
4876 16417.1640625
5297 16174.4521484
5872 16026.5410156
5932 16017.2011719
6508 15882.4970703
6688 15819.6601562
6748 15815.4794922
6809 15789.3330078
6869 15766.2978516
7049 15676.6816406
7102 15651.0830078
7143 15632.0195312
7253 15581.0556641
7373 15535.8847656
7494 15471.1484375
7554 15452.9707031
7794 15392.5478516
7915 15336.1210938
8035 15274.3183594
8155 15226.0986328
8215 15201.5957031
8275 15179.203125
8484 15086.6728516
8605 15035.1787109
8665 15014.7109375
8725 14992.7783203
8845 14955.7539062
8905 14949.7753906
9000 14902.9306641
9035 14895.1298828
9096 14872.6591797
9216 14827.5498047
9276 14800.7529297
9456 14716.1416016
9496 14705.3896484
9535 14690.8193359
9595 14665.1474609
9774 14582.0185547
9834 14568.0595703
9894 14543.7539062
10014 14521.4287109
10074 14520.8105469
10134 14499.9511719
10175 14483.359375
10215 14471.0478516
10396 14385.4775391
10577 14287.8515625
10637 14260.9042969
10697 14250.9912109
10852 14175.2646484
10888 14165.40625
10988 14118.1044922
11027 14106.2001953
11147 14123.6816406
11268 14070.0009766
11317 14050.1210938
11341 14032.8212891
11377 14020.4501953
11437 13999.1582031
11497 13980.5947266
11557 13960.4335938
11617 13939.2910156
11677 13917.4160156
11798 13868.0898438
11918 13843.765625
12038 13793.2480469
12219 13712.8759766
12339 13711.5927734
12399 13693.4560547
12439 13681.4667969
12479 13658.6884766
12538 13633.5244141
12598 13622.4716797
12658 13597.1582031
12718 13581.0634766
12778 13554.5810547
12839 13534.0400391
12959 13475.6865234
13199 13377.6894531
13259 13356.2294922
13303 13337.7431641
13406 13335.4570312
13452 13328.2294922
13499 13314.6152344
13559 13303.2089844
13619 13278.3330078
13680 13256.9345703
13740 13234.6835938
13980 13248.9365234
14101 13212.7753906
14161 13191.046875
14221 13167.6679688
14281 13146.5712891
14340 13135.0888672
14399 13117.2958984
14459 13092.9306641
14519 13067.4003906
14579 13052.1015625
14700 13057.8652344
14760 13042.0488281
14820 13021.8134766
14940 12981.0136719
15060 12933.7548828
15121 12910.6318359
15181 12888.0419922
15241 12865.7539062
15301 12841.1289062
15361 12819.5048828
15420 12804.7822266
15464 12787.3330078
15510 12776.2158203
15570 12754.6826172
15631 12736.9179688
15676 12715.9052734
15721 12712.2783203
15782 12693.6982422
15902 12702.2421875
15962 12675.96875
16022 12656.3066406
16082 12635.6542969
16143 12616.1259766
16203 12597.1943359
16263 12581.2119141
16311 12569.2734375
16360 12543.2880859
16420 12529.2001953
16480 12503.9775391
16540 12484.0966797
16601 12462.6269531
16661 12452.3378906
16721 12436.7978516
16781 12413.5058594
16841 12397.2529297
16901 12371.4287109
16962 12348.6826172
17016 12336.7734375
17070 12318.5791016
17191 12318.8330078
17251 12303.9003906
17311 12278.1943359
17346 12267.1142578
17381 12261.0595703
17442 12238.0283203
17502 12223.6054688
17562 12197.3583984
17622 12182.1777344
17682 12167.9873047
17742 12147.40625
17802 12129.0078125
17862 12107.6806641
17923 12092.7578125
18043 12038.6582031
18103 12024.4628906
18163 12007.8789062
18223 11982.8115234
18283 11966.9248047
18464 11959.046875
18501 11950.0878906
18539 11932.859375
18599 11913.5107422
18659 11900.703125
18720 11878.65625
18780 11861.6494141
18840 11837.0664062
18882 11823.4863281
18900 11820.0009766
18935 11810.9501953
18996 11786.8134766
19056 11767.4765625
19116 11749.5048828
19176 11733.8916016
19236 11710.9316406
19296 11691.4316406
19356 11677.0644531
19416 11652.2851562
19477 11627.6933594
19537 11613.3359375
19597 11594.6162109
19657 11574.9550781
19777 11586.9746094
19838 11581.2568359
19898 11563.6523438
19958 11539.7646484
20018 11524.8466797
20138 11480.4628906
20198 11455.0380859
20258 11440.625
20319 11423.2792969
20379 11399.8388672
20439 11390.6777344
20499 11375.0380859
20559 11359.7246094
20619 11342.6542969
20679 11317.2763672
20740 11302.3564453
20800 11281.5048828
20860 11268.0078125
20920 11253.4804688
21040 11272.3710938
21076 11259.7226562
21111 11243.9707031
21171 11237.4804688
21231 11221.0683594
21291 11205.1210938
21352 11183.0439453
21412 11168.3125
21472 11150.2246094
21532 11134.3935547
21592 11118.8896484
21652 11107.2519531
21713 11086.7460938
21773 11078.7773438
21833 11060.1376953
21893 11045.1259766
21953 11033.0791016
22013 11017.7724609
22055 11003.0771484
22097 10987.9492188
22157 10972.9658203
22217 10956.9550781
22277 10939.1826172
22397 10939.0048828
22458 10921.4482422
22518 10902.1923828
22578 10879.6640625
22638 10868.5556641
22698 10858.2167969
22750 10834.0498047
22802 10817.71875
22862 10800.6201172
22922 10794.609375
22983 10784.0126953
23043 10763.6552734
23103 10748.5820312
23163 10727.375
23223 10707.4453125
23283 10683.8203125
23343 10662.7275391
23404 10654.7939453
23464 10636.9111328
23524 10627.2666016
23584 10615.2949219
23644 10603.1953125
23704 10579.9179688
23825 10585.9736328
23885 10584.3671875
23945 10571.8945312
24005 10550.5556641
24065 10531.7783203
24125 10520.0732422
24186 10507.0595703
24246 10496.2138672
24306 10488.7695312
24366 10464.5244141
24426 10448.6513672
24486 10435.15625
24546 10421.3144531
24607 10407.1503906
24667 10388.9355469
24727 10379.8515625
24787 10361.6503906
24822 10355.9824219
24858 10348.5761719
24918 10333.1455078
24978 10314.9433594
25038 10302.8027344
25098 10287.7646484
25219 10275.5419922
25279 10271.9091797
25339 10261.2402344
25399 10242.9707031
25459 10226.0957031
25519 10211.9648438
25579 10205.0302734
25640 10194.8027344
25700 10176.0351562
25760 10169.0136719
25940 10088.1181641
26001 10064.9072266
26121 10057.1630859
26181 10040.7060547
26241 10029.0800781
26301 10011.4716797
26361 9992.04882812
26421 9976.76367188
26482 9956.16601562
26542 9936.97851562
26662 9947.08886719
26697 9942.17382812
26732 9933.11816406
26793 9924.61523438
26853 9906.22753906
26913 9891.95507812
26973 9878.95214844
27033 9865.35742188
27093 9852.15527344
27154 9846.28515625
27214 9826.1796875
27274 9809.35546875
27334 9794.93066406
27454 9750.84082031
27514 9734.88867188
27575 9730.734375
27635 9717.09277344
27695 9691.94042969
27755 9668.73535156
27815 9655.5234375
27875 9635.6328125
27936 9618.70898438
27996 9608.37890625
28116 9599.95996094
28176 9591.31445312
28236 9572.92675781
28296 9557.49121094
28356 9545.15820312
28416 9537.22070312
28477 9520.85058594
28537 9497.56152344
28597 9479.14550781
28657 9475.81933594
28717 9470.06152344
28777 9467.44335938
28837 9448.859375
28933 9430.97558594
29028 9380.61035156
29088 9369.84960938
29149 9354.38769531
29209 9353.01660156
29269 9335.53515625
29329 9325.67675781
29389 9309.66308594
29449 9296.78417969
29509 9289.22167969
29560 9274.53125
29680 9296.66015625
29740 9277.5
29800 9268.5703125
29860 9252.25097656
29981 9214.11914062
30041 9206.07519531
30101 9198.25097656
30161 9186.00292969
30221 9177.85742188
30282 9160.59960938
30342 9147.72167969
30402 9137.51171875
30462 9124.765625
30522 9116.57421875
30582 9098.37207031
30642 9093.93457031
30702 9071.92578125
30763 9057.2578125
30823 9055.32617188
30883 9046.6484375
30943 9026.74316406
31003 9014.85546875
31063 8995.14746094
31184 9007.578125
31244 8991.0078125
31304 8972.39550781
31364 8954.62109375
31406 8943.88183594
31447 8934.89355469
31507 8926.77929688
31567 8908.93164062
31628 8894.81933594
31688 8877.8828125
31748 8867.54296875
31808 8856.55175781
31868 8848.45800781
31988 8841.1953125
32109 8797.04101562
32169 8775.6171875
32229 8757.26367188
32289 8749.47460938
32349 8745.19433594
32409 8738.30273438
32470 8727.86230469
32530 8718.90820312
32590 8697.31835938
32770 8677.13769531
32830 8663.37695312
32890 8643.28320312
32951 8627.71679688
33071 8594.56152344
33131 8582.97753906
33191 8566.70410156
33251 8543.12207031
33311 8532.27148438
33371 8527.44824219
33432 8514.77636719
33552 8505.42480469
33612 8489.5
33672 8470.56445312
33732 8449.34960938
33793 8436.75
33853 8426.93554688
33913 8400.45898438
33973 8392.8125
34033 8381.48046875
34093 8371.39453125
34153 8361.15625
34213 8359.43261719
34394 8361.11132812
34454 8344.53710938
34514 8329.81445312
34574 8322.14453125
34634 8319.57324219
34694 8316.08007812
34755 8303.73242188
34815 8298.67089844
34875 8280.36914062
34935 8273.07617188
34995 8262.93066406
35055 8251.19042969
35115 8235.328125
35176 8234.22167969
35236 8227.98046875
35296 8224.59667969
35356 8216.30664062
35416 8208.85253906
35476 8190.79052734
35536 8183.21972656
35597 8172.29980469
35657 8154.52587891
35717 8150.06884766
35777 8143.02880859
35837 8128.09716797
35897 8121.41992188
35958 8114.92138672
36018 8101.34472656
36078 8086.4296875
36138 8078.37451172
36198 8071.74804688
36258 8059.7890625
36318 8043.04296875
36379 8028.14453125
36439 8013.16796875
36499 7999.86865234
36536 7992.18701172
36573 7989.27246094
36609 7984.47851562
36644 7980.34277344
36704 7968.69384766
36765 7960.671875
36800 7959.35595703
36835 7948.63916016
36895 7941.69287109
36955 7931.03466797
37016 7917.83203125
37076 7912.35253906
37136 7908.73925781
37196 7906.58544922
37231 7901.0
37498 8431.828125
37558 8409.97265625
37619 8387.07617188
37903 8557.9453125
37963 8546.5390625
38023 8530.65234375
38083 8518.31445312
38143 8498.3828125
38204 8480.20605469
38264 8469.17675781
38324 8464.375
38384 8454.46679688
38444 8439.99121094
38504 8433.71875
38564 8413.15429688
38625 8401.46582031
38685 8386.53710938
38745 8373.27929688
38805 8365.76367188
38865 8350.04199219
38925 8340.88769531
38985 8331.67480469
39045 8319.05175781
39106 8304.10449219
39166 8291.62304688
39226 8276.90332031
39286 8266.14941406
39346 8253.03417969
39406 8241.70898438
39467 8223.28320312
39527 8210.40820312
39587 8202.64453125
39647 8195.48925781
39707 8188.15039062
39768 8169.12353516
39828 8160.22070312
39888 8146.046875
39948 8135.34863281
40008 8126.38720703
40068 8113.32910156
40129 8097.62988281
40189 8089.99511719
40249 8074.82714844
40309 8062.68408203
40790 8404.33496094
40850 8388.04785156
40910 8371.95019531
40971 8356.62695312
41031 8341.28417969
41091 8325.69238281
41151 8311.94335938
41211 8293.96777344
41271 8279.6484375
41331 8260.390625
41391 8248.67773438
41452 8236.00097656
41512 8222.08691406
41572 8207.16015625
41632 8191.96435547
41692 8176.7890625
41752 8160.53857422
41813 8145.08935547
42270 8065.21777344
42330 8055.35888672
42390 8035.10693359
42450 8028.74169922
42510 8008.52148438
42570 7989.89550781
42630 7974.21191406
42691 7960.43798828
42751 7948.08349609
42811 7923.2265625
42871 7912.17236328
42931 7891.94287109
42991 7879.01953125
43052 7863.95361328
43112 7849.91601562
43172 7834.83691406
43232 7822.08105469
43292 7806.31787109
43352 7790.60595703
