0 18589.6425781
799 18239.9238281
1461 18046.234375
2326 17590.0585938
2762 17323.5878906
2775 17311.3691406
2797 17297.3320312
3297 17094.6816406
4169 16599.9882812
4239 16558.640625
4610 16344.7724609
4730 16300.8330078
5328 16062.7705078
5835 16135.4462891
6481 15895.0205078
7537 15433.8427734
7597 15420.8720703
8232 15159.0380859
8593 15066.2421875
8834 14948.2324219
9509 14677.7363281
9731 14619.703125
9832 14584.4228516
10622 14232.8691406
10950 14149.5888672
11732 13803.609375
11850 13798.1044922
12240 13606.4658203
12822 13383.2763672
12862 13374.6201172
13043 13315.2119141
13235 13218.6865234
13861 12982.4609375
13982 12981.1914062
14017 12973.3291016
14352 12873.4765625
14613 12795.2871094
14733 12750.859375
14913 12688.6181641
15094 12651.8212891
15214 12610.1523438
15274 12598.2929688
15815 12855.5078125
16056 12777.6787109
16357 12672.4902344
16477 12647.2392578
16658 12590.7558594
16778 12553.2373047
16958 12535.59375
17319 12431.578125
17415 12398.3056641
17450 12389.0556641
17630 12330.9101562
18172 12202.0898438
18292 12166.8037109
18593 12062.8144531
18939 11951.8710938
19180 11873.4658203
19240 11860.9980469
19421 11856.9697266
19661 11767.0244141
19721 11753.0371094
19781 11747.6015625
19830 11737.5126953
19879 11728.4785156
20022 11700.3505859
20263 11630.515625
20443 11570.9179688
20744 11523.1328125
20864 11512.5361328
20985 11469.9082031
21090 11443.96875
21376 11345.9785156
21617 11274.7216797
21677 11264.0498047
21797 11244.5
21917 11210.4960938
22098 11204.4199219
22218 11170.9169922
22398 11106.2207031
22459 11092.6210938
22579 11057.6445312
22699 11022.0039062
22820 10991.9824219
22940 10961.4316406
23041 10912.6201172
23083 10901.3994141
23143 10890.0878906
23263 10864.3740234
23323 10851.4619141
23745 10743.6044922
24406 10560.4335938
24466 10554.1044922
24526 10546.1669922
24707 10497.3076172
24767 10483.7265625
24887 10470.65625
24947 10468.4609375
25043 10430.8701172
25198 10378.21875
25319 10372.3769531
25379 10359.5566406
25499 10331.2275391
26521 10070.8984375
26581 10066.8447266
26642 10052.7109375
26762 10034.5732422
26822 10027.1884766
26942 10002.1269531
27062 9968.46191406
27183 9932.4921875
27303 9922.4375
27406 9898.24023438
27449 9884.40722656
27569 9855.52148438
27690 9827.99609375
27870 9833.74707031
28231 9775.36425781
28291 9762.28417969
28351 9755.73730469
28411 9745.1328125
28472 9734.99804688
28712 9638.48535156
28832 9643.38574219
28893 9640.26855469
28953 9627.00390625
29073 9615.47753906
29314 9569.86914062
29374 9563.59472656
29614 9506.23730469
29674 9494.23046875
30376 8982.95507812
30436 8974.8203125
30703 9030.55078125
30823 9026.78515625
30944 8986.69042969
31004 8982.18066406
31064 8974.99902344
31184 8959.23339844
31305 8948.390625
31666 8799.890625
31712 8793.796875
31821 8785.51660156
31881 8777.52734375
31941 8772.96191406
32001 8765.49804688
