0 7643.65820312
43 7627.58984375
63 7618.96289062
80 7617.10986328
96 7614.69335938
152 7605.25
212 7575.64404297
272 7573.02099609
392 7577.67773438
453 7540.10107422
513 7510.21533203
558 7457.47119141
601 7426.70068359
647 7385.03613281
694 7371.03173828
806 7348.16992188
867 7319.13867188
927 7304.1015625
987 7278.22753906
1047 7271.40527344
1107 7254.24072266
1167 7236.51318359
1288 7222.82373047
1348 7199.19042969
1408 7184.85253906
1468 7166.68554688
1528 7143.15283203
1588 7131.88183594
1648 7113.61621094
1708 7094.78369141
1769 7084.03857422
1829 7072.00195312
1871 7048.55810547
1913 7033.16455078
1973 7015.34619141
2019 7005.81835938
2055 6993.45751953
2105 6981.10009766
2166 6971.48291016
2213 6958.06835938
2260 6928.62792969
2320 6903.60742188
2380 6881.43994141
2440 6865.7109375
2500 6846.55273438
2537 6840.84570312
2616 6835.12695312
2677 6830.45556641
2737 6799.16210938
2790 6778.41552734
2843 6762.98486328
2903 6749.12841797
2963 6720.92773438
3023 6702.08251953
3083 6684.49267578
3139 6682.64697266
3218 6669.93261719
3278 6644.31542969
3338 6620.24511719
3398 6604.55664062
3458 6594.81103516
3518 6579.10302734
3636 6566.48193359
3694 6551.86767578
3754 6539.14892578
3809 6518.37646484
3864 6502.83886719
3899 6490.41455078
3911 6482.98925781
3928 6476.21142578
3942 6469.20947266
3995 6460.96679688
4043 6455.14013672
4078 6444.00927734
4099 6438.81054688
4128 6427.07714844
4170 6409.75537109
4206 6406.35205078
4241 6390.50537109
4302 6378.28759766
4341 6373.75732422
4374 6363.35644531
4425 6357.94970703
4469 6349.34375
4507 6345.41650391
4560 6318.32763672
4634 6322.03759766
4694 6351.47216797
4736 6317.04541016
4783 6304.96484375
4889 6305.38476562
4938 6287.33691406
4987 6278.79003906
5035 6264.63525391
5082 6260.35791016
5224 6263.82275391
5256 6257.5234375
5307 6251.65429688
5317 6249.16113281
5327 6238.1875
5357 6235.20507812
5412 6229.46777344
5448 6229.10546875
5528 6224.01220703
5547 6216.27490234
5618 6212.79443359
5713 6212.97558594
5773 6182.06396484
6074 6132.22509766
6134 6124.90234375
6194 6124.88867188
6290 6114.39794922
6318 6107.42724609
6371 6093.33398438
6431 6084.54882812
6491 6067.11279297
6551 6063.75732422
6612 6055.94384766
6672 6050.67138672
6792 6059.13671875
6852 6019.0
6907 5993.70019531
6952 5980.16015625
7123 5978.02832031
7183 5971.53662109
7243 5963.43896484
7303 5954.43603516
7363 5942.23144531
7424 5928.0234375
7484 5910.03271484
7604 5914.74511719
7664 5890.89111328
7725 5880.14355469
7785 5868.29101562
7820 5844.57177734
7874 5846.26025391
7934 5845.5078125
7994 5827.73583984
8054 5810.00390625
8114 5800.18310547
8175 5774.50292969
8235 5750.24121094
8295 5734.17529297
8355 5708.92626953
8415 5690.41845703
8454 5673.17089844
8492 5665.59423828
8563 5639.71289062
8743 5636.51513672
8803 5621.30957031
8864 5616.29003906
8924 5607.35839844
8984 5585.26660156
9044 5572.47460938
9164 5558.20556641
9224 5556.87207031
9284 5542.04638672
9345 5511.67138672
9450 5502.60693359
9495 5490.07617188
9676 5577.72558594
9736 5547.85986328
9945 5596.71923828
10526 5515.04492188
10596 5523.90722656
10692 5518.27392578
