0 19215.2050781
181 19077.8164062
893 18712.0234375
1041 18550.5175781
1080 18534.9570312
1259 18495.6269531
1332 18440.8457031
1370 18422.6542969
1594 18244.4667969
1701 18188.7167969
1973 18009.4023438
2093 18015.8261719
2842 17535.6796875
3083 17439.8378906
3443 17194.4511719
4080 16848.2519531
4490 16592.1757812
5031 16380.1708984
5391 16127.2089844
5452 16114.2314453
5512 16107.4521484
6595 15977.2988281
6715 15923.1611328
6954 15809.2363281
7048 15757.0146484
7079 15741.9394531
7196 15687.3710938
7557 15539.7558594
7677 15475.9179688
7977 15349.1035156
8168 15255.9335938
8228 15236.8427734
8271 15229.6875
8494 15128.1835938
8735 15020.8398438
8795 14999.7050781
9156 14821.4970703
9276 14775.6210938
9336 14757.9863281
9397 14742.2470703
9577 14665.1396484
9793 14587.8251953
9828 14571.0351562
9888 14550.5302734
10200 14398.6582031
10260 14385.5664062
10320 14369.4931641
10380 14349.3193359
10650 14269.1191406
11012 14398.6933594
11132 14346.6201172
11312 14268.7402344
11433 14269.8457031
11493 14251.7958984
11613 14193.0019531
11904 14060.7587891
12024 14014.5039062
12145 13962.3457031
12565 13833.8554688
12664 13796.1337891
12762 13752.8339844
12822 13739.2685547
13424 13491.1171875
13484 13482.2099609
13544 13461.3886719
13664 13448.1103516
13724 13431.2119141
13905 13355.4863281
14231 13216.3613281
14412 13133.3867188
14532 13088.6269531
14833 12996.78125
14893 12991.921875
15073 12918.6992188
15254 12839.578125
15314 12819.0517578
15374 12797.28125
15494 12785.2216797
15581 12741.5302734
15641 12740.4316406
15762 12691.3085938
15822 12671.3134766
15942 12663.5898438
16363 12725.6123047
16417 12711.1582031
16471 12695.3134766
16531 12673.9443359
16591 12653.515625
16711 12603.9267578
16771 12589.8623047
16832 12568.2041016
16892 12552.8798828
16952 12532.9052734
17012 12519.3603516
17253 12487.2998047
17313 12465.7285156
17373 12444.5322266
17493 12397.4882812
17553 12383.8847656
17613 12362.1757812
17664 12344.4091797
17715 12332.8291016
17836 12289.4970703
17887 12272.6757812
17938 12262.3671875
18178 12173.8554688
18238 12157.0537109
18359 12162.5566406
18419 12151.4521484
18479 12130.8486328
18532 12119.3876953
18561 12114.015625
18596 12100.8271484
18631 12085.2021484
18648 12080.5751953
18691 12061.3349609
18727 12047.4638672
18754 12033.0458984
18803 12026.2685547
18863 12007.8339844
18898 12000.625
18934 11989.4941406
18984 11971.5449219
19034 11965.6171875
19147 11921.5546875
19182 11912.2412109
19225 11898.4863281
19285 11884.6992188
19345 11863.8701172
19389 11848.890625
19433 11842.0839844
19494 11829.6855469
19554 11809.4609375
19674 11819.6708984
19734 11798.4199219
19794 11781.53125
19914 11734.3300781
19975 11715.3574219
20095 11677.1728516
20155 11654.6708984
20215 11643.7373047
20275 11622.890625
20335 11606.9902344
20396 11588.640625
20456 11573.0976562
20576 11530.1904297
20636 11517.4384766
20696 11501.9667969
20816 11489.1064453
20877 11475.3486328
20937 11456.5566406
20997 11441.6591797
21057 11427.4589844
21117 11408.2646484
21177 11388.7333984
21237 11378.4365234
21290 11360.3183594
21321 11344.6298828
21361 11334.9951172
21421 11320.4853516
21481 11301.2822266
21516 11289.4296875
21547 11285.3134766
21602 11273.4580078
21662 11251.8837891
21722 11231.2900391
21783 11215.2011719
21843 11203.2685547
21903 11182.0439453
21963 11160.2880859
22203 11125.7919922
22264 11113.3525391
22384 11075.6044922
22444 11060.9814453
22504 11048.0693359
22625 11009.2412109
22805 10941.4892578
22865 10927.3652344
22925 10911.8037109
22985 10891.25
23045 10870.6230469
23166 10838.1220703
23286 10795.6074219
23346 10777.1357422
23442 10775.5771484
23477 10761.6005859
23538 10742.0888672
23597 10721.2285156
23657 10702.5410156
23777 10670.1386719
23838 10648.2207031
23898 10633.9140625
23958 10620.2255859
24018 10597.7177734
24078 10593.0703125
24198 10538.1708984
24258 10525.2265625
24559 10447.6279297
24619 10438.5039062
24679 10417.6064453
24840 10414.3066406
24880 10394.6796875
25000 10376.234375
25120 10369.7783203
25181 10354.1503906
25241 10333.484375
25301 10313.4316406
25361 10298.0273438
25481 10251.8671875
25602 10246.9462891
25662 10235.7871094
25722 10215.1416016
25782 10198.7792969
25842 10183.359375
25902 10172.6367188
25962 10155.8935547
26022 10138.0917969
26143 10145.8925781
26263 10109.578125
26684 10129.6943359
26744 10119.9873047
26804 10099.7119141
26864 10084.6240234
26924 10069.5029297
26985 10058.5458984
27045 10046.921875
27105 10030.5068359
27165 10014.0576172
27225 10002.7666016
27285 9987.91015625
27345 9970.91210938
27405 9958.875
27526 9972.55761719
27586 9954.203125
27622 9947.66894531
27658 9940.35546875
27718 9924.57910156
27778 9909.89648438
27838 9898.01171875
27899 9880.85351562
27959 9867.70507812
28019 9856.22167969
28079 9838.49316406
28139 9828.94921875
28259 9790.02832031
28319 9778.89355469
28380 9763.0859375
28440 9755.01757812
28500 9735.765625
28560 9729.73046875
28620 9715.43164062
28680 9700.37109375
28740 9681.32324219
28800 9671.61621094
28921 9680.83398438
28981 9661.44140625
29041 9641.97753906
29082 9633.609375
29364 9312.64941406
29424 9299.55761719
29484 9287.16796875
29545 9270.55371094
29605 9262.20214844
29640 9254.17773438
29675 9247.265625
29735 9232.26367188
29796 9222.765625
29856 9211.75878906
29916 9193.07128906
29976 9183.13769531
30036 9168.78710938
30096 9154.92578125
30271 9155.07421875
30325 9141.45703125
30385 9125.34960938
30445 9112.20703125
30500 9101.50097656
30556 9091.56445312
30616 9075.03417969
30676 9062.47558594
30736 9051.81933594
30796 9039.49023438
30916 9004.87890625
30976 8991.48144531
31037 8971.84960938
31097 8960.27050781
31148 8951.80371094
31199 8933.70507812
31260 8916.53808594
31320 8912.00390625
31380 8896.71875
31440 8888.78515625
31500 8880.74902344
31620 8885.16601562
31681 8867.515625
31741 8855.74804688
31801 8839.87207031
31861 8826.20507812
31921 8813.69042969
31981 8796.00097656
32041 8780.08398438
32101 8772.50976562
32162 8755.99902344
32222 8745.04589844
32282 8732.90625
32342 8721.74511719
32402 8708.54492188
32462 8689.62988281
32582 8656.640625
32703 8650.07324219
32763 8633.3359375
32823 8613.29589844
32883 8600.79199219
32943 8580.78125
33104 8485.35351562
33144 8465.77734375
33205 8455.28808594
33265 8437.8828125
33325 8425.63574219
33385 8405.12597656
33445 8395.68457031
33505 8383.10449219
33626 8349.28125
33686 8332.87207031
33746 8311.30859375
33806 8299.81152344
33866 8285.84863281
33926 8276.09179688
33986 8258.10742188
34047 8244.50292969
34107 8231.01171875
34167 8221.03710938
34287 8187.09814453
34407 8185.80126953
34528 8191.6015625
34588 8173.05175781
34648 8165.52001953
34708 8156.74707031
35249 8757.671875
35309 8738.80078125
35369 8723.953125
35430 8708.20410156
35490 8689.5
35532 8678.44140625
35574 8667.60839844
35634 8656.65136719
35694 8646.390625
35754 8629.5
35814 8617.03808594
35874 8602.44824219
35935 8588.88964844
35995 8577.26660156
36055 8567.06542969
36115 8550.32714844
36175 8536.88769531
36295 8500.46777344
36355 8486.60742188
36416 8467.9296875
36476 8453.640625
36536 8441.15234375
36576 8428.11425781
36617 8424.18066406
36798 8379.00488281
36833 8368.74316406
36843 8363.46386719
36878 8355.828125
36938 8348.58105469
36987 8338.61425781
37036 8324.82910156
37096 8313.65527344
37156 8306.3515625
37276 8272.60546875
37336 8254.30566406
37396 8237.32910156
37457 8227.30761719
37514 8215.81542969
37572 8211.63378906
37630 8193.95898438
37688 8180.64697266
37748 8170.73876953
37808 8157.93847656
37929 8127.34619141
37989 8112.35009766
38049 8103.43896484
38109 8087.54345703
38169 8075.86132812
38229 8073.77392578
38274 8058.58740234
38319 8043.58496094
38379 8027.92041016
38439 8021.04199219
38499 8011.92041016
38560 7999.47070312
38629 7992.17822266
38665 7985.18896484
38725 7965.8515625
38785 7944.95068359
38844 7934.30419922
38903 7925.28027344
38963 7910.55371094
39023 7896.5
39072 7878.53466797
39117 7872.78955078
39174 7864.24267578
39220 7854.63330078
39266 7845.28222656
39310 7832.23779297
39335 7823.68945312
39376 7821.61816406
39422 7814.51806641
39469 7803.73193359
39511 7792.23730469
39552 7788.7109375
39612 7775.71923828
39799 8151.48974609
39840 8142.82958984
40261 8034.95166016
40322 8023.19824219
40382 8008.17675781
40442 7993.94140625
40502 7977.6640625
40562 7959.8125
40622 7948.02685547
40664 7937.296875
40705 7930.07128906
40741 7919.83984375
40777 7910.77148438
40827 7896.41650391
40877 7888.00048828
40927 7875.43408203
40976 7861.38818359
41036 7851.72802734
41083 7840.65136719
41130 7825.83496094
41250 7791.81152344
41310 7774.24804688
41370 7765.56591797
41431 7749.64404297
41491 7734.67626953
41551 7717.97949219
41611 7706.4375
41671 7692.86132812
41731 7678.63720703
41791 7662.16015625
41851 7654.28369141
41912 7640.4453125
41972 7623.58105469
42032 7609.05273438
42092 7597.24560547
42152 7580.31689453
42212 7566.10546875
42273 7553.33789062
42333 7540.95263672
42393 7528.15869141
42453 7509.58398438
42513 7498.40478516
42573 7490.11962891
42634 7476.05810547
42694 7462.25732422
42754 7449.12255859
42814 7430.20556641
42874 7420.56347656
42927 7415.56738281
42980 7399.80712891
43041 7387.04150391
43101 7373.57910156
43161 7355.90917969
43221 7341.66992188
43281 7330.64453125
43341 7319.47607422
43401 7308.31884766
43462 7296.75634766
43522 7281.64208984
43582 7267.63476562
43642 7259.3671875
43702 7246.50878906
43762 7234.35986328
43822 7219.25146484
43883 7206.38183594
43943 7195.94384766
44003 7183.61230469
44063 7171.78222656
44123 7158.36621094
44183 7146.40039062
44243 7131.66796875
44304 7119.07128906
44364 7106.25292969
44424 7094.97363281
44484 7082.53710938
44544 7067.9921875
44604 7056.59814453
44664 7041.90527344
44724 7028.43896484
44783 7016.46435547
44836 7004.71044922
44889 6996.09814453
44949 6985.27050781
45009 6972.12548828
45069 6960.43554688
45129 6947.55175781
45189 6928.63574219
45249 6922.76660156
45310 6913.59960938
45370 6899.73974609
45430 6887.85595703
45490 6878.30224609
45550 6867.00048828
45610 6851.81787109
45671 6843.42626953
45731 6832.07568359
45791 6819.46582031
45851 6809.35351562
45911 6797.30517578
45971 6784.63183594
46031 6774.14013672
46091 6763.15771484
46152 6750.93847656
46212 6740.62060547
46272 6732.07568359
46332 6719.64306641
46392 6710.90039062
46452 6704.34423828
46512 6690.35595703
46572 6680.43164062
46632 6663.72070312
46693 6651.71240234
46753 6641.6015625
46813 6630.90869141
46873 6619.46923828
46933 6612.39697266
46993 6598.69335938
47053 6588.10644531
47113 6577.66015625
47174 6568.44580078
47234 6555.62353516
47294 6545.30517578
47354 6532.20361328
47414 6521.06396484
47474 6511.46533203
47534 6498.62548828
47571 6490.171875
47608 6486.19335938
47669 6475.55371094
47729 6462.78125
47789 6454.56298828
47849 6440.8515625
47909 6432.61621094
47969 6422.27587891
48029 6409.20068359
48089 6397.06298828
48150 6382.21582031
48210 6372.28222656
48270 6365.64892578
48330 6356.5234375
48390 6345.40283203
48450 6332.5625
48510 6324.92675781
48570 6315.29980469
48631 6305.85400391
48691 6298.95410156
48751 6285.1015625
48811 6274.09179688
48871 6264.04589844
