0 19042.1816406
409 18938.0273438
645 18655.6757812
727 18597.0878906
762 18572.7871094
2195 18066.6328125
2255 18042.46875
2734 17739.1367188
3034 17604.5449219
3423 17367.2792969
3603 17266.1289062
3704 17204.0507812
3986 17063.4765625
4046 17042.3710938
4202 16938.2246094
4537 16719.6523438
5053 16641.1582031
5294 16536.8945312
5474 16427.5
5699 16299.9423828
5744 16290.8710938
5900 16197.2294922
5929 16190.9638672
6104 16108.8603516
6225 16059.0332031
6446 15932.4472656
6472 15915.5957031
6503 15895.1357422
6611 15847.2539062
6672 15833.3164062
6732 15811.1005859
6944 15704.6826172
7065 15656.6660156
7333 15539.4160156
7814 15308.1660156
7934 15251.0957031
7994 15232.859375
8273 15093.8779297
8303 15087.5595703
8354 15067.8798828
8474 15025.0390625
8565 14973.5107422
8685 14922.9355469
8806 14876.3476562
8866 14855.1123047
8967 14803.2167969
9009 14787.2636719
9069 14771.5449219
9329 14663.3769531
9570 14558.8652344
10266 14666.1669922
10302 14647.5830078
10542 14542.8134766
10602 14519.9648438
10663 14499.0986328
10843 14428.6992188
10903 14404.5566406
11322 14258.7441406
11382 14249.5488281
11443 14232.6542969
11503 14211.8007812
11563 14193.4208984
11803 14099.1904297
11863 14075.1123047
12044 13995.765625
12104 13975.0244141
12164 13951.3652344
12284 13908.0986328
12344 13888.6279297
12465 13891.8730469
12521 13877.6933594
12552 13870.6816406
12563 13862.4462891
12598 13841.5458984
12641 13827.8447266
12986 13682.0644531
13287 13588.8427734
13326 13578.7880859
13365 13562.9121094
13425 13546.4726562
13545 13534.1933594
13605 13524.8369141
13666 13509.2080078
13726 13488.0292969
13846 13438.5976562
13906 13423.8994141
14026 13381.7246094
14109 13340.5292969
14145 13329.296875
14205 13311.1162109
14265 13286.7783203
14325 13268.8378906
14446 13218.3583984
14566 13174.5224609
14626 13155.4746094
14747 13161.4433594
14867 13117.1464844
14962 13078.6542969
14998 13070.2587891
15058 13051.3417969
15118 13034.1845703
15238 12984.7070312
15419 12909.3271484
15514 12894.8017578
15610 12846.0693359
15670 12827.9414062
15730 12807.2060547
15790 12792.1005859
15910 12806.9853516
16031 12764.9248047
16151 12720.2373047
16331 12645.0556641
16452 12590.6826172
16572 12547.2900391
16632 12529.4462891
16692 12515.1171875
16753 12492.9892578
16813 12468.6162109
16873 12444.4921875
16933 12432.7685547
17033 12433.8720703
17072 12417.7880859
17193 12367.6992188
17253 12365.7021484
17313 12346.1220703
17373 12321.7705078
17433 12298.9560547
17493 12280.2539062
17553 12263.9951172
17614 12244.4609375
17734 12195.1777344
17794 12183.1806641
17845 12159.8720703
17895 12143.6923828
17955 12123.3515625
18015 12107.8017578
18136 12078.7412109
18256 12067.7519531
18316 12046.1884766
18376 12026.7958984
18496 11985.8466797
18556 11964.3154297
18617 11957.3535156
18737 11900.0908203
18772 11894.15625
18808 11891.0898438
18843 11876.1796875
18854 11872.8193359
18889 11871.0722656
18950 11851.7832031
19010 11832.0078125
19070 11809.8759766
19130 11794.9785156
19190 11779.8095703
19250 11767.1230469
19310 11745.1035156
19371 11724.9716797
19491 11743.5585938
19611 11696.5009766
19671 11675.7421875
19731 11656.9960938
19792 11642.8583984
19852 11634.2226562
19912 11613.4248047
19972 11588.8554688
20092 11544.1943359
20153 11530.6142578
20213 11509.3779297
20273 11491.3125
20333 11469.9042969
20513 11395.9130859
20574 11386.8691406
20609 11382.5742188
20705 11401.1171875
20765 11390.6347656
20885 11348.0830078
21005 11300.7255859
21065 11281.2128906
21125 11263.6943359
21186 11249.8740234
21246 11236.6279297
21306 11221.5869141
21486 11142.5458984
21607 11105.7246094
21727 11057.9013672
21847 11037.1064453
21967 11016.2607422
22027 11005.0771484
22088 10990.5449219
22148 10989.9638672
22208 10976.3037109
22268 10963.1660156
22328 10953.6982422
22388 10932.4541016
22448 10917.7998047
22508 10901.3964844
22567 10885.8232422
22628 10869.8037109
22988 10904.8007812
23049 10891.4042969
23109 10873.5146484
23169 10854.5625
23289 10859.2060547
23349 10844.6347656
23410 10831.1044922
23470 10809.9697266
23530 10789.5068359
23590 10771.7441406
23650 10749.3447266
23710 10737.5673828
23770 10721.7900391
23806 10710.8417969
23841 10701.6708984
23901 10685.4980469
23961 10666.2177734
24022 10650.2597656
24082 10631.046875
24142 10614.9023438
24202 10597.9970703
24262 10578.1152344
24322 10563.9462891
24382 10545.3369141
24442 10521.7050781
24563 10529.5771484
24623 10511.7119141
24683 10496.3476562
24743 10483.796875
24803 10472.1162109
24863 10457.7832031
24918 10434.6484375
24972 10426.4638672
25033 10410.0976562
25093 10391.5732422
25153 10375.1962891
25213 10354.9619141
25273 10334.4091797
25334 10321.3515625
25394 10305.5253906
25454 10291.6660156
25514 10275.2265625
25574 10257.7441406
25622 10252.4453125
25646 10246.375
25659 10240.7333984
25681 10233.1923828
25729 10216.4912109
25789 10198.6474609
25909 10207.171875
25969 10184.8339844
26029 10161.8789062
26149 10133.7802734
26210 10118.9824219
26330 10081.7988281
26390 10064.6015625
26450 10047.8740234
26510 10029.6064453
26563 10019.5195312
26617 9999.75878906
26677 9981.64355469
26737 9972.59277344
26797 9951.02441406
26857 9935.27441406
26917 9912.79296875
26977 9899.60058594
27037 9877.22753906
27097 9854.84179688
27158 9833.8359375
27338 9846.97851562
27398 9829.64746094
27458 9811.33691406
27518 9795.40136719
27579 9780.73339844
27639 9756.93945312
27699 9736.20117188
27759 9722.50097656
27819 9709.87792969
27879 9704.15429688
27939 9690.77246094
27999 9673.59863281
28060 9666.66992188
28120 9644.77832031
28180 9628.93066406
28215 9621.05273438
28250 9620.86523438
28311 9608.32324219
28371 9595.27734375
28431 9585.15234375
28491 9567.10449219
28551 9558.59082031
28671 9567.90917969
28731 9551.73925781
28792 9530.05664062
28852 9506.68164062
28912 9493.8046875
28972 9478.18652344
29013 9473.83398438
29054 9465.08007812
29115 9456.7421875
29175 9440.94140625
29235 9432.71777344
29295 9420.33789062
29355 9408.77929688
29415 9395.03125
29476 9380.62597656
29596 9344.13476562
29656 9338.484375
29716 9332.90234375
29776 9319.03320312
29836 9309.37207031
29897 9292.83007812
29957 9281.546875
30017 9263.00390625
30137 9267.36816406
30197 9249.46484375
30258 9233.05175781
30318 9232.77246094
30378 9220.01953125
30438 9209.546875
30498 9201.70703125
30559 9188.76660156
30619 9173.39746094
30679 9154.26757812
30739 9144.91113281
30799 9132.62988281
30859 9116.34375
30920 9100.34179688
30980 9086.43652344
31040 9071.93945312
31100 9060.39453125
31160 9049.7890625
31220 9034.86035156
31280 9019.38476562
31340 9005.55957031
31401 8991.68066406
31451 8977.45800781
31562 8970.42480469
31623 8955.61816406
31683 8941.61914062
31743 8930.38867188
31803 8912.07421875
31863 8903.0859375
31923 8889.203125
31983 8874.62109375
32043 8863.8046875
32103 8847.96875
32164 8837.62207031
32224 8828.6328125
32284 8812.83300781
32344 8810.24121094
32404 8793.78417969
32464 8780.54394531
32524 8762.24511719
32585 8750.89941406
32645 8728.67089844
32705 8712.91210938
32741 8706.89453125
32776 8699.68066406
32836 8697.70117188
32897 8684.91210938
33017 8677.375
33077 8676.47070312
33117 8663.59472656
33158 8660.90234375
33218 8642.85546875
33278 8626.4765625
33339 8623.87597656
33399 8607.60546875
33459 8595.47460938
33519 8585.40039062
33579 8568.62988281
33639 8552.50097656
33699 8537.21191406
33759 8529.32714844
33820 8508.89550781
33880 8490.171875
33940 8480.67480469
34000 8472.72070312
34060 8463.41113281
34120 8445.50585938
34181 8431.76367188
34301 8386.66503906
34361 8370.49414062
34421 8365.37597656
34525 8357.62695312
34585 8352.48828125
34645 8341.87890625
34705 8334.56640625
35006 7957.90869141
35066 7942.8515625
35126 7937.54541016
35186 7931.38623047
35246 7918.24707031
35292 7909.15234375
35338 7900.05029297
35398 7889.31835938
35458 7876.33691406
35518 7854.16308594
35579 7838.49804688
35639 7831.92480469
35759 7826.74267578
35819 7817.18994141
35879 7801.81542969
35939 7790.09912109
35999 7776.9140625
36060 7765.66748047
36120 7757.92480469
36180 7744.96777344
36240 7731.54833984
36300 7717.18798828
36360 7704.16699219
36421 7697.36816406
36481 7685.53173828
36541 7675.88916016
37082 8202.3046875
37142 8188.48925781
37202 8181.77636719
37263 8167.60888672
37323 8152.89794922
37383 8139.68652344
37443 8126.07470703
37503 8111.36181641
37563 8092.84423828
37623 8075.35498047
37684 8062.68359375
37744 8047.1796875
37804 8034.57470703
37864 8017.45410156
37924 8004.83837891
37984 7990.70263672
38044 7979.64697266
38104 7970.0625
38165 7952.2734375
38225 7933.92626953
38285 7919.52441406
38345 7902.32519531
38405 7889.72119141
38465 7876.35400391
38526 7863.91601562
38586 7847.62548828
38646 7838.38964844
38706 7821.8046875
38766 7812.16552734
38826 7794.93652344
38886 7787.0234375
38947 7772.76025391
39007 7759.54003906
39067 7742.34619141
39127 7731.953125
39187 7720.88525391
39247 7710.80712891
39308 7698.89697266
39368 7681.94091797
39417 7664.46191406
39466 7651.65039062
39527 7643.23681641
39587 7632.8359375
39647 7620.21875
39707 7612.02001953
39767 7598.96875
39827 7585.23242188
39887 7570.09082031
39948 7557.39160156
40008 7549.26416016
40068 7537.82275391
40128 7520.40625
40188 7500.93505859
40248 7487.52246094
40308 7475.31347656
40368 7460.86474609
40429 7447.69433594
40466 7440.13427734
40505 7429.48095703
40565 7411.79931641
40625 7400.63085938
40685 7390.70361328
40745 7372.76464844
40806 7362.20654297
41227 7685.42822266
41287 7667.13574219
41347 7654.43212891
41407 7643.06787109
41467 7628.50585938
41527 7619.16796875
41588 7605.55078125
41648 7585.32958984
41708 7573.70263672
41768 7555.41113281
41828 7544.44628906
41888 7536.68017578
41949 7520.35400391
42009 7502.41894531
42069 7491.11474609
42129 7476.31884766
42189 7459.03173828
42249 7443.58642578
42310 7432.52197266
42370 7419.51269531
42430 7405.58300781
42490 7393.02978516
42550 7382.79150391
42610 7369.109375
42670 7357.90625
42730 7339.54589844
42791 7328.14257812
42851 7316.10546875
42911 7301.44726562
42971 7286.55175781
43031 7270.04150391
43091 7255.44238281
43152 7242.82519531
43212 7228.74658203
43272 7213.88037109
43332 7200.32568359
43392 7189.56884766
43452 7176.52636719
43512 7163.49609375
43573 7152.00537109
43633 7134.08203125
43693 7126.06005859
43753 7110.45654297
43813 7100.02294922
43873 7083.69677734
43933 7068.22363281
43993 7052.54589844
44054 7034.05859375
44114 7023.49658203
44174 7015.17871094
44234 7009.95751953
44294 6996.27490234
44354 6985.78515625
44415 6970.32568359
44465 6960.75439453
44516 6948.68701172
44576 6939.77441406
44636 6928.94189453
44697 6913.79443359
44757 6901.24658203
44817 6891.24414062
44877 6882.68847656
45380 6809.11376953
45440 6803.92773438
45501 6791.5546875
45561 6791.23291016
45621 6777.05078125
45681 6764.79833984
45741 6756.32324219
45801 6744.86035156
45861 6733.77734375
45921 6724.34179688
