0 18276.0117188
207 18061.6757812
668 17637.0
1651 17423.2753906
1920 17564.9101562
2200 17381.6171875
2240 17363.7207031
2361 17360.0253906
2481 17286.3164062
2902 17032.8632812
3184 16848.84375
3225 16821.0449219
3285 16799.75
3346 16785.5625
3466 16733.2382812
3586 16657.9472656
3766 16552.3496094
3916 16422.1660156
3977 16411.8632812
4157 16308.8876953
4288 16264.8632812
4708 16224.2841797
4829 16161.2929688
5308 15958.4824219
5428 15894.7011719
5489 15879.0107422
5640 15770.7373047
5760 15700.9980469
5941 15611.1611328
6001 15581.203125
6107 15527.2910156
6213 15520.6357422
6274 15500.7910156
6454 15405.1152344
6514 15382.9277344
6634 15337.3154297
6755 15275.9257812
6815 15250.0849609
7307 15029.1611328
7367 15000.9394531
7427 14978.4179688
7604 14882.9316406
7904 14863.8095703
8024 14799.1259766
8084 14774.9511719
8143 14749.8681641
8178 14743.1708984
8214 14720.9775391
8274 14703.2373047
8394 14683.2138672
8454 14667.3515625
8514 14642.7080078
8611 14592.7207031
8648 14565.2363281
8708 14551.7285156
8769 14538.0878906
8949 14442.1728516
9009 14420.1503906
9190 14322.8388672
9250 14300.6220703
9310 14269.9599609
9370 14248.6083984
9490 14243.1787109
9550 14229.3486328
9671 14176.0410156
9965 14041.2363281
10018 14018.4121094
10078 13990.9208984
10139 13977.3476562
10319 13903.1542969
10379 13881.1142578
10560 13835.6074219
10620 13805.3535156
10680 13775.46875
10800 13715.5605469
10871 13659.3388672
10931 13633.3369141
10991 13617.3173828
11051 13590.984375
11112 13575.4140625
11172 13557.8994141
11232 13530.0898438
11292 13505.3271484
11395 13436.2646484
11439 13411.8867188
11499 13384.1337891
11559 13371.0966797
11680 13399.5195312
11800 13331.5410156
11980 13222.3261719
12040 13208.8203125
12101 13198.6933594
12161 13183.9501953
12309 13122.6357422
12430 13061.2246094
12670 12944.5302734
12730 12928.6367188
12766 12915.8798828
12802 12900.3544922
12923 12857.6328125
12983 12849.8330078
13071 12809.3066406
13131 12801.8115234
13191 12788.3085938
13251 12774.890625
13311 12751.3173828
13432 12688.3544922
13552 12637.3769531
13609 12615.3310547
13727 12568.7685547
13787 12561.3085938
13847 12538.1738281
13908 12509.6572266
14088 12502.8144531
14389 12339.4199219
14449 12321.2802734
14569 12321.3935547
14629 12293.5976562
14689 12264.1318359
14870 12177.3144531
14930 12169.1279297
15050 12164.8662109
15241 12125.7851562
15602 12303.7333984
15662 12279.2744141
15722 12260.5146484
15782 12237.1357422
15818 12228.7900391
15853 12211.7597656
15913 12191.5927734
15973 12179.8974609
16033 12158.4267578
16093 12132.3066406
16153 12116.5810547
16214 12098.0771484
16274 12078.4814453
16334 12063.0800781
16394 12040.75
16514 12045.8974609
16574 12024.2890625
16635 11998.3574219
16678 11983.4326172
16721 11963.2373047
16782 11957.3105469
16842 11937.1982422
16902 11917.1953125
16962 11898.0722656
17022 11877.2451172
17082 11863.4931641
17142 11841.4306641
17203 11825.0849609
17263 11813.7617188
17323 11788.5371094
17383 11766.3085938
17443 11745.1279297
17504 11724.2646484
17564 11706.3076172
17605 11697.2050781
17707 11711.9746094
17768 11692.7431641
17828 11670.9414062
17888 11657.2949219
17948 11639.6953125
18008 11617.4345703
18068 11595.5849609
18128 11579.2685547
18174 11569.4326172
18219 11549.9111328
18279 11530.3544922
18339 11515.1044922
18400 11499.5927734
18460 11482.5224609
18520 11462.4111328
18580 11449.0986328
18640 11428.1074219
18700 11408.6806641
18761 11399.0722656
18821 11381.4765625
18881 11363.1474609
19001 11374.9453125
19061 11346.7851562
19121 11328.1464844
19182 11308.5371094
19242 11292.5878906
19302 11271.265625
19362 11262.6269531
19422 11248.9931641
19482 11231.0839844
19542 11206.5273438
19602 11192.1357422
19663 11175.4501953
19723 11156.8554688
19783 11143.9726562
19843 11122.3242188
19903 11105.2070312
19963 11089.4931641
20023 11069.2392578
20083 11055.8427734
20143 11041.1914062
20203 11022.2070312
20323 11031.6240234
20383 11014.0087891
20443 10994.8203125
20504 10972.2070312
20564 10952.4882812
20624 10943.6914062
20684 10922.7138672
20744 10903.6933594
20804 10883.09375
20864 10857.9560547
20924 10842.4375
20985 10823.8662109
21045 10805.7167969
21105 10788.2900391
21165 10772.0527344
21225 10752.0361328
21285 10734.1279297
21345 10719.984375
21405 10708.3300781
21466 10695.03125
21501 10689.6748047
21596 10699.2695312
21657 10680.9589844
21717 10661.6865234
21777 10647.1904297
21837 10628.4589844
21897 10607.40625
21957 10590.7792969
22018 10567.4960938
22078 10554.6611328
22129 10536.2597656
22180 10520.3125
22240 10509.1923828
22300 10499.8935547
22360 10484.2158203
22420 10469.4375
22480 10449.4462891
22541 10425.2480469
22601 10418.6513672
22661 10400.2285156
22721 10385.8417969
22781 10371.2958984
22841 10349.7060547
22962 10361.6611328
23022 10334.1132812
23082 10324.0449219
23142 10308.9765625
23202 10288.7236328
23262 10267.7626953
23322 10249.6035156
23366 10236.4072266
23409 10224.3486328
23469 10199.296875
23770 10182.6386719
23830 10163.3291016
23891 10147.296875
23951 10132.0761719
24011 10113.7539062
24071 10100.1181641
24131 10088.703125
24191 10074.1894531
24251 10060.2353516
24372 10052.5488281
24432 10049.5478516
24492 10035.2548828
24552 10018.9960938
24612 10002.3662109
24672 9990.35742188
24732 9968.43945312
24792 9951.90722656
24853 9941.82226562
24913 9932.59765625
24973 9919.73339844
25033 9898.64257812
25093 9887.64550781
25153 9872.51171875
25213 9853.56933594
25273 9840.87304688
25334 9823.58203125
25394 9804.65527344
25454 9789.19921875
25514 9773.92871094
25574 9760.79199219
25614 9748.8984375
25715 9757.21191406
25775 9750.421875
25835 9731.6875
25895 9714.58691406
25956 9699.31347656
26016 9679.53320312
26076 9666.76171875
26136 9653.64648438
26196 9641.99121094
26257 9631.55957031
26317 9616.48242188
26377 9598.50585938
26437 9586.49121094
26497 9566.05078125
26557 9550.34375
26618 9538.41503906
26678 9527.68457031
26738 9509.66015625
26798 9495.2890625
26858 9475.66308594
26918 9468.54394531
26978 9452.94628906
27039 9440.37890625
27159 9427.49804688
27219 9422.58300781
27279 9395.73242188
27339 9383.10742188
27400 9370.14160156
27460 9358.0078125
27520 9342.43359375
27580 9322.76660156
27640 9310.61035156
27700 9286.70605469
27748 9274.57128906
27796 9264.54589844
27857 9256.06542969
27917 9250.16699219
27977 9241.52734375
28037 9232.59960938
28097 9228.13378906
28157 9215.74511719
28278 9163.90332031
28338 9144.72265625
28398 9133.87207031
28459 9105.66308594
28579 9125.24023438
28639 9110.91210938
28699 9102.2578125
28760 9091.09960938
28820 9076.29003906
28880 9062.6328125
28940 9050.54785156
29000 9034.43945312
29060 9028.18359375
29120 9011.51757812
29180 8997.98242188
29240 8986.19726562
29301 8970.99414062
29361 8962.61035156
29421 8950.3359375
29481 8939.6796875
29541 8924.0078125
29601 8909.84667969
29661 8900.67871094
29722 8887.36132812
29782 8874.99902344
29842 8859.29199219
29902 8846.23242188
29962 8832.59472656
30082 8828.82617188
30142 8814.76367188
30201 8805.73828125
30259 8795.74316406
30320 8782.91503906
30380 8763.5390625
30440 8755.29785156
30500 8745.94921875
30560 8734.41503906
30620 8717.43066406
30681 8701.27832031
30741 8686.98339844
31042 8679.12695312
31102 8674.90136719
31162 8663.87207031
31222 8642.78710938
31282 8635.75585938
31342 8624.65332031
31403 8612.79785156
31463 8597.53125
31523 8581.91894531
31583 8571.82226562
31703 8579.34179688
31763 8567.15429688
31824 8551.9765625
31884 8537.77050781
31944 8527.05957031
32004 8513.30175781
32064 8498.33300781
32125 8488.0234375
32185 8475.41992188
32245 8458.90332031
32485 9069.76757812
32545 9057.01757812
32606 9038.26855469
32666 9020.953125
32726 9003.81347656
32786 8987.828125
32846 8975.14355469
32906 8954.08496094
32967 8941.99707031
33027 8916.8046875
33087 8904.359375
33147 8893.87402344
33207 8882.34667969
33268 8871.12792969
33328 8855.36523438
33388 8844.20996094
33448 8830.53710938
33508 8817.61621094
33568 8800.6640625
33628 8784.59863281
33688 8767.62597656
33748 8753.609375
33809 8738.03710938
33869 8722.51367188
33929 8706.19238281
33989 8688.10058594
34049 8674.29980469
34109 8650.20996094
34170 8639.28417969
34230 8624.38476562
34290 8623.55566406
34350 8609.32910156
34410 8592.01269531
34470 8575.56054688
34530 8557.77929688
34590 8530.73632812
34651 8516.12890625
34711 8502.69238281
34771 8491.73339844
34831 8474.95800781
34891 8461.32714844
34951 8443.50488281
35011 8430.49023438
35072 8410.01953125
35132 8395.34179688
35192 8377.19628906
35252 8355.98730469
35312 8343.37597656
35372 8332.54199219
35409 8329.9453125
35445 8308.56738281
35505 8297.02636719
35565 8286.17578125
35626 8278.74609375
35686 8262.6484375
35746 8248.20996094
35806 8244.54296875
35866 8219.390625
35926 8196.87890625
35987 8188.87988281
36047 8180.46972656
36107 8169.41943359
36167 8156.97998047
36227 8144.53613281
36287 8128.79638672
36347 8118.31298828
36407 8111.62451172
36468 8097.81591797
36528 8088.03076172
36588 8079.0
36648 8061.57666016
36708 8048.10449219
36768 8025.06005859
36828 8012.01513672
36889 8001.26904297
36949 7983.68847656
37009 7970.97167969
37069 7961.35498047
37129 7947.10742188
37189 7924.33056641
37250 7914.76269531
37310 7898.26513672
37370 7891.12255859
37430 7887.85742188
37490 7868.94384766
37610 7831.19824219
37670 7809.11767578
37731 7804.89306641
37791 7790.65917969
37851 7783.44238281
37904 7770.45996094
37957 7756.11425781
38018 7735.88476562
38078 7729.94628906
38138 7718.11767578
38379 8065.22949219
38439 8037.68554688
38860 7599.7109375
38920 7573.60546875
38980 7558.79443359
39040 7549.83740234
39100 7538.87402344
39521 7562.85888672
39581 7550.96923828
39642 7538.05810547
39702 7527.42529297
39762 7512.84375
39822 7497.625
39882 7485.29882812
39942 7471.36621094
40002 7454.77392578
40062 7444.79833984
40123 7428.48046875
40183 7415.77636719
40243 7402.40820312
40303 7390.3828125
40363 7375.28808594
40423 7362.63134766
40484 7349.71728516
40544 7332.81152344
40604 7322.83837891
40664 7312.46582031
40724 7296.59667969
40784 7283.68652344
40844 7275.79003906
40904 7261.76416016
40964 7246.12451172
41005 7233.64697266
41045 7228.64550781
41105 7216.97314453
41165 7201.20068359
41226 7186.6484375
41286 7173.23583984
41346 7161.125
41406 7142.32226562
41466 7131.63085938
41526 7120.05957031
41586 7108.03222656
41646 7092.92724609
41707 7079.55175781
41767 7070.64941406
41827 7060.66992188
41887 7047.00585938
41947 7035.06396484
42007 7021.23730469
42067 7010.75097656
42127 6997.84326172
42188 6989.46337891
42248 6976.74755859
42308 6962.11279297
42368 6948.99462891
42428 6938.30322266
42488 6923.85693359
42548 6911.43310547
42608 6901.18212891
42668 6888.04589844
42729 6878.47119141
42789 6867.93212891
42849 6855.49609375
42909 6843.04980469
42969 6832.27441406
43004 6826.95263672
43040 6815.63037109
43100 6805.58642578
43160 6793.97265625
43220 6782.65039062
43280 6769.79150391
43340 6757.05761719
43401 6745.16943359
43461 6733.69824219
43521 6723.21582031
43581 6712.96679688
43641 6700.74267578
43701 6691.52880859
43761 6678.93945312
43822 6669.02001953
43882 6657.19775391
44419 6604.73486328
44479 6589.72753906
44539 6579.42382812
44599 6569.37890625
44659 6556.96972656
44719 6542.08837891
44779 6519.96533203
44840 6509.55273438
44900 6495.19091797
44960 6480.4609375
45020 6471.15136719
45080 6458.75
45140 6445.6015625
45200 6432.75048828
45260 6419.24267578
45321 6408.67285156
45381 6402.56054688
45441 6391.34326172
45501 6379.71630859
45561 6369.66650391
45621 6356.97167969
45681 6343.95214844
45742 6332.11865234
45777 6323.67724609
