0 17617.2226562
361 17102.6738281
414 17059.0742188
528 17072.1542969
927 16576.9492188
1133 16288.7294922
1193 16265.3945312
1253 16238.0273438
1313 16217.7431641
1433 16073.0771484
1870 15723.5195312
1930 15702.7724609
1990 15636.9111328
2469 16881.5878906
2529 16850.3574219
2589 16822.5585938
2649 16818.6699219
2710 16781.8632812
2759 16754.0234375
2808 16749.6542969
2868 16688.4667969
2928 16663.03125
2988 16634.6640625
3049 16610.5800781
3109 16577.6191406
3169 16533.921875
3289 16494.8632812
3349 16494.3808594
3409 16456.1738281
3530 16439.328125
3590 16407.5859375
3650 16360.6708984
3710 16332.4121094
3770 16310.4863281
3830 16264.6230469
3890 16220.4296875
3951 16181.0878906
4011 16128.6044922
4071 16080.4121094
4131 16044.5830078
4191 16018.2685547
4251 15994.3271484
4311 15965.1328125
4371 15934.5146484
4432 15891.0546875
4552 15863.8964844
4612 15803.3242188
4672 15793.8242188
4732 15731.0117188
4792 15680.8359375
4852 15639.0859375
4913 15623.78125
4973 15598.6425781
5033 15571.6728516
5093 15525.5322266
5394 15578.7519531
5454 15552.1318359
5574 15550.0478516
5634 15521.5205078
5694 15499.1621094
5754 15475.1162109
5815 15442.1503906
5875 15404.4863281
5935 15382.6318359
5995 15349.0117188
6055 15319.6162109
6115 15265.7519531
6176 15243.1845703
6232 15224.8359375
6288 15205.0507812
6348 15171.2509766
6400 15141.6884766
6451 15115.4697266
6511 15092.8925781
6608 15096.2304688
6669 15065.4697266
6729 15032.4462891
6789 14994.8154297
6849 14941.6445312
6909 14897.8037109
6969 14865.5107422
7029 14853.0693359
7089 14817.7587891
7150 14785.3574219
7210 14758.3720703
7270 14732.9726562
7330 14705.4482422
7379 14698.1103516
7408 14661.8242188
7450 14646.5107422
7510 14634.5595703
7570 14606.9482422
7653 14599.5380859
7713 14597.0644531
7773 14575.9794922
7833 14534.2753906
7868 14525.2724609
7904 14505.0742188
7964 14473.9560547
8024 14439.5507812
8084 14401.6943359
8144 14381.1015625
8204 14349.6123047
8265 14319.5683594
8325 14294.8535156
8385 14269.3691406
8445 14238.2597656
8505 14210.6640625
8565 14174.4990234
8625 14148.3671875
8686 14120.9013672
8735 14104.7060547
8784 14094.6601562
8844 14092.1523438
8904 14046.7558594
8965 14010.8398438
9025 13993.8447266
9085 13970.0556641
9145 13929.6044922
9205 13896.6074219
9265 13844.5400391
9326 13816.0078125
9446 13809.9384766
9506 13792.8554688
9566 13765.9111328
9626 13743.2314453
9687 13742.7597656
9747 13717.9863281
9807 13673.6220703
9927 13688.4970703
9987 13676.0732422
10047 13662.6367188
10168 13635.0205078
10228 13594.5117188
10288 13586.3076172
10376 13564.6210938
10411 13523.1806641
10531 13496.2626953
10592 13467.5722656
10652 13431.2636719
10712 13426.7822266
10772 13377.4003906
10832 13335.8115234
10892 13319.1445312
10952 13273.6865234
11434 13397.8515625
11494 13368.8779297
11554 13339.7089844
11614 13315.3183594
11674 13294.5966797
11734 13276.6074219
11795 13254.890625
11855 13227.1767578
11915 13215.4335938
11975 13191.1425781
12035 13166.5820312
12095 13138.7412109
12207 13152.5878906
12258 13130.0947266
12319 13109.9316406
12379 13100.7451172
12439 13070.6748047
12499 13042.2050781
12559 13024.1699219
12620 12999.1269531
12680 12984.3447266
12740 12960.6494141
12800 12937.5566406
12860 12910.3310547
12920 12890.5078125
12981 12874.2392578
13041 12855.6474609
13101 12833.5488281
13161 12804.6152344
13221 12780.671875
13281 12764.7441406
13341 12750.125
13462 12750.7353516
13522 12727.5380859
13582 12706.7226562
13642 12682.9951172
13702 12661.0849609
13762 12628.7900391
13822 12611.5273438
13883 12591.5771484
13978 12567.9160156
14014 12560.3476562
14075 12537.2568359
14135 12514.8759766
14195 12498.0976562
14255 12475.8085938
14315 12456.4833984
14375 12430.0957031
14436 12410.2880859
14616 12409.8740234
14676 12380.8613281
14736 12367.2480469
14796 12347.2607422
14856 12323.0273438
14917 12302.7998047
14977 12285.6503906
15037 12260.9648438
15097 12242.8320312
15157 12230.0712891
15217 12207.7910156
15263 12179.9863281
15309 12176.7431641
15369 12145.203125
15430 12136.8193359
15490 12123.4980469
15550 12096.1171875
15610 12078.2402344
15670 12063.9130859
15850 12054.7363281
15910 12031.3544922
15971 12006.8486328
16031 11987.6572266
16091 11967.9257812
16151 11954.8994141
16211 11926.5390625
16271 11895.3173828
16331 11867.9990234
16392 11852.4316406
16452 11836.9306641
16512 11818.4482422
16572 11803.5996094
16632 11792.2714844
16692 11772.1708984
16752 11754.2470703
16812 11739.4072266
16873 11709.1679688
16933 11682.9111328
16968 11674.0302734
17063 11681.6640625
17124 11670.7167969
17184 11655.359375
17244 11632.7304688
17304 11609.5498047
17364 11587.8486328
17424 11569.9990234
17485 11545.3378906
17545 11532.5908203
17605 11501.3515625
17665 11480.4355469
18026 11444.9248047
18086 11427.7138672
18146 11409.8037109
18206 11394.484375
18368 11393.0898438
18409 11377.6933594
18469 11355.6914062
18529 11329.7988281
18589 11319.0205078
18649 11301.6416016
18709 11290.5449219
18769 11273.6308594
18830 11256.3554688
18890 11241.8945312
18933 11225.1337891
18976 11218.6015625
19036 11196.9248047
19097 11178.9414062
19157 11163.9335938
19217 11150.6464844
19277 11128.7861328
19337 11107.5195312
19397 11092.7226562
19457 11072.7001953
19518 11056.0058594
19578 11040.390625
19698 11042.6347656
19758 11017.9238281
19818 11000.8320312
19878 10980.2675781
19938 10964.5683594
19999 10942.8056641
20059 10907.2431641
20161 10883.2148438
20221 10875.3291016
20281 10855.8066406
20341 10852.7529297
20401 10837.8505859
20461 10817.8701172
20522 10795.4052734
20582 10789.0
20642 10766.2490234
20702 10752.5009766
20762 10738.5087891
20797 10724.3574219
20833 10716.2460938
21013 10703.1210938
21073 10685.2685547
21133 10665.5078125
21193 10642.7138672
21254 10621.9970703
21314 10613.34375
21374 10587.3154297
21434 10570.4912109
21494 10553.7871094
21555 10539.8349609
21615 10520.9033203
21675 10515.7558594
21735 10487.7021484
21795 10466.7558594
21855 10437.6591797
21915 10428.2988281
21975 10417.5185547
22036 10407.8212891
22096 10389.6425781
22156 10372.0429688
22216 10351.8818359
22276 10333.9521484
22397 10332.9833984
22457 10306.6894531
22517 10284.7753906
22577 10260.2558594
22637 10220.1220703
22697 10212.2382812
22758 10205.1289062
22809 10195.7910156
22853 10185.0498047
22906 10166.6484375
22966 10149.4375
23026 10142.3642578
23086 10124.9970703
23146 10104.1611328
23206 10089.5058594
23267 10056.9541016
23327 10032.5273438
23447 10025.7988281
23507 10008.6904297
23567 10002.2060547
23628 9988.97460938
23688 9967.11914062
23748 9964.15039062
23808 9962.73046875
23868 9959.7578125
23928 9929.48730469
23988 9906.82910156
24049 9891.29199219
24095 9874.58007812
24142 9872.87304688
24203 9845.80273438
24238 9832.11035156
24254 9831.47753906
24296 9804.98828125
24356 9798.30175781
24439 9781.95703125
24500 9780.19726562
24560 9769.76855469
24620 9761.14355469
24740 9751.6796875
24800 9750.52246094
24860 9745.57324219
24921 9732.35351562
24981 9713.17285156
25041 9689.28808594
25101 9654.98046875
25161 9648.91796875
25221 9629.5234375
25282 9584.359375
25763 9668.55371094
25823 9655.484375
25883 9643.35742188
25943 9628.16113281
26004 9613.23730469
26064 9597.90039062
26124 9588.26464844
26184 9573.49511719
26244 9559.95996094
26304 9542.08886719
26365 9525.8984375
26425 9517.81738281
26485 9504.62402344
26545 9485.0078125
26665 9492.90136719
26725 9484.73925781
26785 9469.68945312
26846 9452.15429688
26906 9446.06445312
26966 9429.25097656
27026 9415.83105469
27077 9406.85546875
27127 9394.74414062
27187 9382.34472656
27248 9366.96386719
27308 9354.20898438
27368 9342.23925781
27428 9325.52148438
27488 9315.21972656
27548 9299.22949219
27609 9286.93261719
27654 9281.24804688
27700 9266.89160156
27760 9255.92578125
27820 9240.93554688
27881 9227.12792969
27941 9215.76171875
28001 9199.64453125
28121 9207.875
28181 9190.84277344
28241 9181.40332031
28302 9169.56835938
28362 9158.23828125
28422 9145.80664062
28482 9131.140625
28542 9120.8125
28602 9108.79785156
28662 9095.42285156
28722 9080.6875
28783 9070.82519531
28843 9059.43945312
28903 9044.41210938
28963 9029.4296875
29023 9017.11621094
29083 9004.62695312
29143 8990.76367188
29203 8978.74804688
29263 8964.92578125
29324 8956.56542969
29384 8928.89941406
29444 8918.64648438
29504 8911.45996094
29564 8901.24023438
29684 8888.51171875
29745 8886.08984375
29805 8874.76757812
29865 8861.04003906
29925 8850.28808594
29985 8836.63964844
30045 8827.25195312
30105 8811.6875
30165 8808.0078125
30226 8790.44238281
30286 8778.52539062
30346 8763.99414062
30382 8754.38183594
30419 8746.19824219
30479 8734.60058594
30540 8723.47460938
30600 8705.99902344
30660 8696.92578125
30720 8683.32910156
30780 8674.56835938
30840 8663.79101562
30900 8645.85644531
30960 8637.36425781
31020 8627.50878906
31081 8615.08789062
31201 8610.35644531
31261 8607.77148438
31321 8596.43847656
31381 8580.77929688
31441 8570.46875
31501 8561.3828125
31802 8210.65039062
31862 8198.79003906
31922 8188.37695312
32403 8711.23144531
32463 8697.30273438
32524 8681.36914062
32584 8673.07519531
32644 8661.12011719
32704 8644.09765625
32764 8628.86230469
32824 8615.71777344
32884 8598.53515625
32944 8586.53027344
33005 8571.46875
33065 8553.92578125
33125 8542.37695312
33185 8529.02441406
33245 8516.72851562
33305 8504.96972656
33365 8490.41601562
33425 8480.37890625
33486 8466.52832031
33546 8443.65625
33606 8432.71875
33666 8423.3828125
33726 8411.22363281
33786 8399.48144531
33846 8384.85546875
33906 8374.68261719
33967 8363.07324219
34027 8353.26074219
34087 8331.625
34147 8319.87011719
34197 8305.2109375
34246 8293.97167969
34306 8282.56933594
34367 8265.19238281
34427 8247.6328125
34487 8232.54589844
34547 8221.34277344
34607 8209.7734375
34667 8192.8828125
34727 8181.36376953
34787 8166.75830078
34847 8152.32910156
34908 8140.109375
34968 8129.85888672
35028 8118.08105469
35088 8105.40625
35148 8096.29736328
35569 8425.12304688
35629 8412.60546875
35689 8396.52636719
35749 8383.08398438
35810 8363.59863281
35870 8347.63476562
35930 8331.68164062
35990 8312.59277344
36050 8301.62792969
36110 8291.69921875
36170 8273.88574219
36231 8253.46875
36291 8239.48535156
36351 8221.58691406
36411 8215.25195312
36471 8202.01855469
36531 8187.20166016
36591 8170.26269531
36651 8155.99511719
36712 8140.08984375
36772 8123.53173828
36832 8108.02587891
36892 8094.22851562
36952 8079.27880859
37013 8051.59472656
37073 8045.54248047
37133 8032.54052734
37193 8013.62890625
37253 8000.24804688
37313 7982.05322266
37373 7962.42919922
37434 7951.98730469
37494 7939.93554688
37554 7924.42675781
37614 7919.34326172
37674 7907.51074219
37734 7902.54638672
37795 7895.29101562
37855 7877.51855469
37915 7850.78320312
37975 7847.90527344
38035 7823.24560547
38095 7811.06494141
38156 7808.82470703
38216 7799.17773438
38276 7781.68164062
38336 7756.43847656
