0 19378.3320312
2062 18066.3886719
2167 17981.2617188
2202 17961.0371094
2864 17662.7832031
2924 17644.8964844
2984 17635.5332031
3104 17594.1503906
3225 17501.4882812
3295 17481.4609375
3355 17464.8984375
3415 17440.625
3451 17418.75
3473 17404.8027344
3519 17395.1054688
3759 17288.34375
3819 17269.0742188
3970 17145.6699219
4299 16950.5214844
4337 16928.5898438
4638 16788.2324219
4879 16680.2597656
5059 16589.9492188
5311 16401.9101562
5551 16362.6416016
5852 16196.5634766
6007 16087.7001953
6163 15990.9169922
6609 15823.4765625
6789 15721.6162109
7017 15593.0878906
7245 15495.7324219
7416 15429.8125
7467 15405.6435547
7587 15356.4248047
7803 15220.8144531
7813 15206.6542969
7852 15207.1347656
7894 15187.0136719
8122 15056.9335938
8483 15225.7236328
8543 15213.578125
8663 15164.1035156
8724 15137.6279297
8844 15093.640625
9385 14858.5019531
9445 14852.9755859
9505 14827.6074219
9746 14727.2568359
9806 14705.9755859
9902 14644.6103516
9938 14628.3310547
10059 14572.7021484
10179 14520.0410156
10239 14495.8388672
10420 14472.9365234
10480 14447.1425781
10911 14237.8203125
10971 14217.8222656
11081 14167.7363281
11191 14126.7851562
11251 14104.8017578
11371 14057.8027344
11491 14018.9550781
11552 13997.7333984
11672 13991.7353516
11772 13939.2265625
11832 13914.8203125
11893 13891.6171875
12013 13846.5087891
12229 13756.4980469
12365 13682.9208984
12404 13669.1738281
12585 13666.8027344
12705 13622.5986328
12825 13562.7314453
12885 13553.5996094
12945 13533.6630859
13066 13483.5566406
13126 13467.4755859
13306 13402.7451172
13545 13359.9511719
13605 13335.9072266
13687 13303.9375
13807 13244.296875
13867 13234.8984375
13986 13170.4111328
14046 13162.2128906
14166 13102.5371094
14286 13056.7402344
14347 13036.9228516
14407 13019.9111328
14467 13003.7509766
14647 12956.7421875
14828 12878.9951172
15188 12929.5439453
15248 12913.3642578
15290 12892.8945312
15392 12857.2021484
15450 12839.7548828
15508 12820.265625
15629 12779.6435547
15689 12755.6445312
15796 12761.1494141
15916 12708.0107422
15976 12688.0986328
16036 12665.6748047
16096 12652.0917969
16157 12645.3359375
16337 12564.9716797
16397 12539.6298828
16457 12521.9375
16518 12496.0146484
16578 12485.1386719
16638 12462.7958984
16698 12444.9697266
16758 12426.2080078
16919 12424.4453125
16979 12403.5048828
17100 12365.5908203
17160 12339.1259766
17220 12314.6347656
17280 12298.1611328
17400 12257.71875
17461 12234.7421875
17496 12223.3710938
17531 12220.5097656
17591 12201.5107422
17712 12160.7158203
17772 12135.3652344
17832 12123.4072266
17892 12106.859375
17952 12083.8916016
18072 12103.9326172
18193 12047.0283203
18253 12023.0166016
18313 11997.3730469
18373 11985.4375
18433 11969.5996094
18493 11954.40625
18554 11933.3046875
18614 11915.2832031
18674 11896.3847656
18734 11870.9628906
18794 11857.9511719
18854 11840.0136719
18914 11819.7392578
18974 11802.6230469
19035 11784.0888672
19294 11736.2216797
19354 11723.1171875
19414 11704.5878906
19474 11686.5625
19534 11666.0253906
19595 11646.0068359
19655 11620.7734375
19715 11607.9072266
19775 11586.890625
19835 11575.6923828
19895 11560.0058594
19955 11548.7275391
20015 11523.5039062
20076 11499.1308594
20136 11473.6269531
20316 11465.3105469
20377 11442.5800781
20437 11425.2089844
20497 11405.9912109
20557 11386.1142578
20617 11368.2451172
20677 11351.0654297
20737 11332.2099609
20798 11308.4042969
20858 11283.1347656
20893 11263.4013672
20928 11247.3740234
20988 11231.8261719
21047 11220.3417969
21108 11204.2275391
21409 11156.2988281
21529 11158.8671875
21589 11147.6894531
21709 11106.0234375
21769 11086.3496094
21830 11068.6777344
21890 11052.0410156
21950 11033.6855469
22010 11012.3203125
22070 10996.0517578
22130 10972.2714844
22191 10970.4902344
22251 10955.5644531
22311 10940.5214844
22371 10923.8896484
22431 10900.4423828
22491 10885.2900391
22551 10865.0898438
22611 10846.5537109
22732 10853.2470703
22792 10832.5585938
22852 10825.4013672
22912 10799.6582031
22968 10785.9648438
23023 10766.8037109
23084 10752.8544922
23144 10736.7910156
23204 10720.3544922
23264 10701.5878906
23384 10673.2158203
23444 10649.0722656
23505 10639.8671875
23565 10621.9609375
23625 10603.6220703
23685 10587.2480469
23745 10571.7773438
23805 10551.7783203
23866 10538.2900391
23986 10536.8916016
24025 10523.8271484
24065 10515.9365234
24125 10502.1289062
24185 10480.6455078
24245 10466.6201172
24305 10458.7910156
24366 10440.6865234
24649 10060.8046875
24709 10053.1035156
24769 10040.2099609
24829 10022.1806641
24889 10008.9882812
24949 9993.62792969
24990 9985.28027344
25030 9977.73339844
25151 9978.40332031
25211 9959.36328125
25271 9940.62109375
25331 9921.67285156
25391 9905.29785156
25451 9891.15820312
25512 9883.58007812
25572 9862.87304688
25632 9852.74316406
25692 9836.85253906
25752 9818.38476562
25806 9802.78027344
25860 9787.71875
25920 9777.38183594
25980 9767.76464844
26040 9758.03027344
26100 9738.08984375
26161 9720.20800781
26221 9699.38671875
26331 9714.10644531
26366 9701.89160156
26398 9696.43945312
26433 9686.5234375
26484 9677.00976562
26544 9665.72167969
26604 9643.62402344
26664 9627.87109375
26724 9613.34082031
26784 9603.61328125
26844 9591.77050781
26905 9576.47070312
26965 9557.70703125
27025 9534.54296875
27085 9515.0546875
27145 9503.69140625
27239 9495.71777344
27299 9477.46875
27359 9466.72265625
27419 9448.52832031
27539 9440.95800781
27599 9434.81835938
27660 9414.31347656
27720 9410.41210938
27780 9388.453125
27840 9371.89355469
27900 9361.85351562
27960 9348.20898438
28020 9334.35058594
28080 9315.62890625
28131 9304.79199219
28182 9293.77734375
28242 9274.47753906
28302 9261.42675781
28362 9245.1875
28423 9231.08984375
28483 9214.85839844
28543 9203.85644531
28603 9182.12402344
28663 9165.30664062
28783 9174.26074219
28904 9125.10351562
28964 9118.01855469
29024 9104.26660156
29084 9104.20214844
29144 9085.18066406
29204 9067.15136719
29265 9048.22265625
29325 9033.24414062
29385 9021.421875
29445 9014.359375
29505 9005.84863281
29565 8994.91894531
29625 8979.36621094
29685 8976.49804688
29746 8961.87792969
29806 8952.34570312
29866 8929.24023438
29926 8908.99023438
30046 8915.45019531
30106 8903.56347656
30166 8894.18164062
30227 8883.00585938
30287 8871.90820312
30347 8859.19726562
30407 8840.12109375
30458 8826.94335938
30570 8783.32714844
30630 8772.31152344
30690 8760.77636719
30750 8754.55761719
30810 8739.578125
30871 8726.390625
30931 8712.29980469
30991 8699.87597656
31051 8685.09570312
31111 8675.96777344
31171 8667.47753906
31231 8652.93359375
31352 8650.7421875
31652 8627.38378906
31712 8611.15625
31773 8599.79003906
31833 8589.203125
31893 8572.80664062
31953 8561.60839844
32013 8545.7265625
32073 8535.58984375
32133 8521.91503906
32193 8513.66699219
32254 8501.9375
32314 8489.09277344
32374 8475.91210938
32434 8467.08398438
32494 8449.94726562
32554 8432.484375
32675 8440.29394531
32735 8425.87011719
32795 8412.32714844
32855 8400.82421875
32915 8390.65820312
32975 8375.80175781
33035 8359.13671875
33095 8351.53027344
33156 8337.91113281
33212 8324.60839844
33269 8313.88769531
33329 8304.69921875
33389 8292.39453125
33449 8280.87597656
33509 8266.08691406
33569 8251.08398438
33630 8236.00390625
33690 8222.69042969
33750 8206.57421875
33810 8198.03613281
33870 8187.23095703
33990 8187.62060547
34050 8178.36962891
34111 8168.16503906
34171 8157.50292969
34231 8143.62744141
34291 8132.35839844
34351 8119.58203125
34411 8103.17675781
34471 8087.14746094
34532 8083.4921875
34592 8070.53027344
35023 8584.17382812
35083 8570.96191406
35143 8557.79492188
35204 8544.62109375
35264 8529.4609375
35324 8510.93457031
35384 8489.98730469
35444 8471.93457031
35504 8458.43554688
35564 8441.46582031
35624 8427.80859375
35685 8408.94628906
35745 8389.51855469
35805 8377.88671875
35865 8367.59277344
35919 8354.10449219
35974 8340.890625
36034 8328.50488281
36094 8307.609375
36154 8290.69921875
36214 8269.71777344
36275 8255.609375
36331 8237.99023438
36386 8215.84570312
36446 8207.29199219
36507 8202.86230469
36549 8190.38671875
36592 8170.92333984
36652 8158.82910156
36712 8141.01464844
36773 8121.87158203
36833 8106.48046875
36893 8087.16699219
36953 8070.62207031
37013 8056.90869141
37073 8041.93701172
37133 8024.38232422
37194 8008.23046875
37254 7986.67041016
37314 7961.51660156
37374 7955.03320312
37434 7945.29248047
37494 7932.36914062
37554 7918.93408203
37614 7907.19482422
37675 7901.8203125
37735 7888.40869141
37903 7836.61816406
37963 7827.23144531
38023 7817.63720703
38083 7804.58251953
38144 7789.47558594
38204 7774.11914062
38264 7754.10498047
38324 7737.22753906
38384 7730.89599609
38444 7717.79736328
38504 7707.56005859
38565 7693.91455078
38625 7683.52587891
38685 7680.15820312
38745 7668.93310547
38805 7650.69726562
38865 7644.73681641
38925 7626.72314453
38985 7613.59667969
39046 7598.04736328
39286 7423.60107422
39346 7402.69775391
39406 7401.82421875
39467 7391.9609375
39510 7378.40722656
39554 7374.53808594
39614 7367.69775391
39674 7362.12255859
39734 7348.36181641
39794 7336.24609375
39854 7322.84716797
39914 7308.84326172
39975 7293.49755859
40035 7282.48876953
40095 7270.06298828
40155 7251.50146484
40215 7234.10644531
40275 7226.64404297
40516 7224.65332031
40576 7215.33007812
40636 7203.03320312
40696 7187.60058594
40756 7180.90185547
40817 7167.92285156
40877 7159.29931641
40937 7147.68310547
40997 7133.58398438
41057 7115.05810547
41298 7462.0625
41358 7448.7890625
41418 7432.99121094
41478 7415.7578125
41538 7401.53369141
41598 7390.58642578
41658 7373.1640625
41719 7355.02246094
41779 7345.39257812
41839 7332.484375
41899 7317.33740234
41959 7306.14941406
42019 7290.66064453
42079 7272.92871094
42140 7260.859375
42200 7249.55957031
42260 7232.11181641
42320 7220.96875
42380 7207.94677734
42440 7195.64453125
42501 7182.43603516
42561 7169.83691406
42621 7156.78271484
42681 7142.92382812
42741 7131.16162109
42801 7118.66308594
42861 7108.34423828
42921 7091.92382812
42982 7075.76171875
43042 7064.37744141
43102 7050.59960938
43162 7034.19873047
43222 7023.33007812
43282 7007.44628906
43342 6996.52880859
43402 6983.62841797
43462 6971.33154297
43523 6954.2890625
43583 6943.65820312
43643 6932.03515625
43703 6919.52880859
43763 6905.43505859
43823 6899.28564453
43859 6889.70068359
43895 6882.16455078
43955 6870.25585938
44015 6861.43652344
44075 6847.67724609
44135 6837.18261719
44196 6826.24951172
44256 6813.43701172
44316 6800.10595703
44376 6784.78222656
44436 6772.66796875
44496 6762.59423828
44556 6751.578125
44616 6737.12451172
44677 6724.10888672
44737 6711.94091797
44797 6701.40820312
44857 6691.36035156
44917 6678.19970703
45218 6622.41455078
45278 6611.94580078
45338 6598.83105469
45389 6587.63427734
45441 6577.39599609
45501 6566.28173828
45561 6555.96435547
45621 6545.6953125
45681 6535.63867188
45741 6521.99072266
45801 6509.56689453
45862 6500.36376953
45922 6490.84179688
45982 6488.703125
46042 6479.48632812
46102 6461.27636719
46162 6454.52685547
46222 6438.95166016
46282 6430.4609375
46343 6422.19775391
46403 6412.89208984
46463 6392.32714844
46523 6366.08642578
46583 6345.35205078
46643 6327.53662109
46703 6321.66650391
46763 6313.29541016
46824 6307.24414062
