0 18160.0234375
82 18085.1757812
104 18054.6601562
263 17883.6679688
481 17562.3457031
527 17527.609375
1268 17476.6601562
1650 17127.7070312
2051 17111.2675781
2091 17084.6425781
2131 17063.71875
2252 16991.1679688
2372 16913.4082031
2422 16890.75
2473 16864.1679688
2533 16833.1445312
2593 16809.1386719
2654 16787.2207031
2714 16771.9355469
2954 16653.3496094
3074 16592.0292969
3255 16467.4804688
3307 16432.2714844
3339 16410.0878906
3380 16387.4042969
3418 16355.2949219
3432 16350.5527344
3468 16319.0283203
3529 16293.4765625
3589 16266.4306641
3649 16241.5927734
3709 16214.6230469
3889 16099.2265625
4370 16107.0683594
4430 16100.6328125
4491 16077.3320312
4593 16012.9541016
4635 15986.9638672
4755 15927.4121094
4815 15908.359375
4875 15880.9863281
4935 15846.7529297
5047 15818.6367188
5099 15799.8867188
5134 15777.0908203
5165 15773.8789062
5282 15767.4316406
5402 15700.2509766
5522 15631.5761719
5643 15579.6123047
5703 15560.6738281
5933 15437.3720703
5993 15424.5878906
6114 15401.609375
6174 15392.9189453
6294 15317.0078125
6354 15302.515625
6414 15269.9052734
6535 15172.4697266
6595 15165.4658203
6655 15158.8271484
6715 15140.4697266
6775 15113.3818359
6835 15082.9814453
6896 15062.9013672
6931 15049.5771484
6966 15037.625
7147 15005.5029297
7267 14933.1171875
7327 14908.0810547
7387 14873.0996094
7422 14868.8105469
7458 14857.8242188
7638 14737.9882812
7698 14733.3066406
7758 14719.6621094
7818 14694.8544922
7879 14673.1357422
7939 14661.3095703
7999 14640.7910156
8119 14609.3222656
8179 14600.9384766
8288 14526.9599609
8336 14505.3164062
8397 14492.8349609
8457 14489.7646484
8517 14458.6015625
8577 14439.4101562
8618 14415.7421875
8658 14400.1796875
8839 14300.2070312
8899 14283.6152344
8959 14254.0800781
9019 14221.2011719
9079 14201.1943359
9140 14190.0205078
9260 14193.7255859
9440 14094.21875
9594 14048.5839844
9654 14034.5898438
9714 14000.1582031
9774 13977.8515625
9834 13964.1757812
9894 13959.2265625
9954 13924.7226562
10075 13825.1123047
10135 13797.4912109
10255 13784.8466797
10315 13768.0214844
10556 13617.0488281
10598 13582.4677734
10640 13553.0146484
10700 13536.6162109
10760 13529.6455078
10821 13521.4511719
10941 13517.0839844
11061 13462.3291016
11121 13446.1669922
11181 13425.5166016
11302 13358.2324219
11362 13323.7949219
11422 13313.7988281
11663 13246.1279297
11723 13240.4550781
11890 13113.7998047
12057 13114.1445312
12117 13084.4101562
12358 12965.3916016
12418 12932.6835938
12538 12938.7792969
12598 12936.0966797
12839 12840.4667969
12899 12824.9667969
12959 12807.5058594
13200 12707.1552734
13260 12681.1484375
13380 12637.3613281
13440 12613.2724609
13475 12590.2792969
13571 12587.1796875
13631 12552.1835938
13811 12513.1347656
13992 12488.1455078
14112 12399.9560547
14172 12394.4970703
14232 12380.7939453
14292 12348.8085938
14353 12323.1533203
14413 12296.65625
14473 12271.6542969
14533 12237.5195312
14593 12217.1191406
14773 12186.0292969
14815 12150.9960938
14856 12130.3027344
14976 12070.3076172
15097 12061.7167969
15217 12038.6796875
15312 11991.65625
15347 11971.4521484
15408 11942.6923828
15528 11873.9316406
15588 11853.6679688
15648 11833.8642578
15708 11814.4042969
15768 11788.1484375
15889 11765.7871094
16009 11716.5869141
16127 11639.0722656
16188 11621.3710938
16248 11593.3720703
16308 11568.4257812
16368 11559.1054688
16428 11544.9199219
16488 11512.8886719
16549 11502.0957031
16799 11403.5615234
16859 11401.5166016
16920 11379.0341797
17040 11383.0878906
17145 11319.6933594
17205 11297.375
17265 11284.6142578
17325 11257.6308594
17421 11166.265625
17456 11156.8291016
17516 11140.5791016
17577 11140.1484375
18075 11838.2285156
18136 11818.2480469
18256 11804.5175781
18316 11795.4765625
18376 11784.1054688
18431 11771.7988281
18486 11750.5605469
18546 11729.4628906
18607 11713.2900391
18667 11696.8720703
18727 11678.8291016
18787 11657.6083984
18848 11638.3066406
18908 11625.2158203
18968 11607.6826172
19028 11585.2070312
19089 11567.9853516
19149 11554.4960938
19209 11539.0527344
19269 11522.7900391
19329 11501.9589844
19435 11496.1298828
19481 11490.3105469
19542 11475.6289062
19602 11459.3076172
19662 11438.9511719
19722 11421.9404297
19782 11403.2275391
19842 11385.6572266
19902 11377.2851562
19962 11356.5302734
20023 11336.2207031
20083 11320.5859375
20143 11309.4990234
20203 11290.8964844
20263 11271.0019531
20323 11253.0
20384 11236.1699219
20444 11220.1435547
20504 11207.9570312
20577 11221.7265625
20637 11215.0234375
20697 11195.2675781
20758 11173.6259766
20818 11157.0126953
20878 11134.3212891
20938 11120.7460938
20992 11114.8203125
21045 11099.6113281
21105 11077.0341797
21166 11061.2910156
21226 11044.0664062
21286 11030.046875
21346 11009.0732422
21406 10999.9326172
21467 10983.2617188
21527 10962.5625
21587 10940.9511719
21647 10925.1933594
21768 10929.1865234
21828 10914.0947266
21888 10898.0605469
21948 10877.1464844
22008 10859.4541016
22068 10849.6464844
22128 10827.1845703
22189 10807.5322266
22249 10796.7607422
22309 10782.2285156
22369 10766.4580078
22429 10746.6308594
22489 10733.2333984
22540 10719.2353516
22592 10703.0712891
22652 10684.8642578
22712 10669.0595703
22772 10652.3652344
22832 10639.4726562
22893 10615.3662109
22944 10601.2353516
23056 10608.8300781
23116 10589.3779297
23176 10568.5722656
23236 10557.9189453
23296 10542.6025391
23356 10529.7275391
23417 10508.1816406
23477 10490.3388672
23537 10468.8398438
23597 10451.0683594
23657 10425.7197266
23717 10404.0371094
23777 10390.2666016
23837 10378.1972656
23898 10365.4853516
23958 10345.2900391
24018 10329.4833984
24078 10315.0400391
24138 10301.3486328
24199 10281.9453125
24319 10288.25
24379 10262.0224609
24439 10242.2841797
24478 10236.9404297
24817 10206.375
24877 10193.0048828
24938 10177.2597656
24998 10162.8232422
25056 10144.8369141
25114 10132.8847656
25174 10117.5322266
25235 10105.9599609
25295 10087.1582031
25355 10065.6015625
25415 10045.1503906
25536 10047.6259766
25596 10040.6787109
25656 10025.5322266
25716 10009.2529297
25776 9997.20703125
25836 9985.32324219
25896 9969.59667969
25957 9946.93066406
26017 9929.57226562
26077 9915.8515625
26137 9902.24316406
26197 9880.421875
26257 9857.8046875
26317 9843.95800781
26377 9831.84570312
26438 9815.70410156
26498 9806.99414062
26558 9792.32324219
26618 9779.39160156
26679 9761.72753906
26726 9753.57324219
26834 9751.40527344
26894 9731.70507812
26955 9724.12304688
27015 9713.51757812
27075 9693.47070312
27135 9683.56054688
27195 9660.10058594
27255 9639.70800781
27316 9623.765625
27376 9614.08203125
27436 9599.43359375
27496 9587.80859375
27556 9574.87597656
27616 9557.9375
27676 9541.79101562
27736 9523.4296875
27797 9500.02246094
27857 9484.88671875
27917 9475.33203125
27976 9466.72851562
28035 9454.61132812
28155 9461.20410156
28215 9450.45898438
28275 9433.72460938
28750 9121.94140625
28810 9112.36035156
28870 9091.54101562
28931 9081.16894531
28988 9076.109375
29045 9065.93359375
29105 9049.57617188
29165 9034.24414062
29225 9019.26464844
29285 9008.06835938
29346 8998.02636719
29406 8984.22070312
29466 8974.23632812
29526 8959.54980469
29586 8947.65039062
29646 8933.0078125
29706 8920.93066406
29766 8906.54785156
29827 8890.13085938
29887 8882.19238281
29947 8867.87597656
30007 8854.41210938
30067 8839.10351562
30127 8823.36621094
30188 8811.74316406
30248 8796.86328125
30308 8787.91992188
30368 8773.5625
30428 8759.48632812
30470 8754.35839844
30512 8741.97753906
30572 8732.14355469
30632 8714.765625
30692 8698.24316406
30753 8689.75097656
30813 8676.50292969
30873 8668.59082031
30933 8656.25
31004 8645.87011719
31064 8634.20703125
31124 8617.31933594
31184 8601.10449219
31245 8592.56542969
31305 8578.91699219
31365 8567.69824219
31425 8558.9375
31545 8538.87109375
31605 8522.29101562
31666 8510.13378906
31726 8498.99902344
31786 8492.14746094
31846 8476.42675781
31906 8464.53808594
31966 8450.3671875
32027 8446.33691406
32087 8426.03417969
32147 8404.67871094
32207 8398.74609375
32267 8383.73730469
32327 8370.29394531
32387 8360.9140625
32447 8350.59960938
32507 8336.91210938
32568 8322.26269531
32628 8308.50097656
32688 8299.56933594
32723 8297.39746094
33241 8187.52099609
33301 8175.26269531
33361 8168.33398438
33421 8153.14404297
33542 8156.06982422
33602 8148.47949219
33649 8135.47998047
33696 8127.47412109
33756 8119.79638672
33816 8105.38183594
33876 8093.30371094
33937 8080.01708984
33997 8063.7734375
34057 8047.07910156
34112 8038.20166016
34168 8013.83007812
34228 8007.58886719
34288 8000.92041016
34346 7992.72167969
34403 7991.03173828
34463 7978.83740234
34885 8496.79101562
34945 8483.25683594
35005 8471.06835938
35060 8460.56445312
35115 8446.88867188
35176 8430.62011719
35227 8421.37988281
35278 8406.9296875
35339 8390.68457031
35399 8382.40625
35459 8367.1328125
35519 8352.88964844
35579 8339.11914062
35639 8325.67578125
35699 8319.16210938
35759 8298.62695312
35820 8283.30761719
35880 8269.2578125
35915 8263.953125
35951 8256.046875
36011 8241.39453125
36071 8228.37695312
36131 8211.640625
36191 8199.83886719
36251 8182.60058594
36311 8172.19726562
36371 8157.55957031
36432 8147.01513672
36467 8140.24462891
36502 8133.49365234
36562 8117.50634766
36622 8104.31689453
36683 8093.49121094
36743 8081.00585938
36803 8065.16162109
36863 8053.25537109
36923 8037.59277344
36983 8027.50097656
37044 8016.25
37104 8002.10839844
37164 7987.34082031
37224 7972.18017578
37284 7960.23046875
37344 7951.91748047
37405 7940.51269531
37465 7923.26904297
37525 7907.76416016
37585 7898.36767578
37645 7882.68212891
37705 7870.34082031
37765 7859.95263672
37825 7847.05078125
37886 7839.25634766
37946 7824.06347656
37983 7820.40478516
38020 7810.23730469
38081 7794.57666016
38141 7784.51171875
38201 7770.29394531
38261 7761.0546875
38298 7751.61962891
38335 7741.38427734
38395 7724.51220703
38455 7717.76367188
38516 7705.08935547
38576 7692.59375
38636 7679.86621094
38696 7670.3125
38756 7656.14941406
38816 7646.72460938
38876 7633.66357422
38937 7623.28955078
38997 7606.76074219
39057 7598.41796875
39528 7916.91503906
39588 7899.52587891
39634 7892.0078125
39670 7883.83544922
39730 7868.19970703
39790 7852.70117188
39851 7841.546875
39911 7828.74951172
39971 7809.16357422
40010 7799.18017578
40048 7789.61572266
40109 7784.09619141
40169 7767.84814453
40229 7754.18701172
40264 7749.54589844
40299 7739.25732422
40359 7725.64648438
40420 7712.73925781
40480 7699.29589844
40540 7682.44042969
40600 7666.49072266
40660 7661.17480469
40720 7636.00439453
40780 7617.19726562
40841 7608.18994141
40901 7599.40576172
40961 7586.99023438
41021 7575.07861328
41081 7562.69970703
41141 7545.55371094
41201 7538.39208984
41261 7526.52001953
41322 7511.65478516
41382 7496.60986328
41442 7481.26806641
41502 7469.59033203
41562 7459.47949219
41622 7446.45996094
41682 7432.35302734
41742 7418.80908203
41803 7410.90478516
41863 7394.83300781
41923 7385.64501953
41983 7365.22167969
42043 7350.52050781
42103 7338.22167969
42142 7332.68554688
42182 7321.78710938
42242 7313.11816406
42302 7302.79638672
42362 7290.48828125
42422 7274.81494141
42482 7248.48242188
42543 7237.42724609
42603 7224.23876953
42663 7217.43261719
42723 7207.96240234
42783 7198.11621094
42843 7186.30761719
42903 7170.16455078
42963 7158.39501953
43024 7141.75830078
43084 7124.01074219
43144 7120.60791016
43204 7110.00292969
43264 7100.56835938
43324 7087.44335938
43384 7079.18066406
43444 7066.16162109
43505 7051.91650391
43565 7043.74951172
43625 7032.45263672
43685 7017.79199219
43745 7004.33544922
43805 6991.59912109
43865 6983.09765625
43926 6974.00488281
43986 6961.16064453
44046 6950.19580078
44106 6939.85498047
44166 6926.44580078
44226 6914.86572266
44286 6904.72021484
44346 6890.06054688
44407 6875.11962891
44457 6863.65722656
44507 6858.86230469
44568 6849.74267578
44628 6840.39160156
44688 6830.04150391
44748 6820.11474609
44808 6810.48193359
44868 6798.85449219
44928 6788.64257812
44989 6775.80859375
45049 6762.96875
45109 6749.81787109
45198 6738.95800781
45258 6726.28173828
45318 6716.17382812
45378 6700.52929688
45438 6688.81933594
45498 6675.17285156
45558 6664.82470703
45619 6653.20214844
45679 6646.19238281
45739 6635.97021484
45799 6626.03222656
45859 6615.16943359
45919 6605.00097656
45979 6595.74365234
46040 6585.50439453
46100 6572.58300781
46160 6563.46386719
46220 6554.18115234
46255 6544.53857422
46290 6538.19921875
46350 6532.38720703
46411 6521.95019531
46471 6511.96386719
46531 6498.23095703
46591 6491.23242188
46651 6482.32421875
46711 6469.87207031
46771 6456.16210938
46832 6448.3125
46892 6439.36816406
46952 6429.46289062
47012 6416.69580078
47072 6410.09472656
47133 6398.64892578
47193 6383.15478516
47253 6372.75
47313 6361.08984375
47373 6351.04980469
47414 6344.60546875
47455 6337.65673828
47516 6330.98632812
47576 6322.36132812
47636 6312.46240234
47696 6300.79785156
47766 6289.63085938
47827 6283.43310547
47887 6272.17773438
47947 6262.97265625
48007 6252.51318359
48067 6240.33935547
48127 6230.59130859
48187 6219.28369141
48247 6207.53515625
48308 6200.36474609
48368 6190.76464844
48428 6178.94580078
48488 6171.63623047
48548 6159.89208984
48608 6154.39990234
48669 6146.64550781
48729 6136.76806641
48789 6127.90039062
48849 6116.36230469
48909 6106.61962891
48969 6097.72509766
49029 6086.43017578
49090 6077.57080078
49150 6070.19091797
49210 6060.30957031
49270 6049.78271484
49330 6039.09423828
49390 6029.80957031
49451 6022.41455078
49511 6010.51708984
49571 6002.83398438
49631 5995.80029297
49691 5985.33789062
49932 5952.28271484
49992 5943.20898438
50052 5936.66601562
50112 5929.69482422
50172 5925.20556641
50659 5853.88867188
50714 5848.21875
50769 5839.09472656
50829 5828.11865234
50889 5821.04931641
50950 5811.45703125
51010 5805.07177734
51070 5795.06835938
51130 5787.01220703
51190 5775.28955078
51250 5767.96728516
51310 5759.29345703
