0 17134.6054688
131 17016.0234375
166 17007.3554688
728 16721.1757812
848 16658.2324219
909 16639.8085938
969 16612.3613281
1029 16585.5566406
1112 16520.765625
1173 16510.9511719
1233 16499.4882812
1293 16490.8554688
1352 16480.3574219
1843 16207.3994141
1903 16179.1123047
1963 16170.2236328
2023 16143.0205078
2083 16133.4082031
2143 16125.3330078
2204 16112.890625
2656 15981.5019531
3195 15437.3222656
3554 15816.4140625
3855 15651.4404297
3975 15590.9511719
4035 15565.4326172
4096 15541.2988281
4135 15523.1572266
4235 15504.2578125
4296 15500.2832031
4476 15406.7070312
4536 15382.2275391
4657 15323.9257812
4897 15194.3427734
4985 15174.4335938
5046 15148.2861328
5100 15127.5283203
5216 15080.5048828
5276 15079.6533203
5336 15051.0595703
5516 14977.359375
5697 14893.4550781
5817 14821.8720703
5877 14812.7285156
5937 14784.5146484
5997 14763.9189453
6058 14736.2080078
6298 14671.3525391
6470 14579.2480469
6642 14484.1337891
6702 14465.96875
6762 14451.3574219
6822 14432.671875
7123 14292.9394531
7183 14268.0908203
7218 14248.9707031
7554 14254.6953125
7674 14254.5019531
7734 14227.6064453
7795 14207.6337891
7855 14190.5957031
7915 14163.3349609
7950 14138.7890625
7986 14134.7236328
8046 14114.4902344
8106 14090.0048828
8166 14062.6220703
8226 14043.6054688
8286 14017.5917969
8347 13991.0410156
8407 13964.6083984
8514 13975.5634766
8562 13947.9316406
8622 13927.2392578
8682 13911.7851562
8742 13886.5195312
8802 13866.0605469
8863 13846.2060547
8923 13824.8535156
9043 13770.4228516
9096 13756.3525391
9149 13729.6708984
9209 13707.9052734
9270 13688.4873047
9384 13636.4931641
9439 13625.6386719
9560 13622.6611328
9620 13604.8066406
9680 13583.8886719
9740 13559.9462891
9800 13535.4199219
9861 13516.0224609
9921 13495.8242188
10041 13455.8701172
10101 13434.609375
10161 13411.9716797
10221 13385.9082031
10281 13357.6630859
10342 13335.6035156
10402 13317.6669922
10462 13299.4042969
10514 13278.9521484
10566 13260.2792969
10626 13242.3085938
10686 13220.0556641
10781 13234.6787109
10816 13232.8056641
10877 13210.9267578
10997 13162.9833984
11057 13136.9306641
11117 13119.0488281
11177 13094.5693359
11237 13074.4921875
11298 13058.3115234
11358 13032.3388672
11418 13006.7841797
11478 12992.4287109
11538 12973.3330078
11658 12912.4912109
11718 12895.1572266
11779 12881.9130859
11959 12856.71875
12019 12828.3007812
12080 12804.1982422
12140 12784.5400391
12193 12761.0839844
12247 12752.3046875
12307 12731.1455078
12367 12712.6884766
12427 12694.2060547
12487 12681.3662109
12523 12674.0634766
12558 12652.3164062
12619 12642.8320312
12679 12619.9042969
12739 12601.4980469
12799 12580.4013672
12859 12558.3408203
12919 12533.2929688
13253 12461.1005859
13373 12462.7470703
13433 12445.9873047
13494 12424.8183594
13554 12403.2675781
13614 12390.5039062
13674 12369.9931641
13734 12348.1982422
13794 12321.4160156
13854 12308.3544922
13914 12288.8486328
13975 12267.90625
14035 12250.0664062
14095 12234.7470703
14155 12215.2402344
14209 12196.7626953
14323 12200.7607422
14383 12178.0800781
14443 12159.8798828
14503 12138.5273438
14563 12123.0058594
14623 12104.7597656
14684 12091.453125
14744 12073.6484375
14804 12054.7675781
14864 12037.0556641
14924 12014.0126953
14984 11993.6074219
15044 11977.8417969
15104 11957.6152344
15165 11941.2998047
15225 11926.1210938
15285 11908.1816406
15345 11889.125
15405 11871.8837891
15544 11866.8144531
15604 11849.3759766
15665 11825.6738281
15725 11819.7695312
15785 11795.4902344
15845 11772.9355469
15905 11753.9550781
15965 11731.2929688
16025 11708.8251953
16146 11651.7207031
16206 11636.0957031
16266 11619.9638672
16326 11600.6884766
16375 11594.3662109
16423 11574.9609375
16484 11547.9658203
16544 11545.3876953
16604 11516.8222656
16724 11501.546875
16784 11479.0283203
16844 11467.140625
16904 11455.6044922
16965 11438.0166016
17025 11414.8447266
17085 11412.234375
17145 11385.2851562
17205 11365.8691406
17265 11338.5927734
17325 11330.0322266
17385 11307.3037109
17446 11295.8964844
17506 11271.5507812
17566 11256.9560547
17626 11239.6894531
17686 11231.4873047
17746 11216.2851562
17806 11193.7207031
17866 11171.8115234
17927 11149.4257812
18249 11070.2753906
18490 11105.2626953
18550 11090.7167969
18610 11067.9433594
18670 11053.1669922
18731 11042.7851562
18791 11032.9248047
18851 11011.3271484
18911 10990.4453125
18971 10976.5117188
19031 10957.6992188
19091 10945.2939453
19152 10930.3408203
19212 10915.4990234
19332 10912.0195312
19392 10893.3896484
19452 10878.4443359
19513 10868.3300781
19573 10854.5839844
19633 10836.640625
19693 10816.4619141
19753 10799.8037109
19813 10785.8720703
19865 10764.5292969
19918 10759.3398438
19978 10735.4667969
20023 10724.6533203
20068 10707.7949219
20128 10691.8105469
20188 10678.9980469
20249 10663.2236328
20309 10654.8671875
20369 10634.7675781
20429 10624.8173828
20730 10326.2099609
20790 10312.5869141
20839 10301.6181641
20888 10285.7714844
20948 10268.4472656
21009 10248.8339844
21069 10235.1269531
21129 10216.1650391
21189 10203.8798828
21249 10189.0097656
21309 10168.0566406
21430 10130.2392578
21490 10119.0605469
21550 10115.7089844
21610 10104.3173828
21670 10082.9941406
21730 10071.5029297
21790 10054.4755859
21911 10054.8603516
21971 10040.3798828
22031 10028.9423828
22091 10015.7177734
22392 9975.11425781
22452 9967.96386719
22512 9948.97070312
22572 9935.67675781
22632 9917.85644531
22692 9907.4296875
22752 9889.7421875
22812 9880.86914062
22873 9868.4375
22933 9850.33203125
22993 9832.80664062
23041 9820.12597656
23089 9811.83007812
23150 9788.1015625
23270 9795.78320312
23330 9785.69921875
23390 9766.43359375
23450 9756.81933594
23510 9745.859375
23571 9729.55273438
23631 9716.2734375
23691 9706.17480469
23751 9693.44238281
23811 9679.171875
23871 9664.99121094
23927 9659.72558594
23983 9649.43066406
24043 9636.11523438
24103 9614.77246094
24163 9601.25878906
24223 9588.02734375
24283 9572.8359375
24343 9559.31933594
24403 9547.72167969
24524 9541.04492188
24584 9536.16992188
24644 9520.77832031
24704 9514.18847656
24764 9501.97363281
24824 9487.20703125
24884 9476.42578125
24945 9463.10449219
25005 9455.74902344
25065 9440.93554688
25125 9424.8515625
25185 9410.02246094
25245 9396.33105469
25306 9384.0703125
25366 9375.99804688
25426 9365.16210938
25486 9343.80957031
25546 9320.26660156
25584 9315.73730469
25623 9306.34375
25683 9294.0546875
25743 9279.83203125
25803 9273.42773438
25923 9275.54394531
25984 9269.76074219
26044 9250.31640625
26104 9239.13476562
26164 9224.32226562
26224 9210.80273438
26284 9201.27539062
26344 9190.29199219
26404 9177.70214844
26465 9152.8984375
26525 9142.5625
26585 9135.0625
26645 9120.22265625
26705 9108.17480469
26765 9094.73925781
26825 9085.87792969
26885 9070.69726562
26946 9055.90039062
27006 9041.93554688
27066 9026.31738281
27126 9021.42578125
27186 9005.36816406
27367 9000.3984375
27427 8987.96777344
27487 8978.078125
27547 8962.36816406
27608 8946.23535156
27668 8938.2734375
27728 8923.67285156
27788 8918.47070312
27848 8903.52148438
27908 8889.24609375
27968 8874.22558594
28028 8862.05175781
28081 8853.86816406
28346 8801.44921875
28406 8787.484375
28466 8778.40234375
28526 8759.92675781
28587 8755.26464844
28647 8738.87402344
28707 8723.97265625
28767 8707.921875
28827 8696.26074219
28887 8690.80371094
28947 8677.84570312
29007 8667.45117188
29068 8652.94726562
29128 8644.26953125
29248 8625.40332031
29308 8607.84960938
29368 8598.69335938
29429 8587.94433594
29489 8570.41699219
29549 8566.95800781
29609 8549.08105469
29669 8538.71777344
29729 8524.04980469
29789 8507.953125
29849 8498.50292969
29909 8485.12304688
29970 8478.46875
30030 8465.56542969
30090 8456.07617188
30150 8446.79882812
30210 8435.06835938
30270 8424.79101562
30330 8417.43652344
30391 8404.39355469
30451 8391.57128906
30511 8377.7265625
30570 8364.54199219
30725 8388.7734375
30785 8376.67285156
30845 8367.65722656
30905 8360.80957031
30966 8348.88964844
31026 8336.85058594
31086 8325.61914062
31146 8309.66503906
31206 8297.15820312
31266 8285.625
31326 8278.84179688
31369 8273.54492188
31411 8263.80273438
31471 8251.41699219
31531 8240.87890625
31591 8230.24609375
31711 8228.23242188
31772 8210.01269531
31832 8203.75976562
31892 8191.04150391
31952 8180.65039062
32409 8743.27734375
32463 8728.43847656
32524 8709.53222656
32584 8697.27636719
32644 8683.64257812
32704 8667.41992188
32764 8656.11328125
32824 8642.33398438
32884 8627.25488281
32945 8605.75976562
33005 8594.16601562
33065 8584.12890625
33125 8568.29394531
33185 8554.73535156
33245 8541.80859375
33305 8527.59960938
33366 8517.70898438
33426 8507.37792969
33606 8338.43164062
33658 8338.31738281
33711 8325.71875
33771 8315.80761719
33831 8299.7109375
33891 8291.65527344
33952 8273.16503906
34012 8258.81152344
34072 8243.79394531
34132 8229.45800781
34192 8209.71386719
34252 8191.24755859
34313 8184.22753906
34373 8171.20556641
34433 8155.87011719
34493 8136.35400391
34553 8129.77929688
34613 8119.85009766
34673 8102.35888672
34734 8089.48486328
34794 8077.28369141
34854 8065.83935547
34914 8046.13037109
34974 8034.52490234
35034 8019.96630859
35094 8008.46582031
35154 7993.74658203
35215 7980.37890625
35275 7964.64306641
35335 7955.54052734
35395 7938.54345703
35455 7925.57861328
35515 7909.30029297
35576 7893.31103516
35636 7883.91162109
35696 7870.05078125
35731 7865.43603516
35766 7857.28320312
35827 7850.56982422
35887 7836.109375
35947 7820.46191406
36007 7805.87109375
36067 7792.34375
36127 7778.49023438
36187 7765.15478516
36248 7752.953125
36308 7741.45410156
36368 7729.92285156
36428 7716.10839844
36488 7702.26953125
36548 7689.28857422
36608 7679.62402344
36669 7669.85644531
36729 7658.89990234
36789 7644.83105469
36849 7635.38671875
36909 7624.15625
36969 7616.35498047
37030 7604.96972656
37090 7594.46533203
37150 7577.44238281
37210 7570.39697266
37270 7559.1796875
37330 7545.40527344
37390 7534.24072266
37450 7518.31542969
37511 7509.66210938
37571 7497.61474609
37631 7483.71679688
37691 7472.25976562
37751 7460.38964844
37811 7447.43359375
37871 7441.44140625
37931 7430.03808594
37992 7413.15673828
38052 7401.77587891
38093 7395.24267578
38134 7387.69824219
38194 7376.71630859
38254 7363.47998047
38314 7350.51025391
38719 7666.06689453
38779 7658.29052734
38819 7651.00195312
38858 7641.36962891
38918 7619.19287109
38978 7603.4765625
39038 7595.46582031
39099 7579.27783203
39159 7563.73974609
39219 7557.01855469
39279 7545.0703125
39339 7528.83837891
39400 7506.04736328
39460 7496.88720703
39520 7487.48632812
39580 7475.77490234
39640 7458.19824219
39700 7448.08007812
39760 7434.36816406
39820 7418.36230469
39881 7404.14892578
39977 7383.03808594
40014 7376.48339844
40074 7365.95117188
40135 7353.29785156
40195 7349.00488281
40235 7343.1484375
40249 7340.51611328
40260 7333.76123047
40270 7321.61230469
40280 7319.99316406
40294 7319.76855469
40315 7313.6953125
40332 7310.30078125
40342 7306.34375
40377 7296.85693359
40437 7285.20898438
40498 7280.30126953
40558 7263.94335938
40618 7247.87011719
40678 7242.5234375
40738 7226.30371094
40787 7205.88476562
40823 7199.10253906
40835 7197.3828125
40845 7194.42822266
40858 7191.93945312
40871 7187.78466797
40907 7180.15478516
40967 7171.62304688
41027 7159.45458984
41088 7149.06054688
41148 7137.49169922
41186 7133.85205078
41225 7122.25634766
41285 7106.97070312
41345 7093.90917969
41405 7083.93896484
41465 7072.09423828
41525 7059.60351562
41586 7043.54980469
41646 7036.60546875
41706 7022.89550781
41766 7009.16943359
41826 6999.04833984
41886 6987.41845703
41946 6975.91259766
42007 6961.14550781
42067 6950.56787109
42127 6940.37353516
42187 6926.26806641
42247 6911.92138672
42307 6903.14355469
42368 6894.55712891
42428 6882.29882812
42488 6868.78369141
42548 6857.97558594
42583 6850.52685547
42619 6846.82324219
42679 6835.12841797
42739 6825.30664062
42799 6809.54492188
42859 6798.59423828
42919 6785.84570312
42979 6777.38574219
43040 6759.60107422
43100 6751.015625
43160 6739.91503906
43220 6727.95166016
43280 6715.671875
43340 6704.73388672
43400 6693.08691406
43461 6682.50292969
43521 6673.93945312
43581 6663.01904297
43641 6652.03759766
43701 6641.82324219
43761 6633.95507812
43814 6623.73779297
43867 6613.16552734
43921 6605.73779297
43975 6590.55712891
44035 6579.52636719
44095 6570.546875
44155 6558.95458984
44215 6548.140625
44275 6538.85058594
44336 6528.52783203
44396 6516.87792969
44456 6505.32324219
44516 6497.55419922
44576 6486.05029297
44636 6475.17285156
44677 6468.32763672
44717 6460.80029297
44777 6450.33496094
44837 6438.21875
44897 6432.23974609
44958 6415.84277344
45018 6406.44433594
45078 6398.2890625
45138 6387.13623047
45173 6377.12451172
45209 6373.62646484
45269 6363.95263672
45329 6353.57714844
45389 6351.70800781
45449 6339.48681641
45510 6326.04833984
45570 6315.05322266
45630 6297.05664062
45690 6288.29541016
45750 6279.58642578
45810 6270.46289062
45870 6259.21142578
45930 6248.67626953
45991 6239.70654297
46051 6230.27783203
46111 6221.86035156
46171 6212.89697266
46231 6206.29833984
46291 6197.29785156
46351 6186.14404297
46411 6177.14892578
46472 6167.37304688
46532 6156.74658203
46592 6146.39990234
46652 6136.52783203
46712 6129.38574219
46772 6121.24267578
46832 6112.13476562
46893 6099.96337891
46953 6089.65136719
47013 6077.31103516
47073 6066.71435547
47126 6056.37841797
47180 6043.62988281
47240 6034.15625
47300 6026.73388672
