0 18460.0234375
60 18373.9980469
155 18230.0039062
190 18179.140625
290 18025.8496094
330 17980.0058594
429 17844.0800781
453 17799.1757812
488 17758.5761719
608 17601.6035156
1329 17998.4921875
1372 17959.1953125
1415 17933.6328125
1476 17918.0859375
1596 17914.4101562
1643 17859.8359375
1689 17830.0820312
1749 17787.6855469
1810 17741.0957031
1870 17731.2050781
1930 17677.2441406
1990 17633.0644531
2038 17605.4179688
2086 17565.6875
2130 17537.7460938
2174 17513.2929688
2221 17481.0429688
2246 17476.65625
2281 17429.0917969
2328 17419.3339844
2448 17381.4199219
2749 17420.5800781
2803 17392.1328125
2872 17375.7910156
2932 17374.8515625
2992 17341.328125
3052 17322.3320312
3112 17246.2949219
3172 17213.703125
3232 17188.1464844
3293 17138.1757812
3328 17126.9707031
3424 17121.1621094
3484 17082.484375
3544 17052.2949219
3604 17023.8457031
3664 16998.4746094
3724 16951.7402344
3784 16922.8457031
3845 16889.4570312
3965 16844.9140625
4025 16795.3164062
4085 16750.0507812
4145 16717.2734375
4205 16688.1621094
4265 16640.5664062
4386 16624.5683594
4444 16591.7128906
4479 16582.3398438
4494 16570.7207031
4531 16536.9726562
4591 16489.5175781
4652 16469.0996094
4712 16452.1699219
4832 16428.2929688
4892 16393.3300781
4952 16353.5273438
5012 16325.4179688
5072 16287.0888672
5133 16240.203125
5193 16222.4375
5253 16191.1542969
5371 16201.296875
5429 16172.1699219
5489 16145.5644531
5549 16132.5869141
5609 16091.8115234
5730 16040.9472656
5790 16010.4326172
5850 15976.2529297
6150 15932.1621094
6211 15913.8798828
6271 15883.1425781
6331 15850.7548828
6451 15859.1240234
6511 15825.7099609
6571 15798.1357422
6653 15778.2441406
6713 15751.6660156
6773 15701.6396484
6833 15678.8759766
6893 15655.9375
6954 15623.9931641
7014 15580.1933594
7074 15570.0732422
7121 15556.7919922
7167 15546.3378906
7227 15511.6523438
7288 15477.7490234
7408 15471.7626953
7468 15460.9277344
7528 15425.3935547
7588 15398.4082031
7648 15380.0898438
7708 15338.2949219
7769 15301.90625
7829 15288.1298828
7889 15272.4287109
7949 15236.6845703
8009 15211.3798828
8069 15197.3574219
8129 15163.6445312
8171 15134.4423828
8280 15097.1787109
8317 15080.1503906
8377 15066.2255859
8437 15059.8349609
8497 15051.7382812
8618 15020.4941406
8678 14973.1982422
8713 14960.2197266
8748 14932.6484375
8808 14928.9697266
8868 14878.3867188
8928 14857.4394531
8989 14845.765625
9049 14819.1914062
9109 14787.4990234
9169 14766.5732422
9229 14716.5019531
9315 14696.3476562
9361 14676.6054688
9421 14648.703125
9481 14627.3730469
9552 14640.9804688
9612 14622.7265625
9672 14586.9013672
9732 14584.2607422
9793 14549.9111328
9853 14504.1699219
9913 14480.2646484
9973 14427.0478516
10094 14412.8808594
10154 14376.75
10214 14342.0615234
10274 14338.5615234
10343 14280.4609375
10384 14275.4716797
10444 14256.0585938
10504 14221.328125
10625 14206.1943359
10660 14168.765625
10695 14135.8017578
10794 14135.0722656
10833 14103.6806641
10894 14073.8808594
10954 14043.0878906
11014 14003.9257812
11074 13988.9179688
11194 13984.3476562
11254 13938.5595703
11315 13938.2675781
11375 13923.0263672
11435 13892.9082031
11495 13861.0732422
11555 13822.5791016
11615 13816.9736328
11675 13812.421875
11792 13785.6972656
11852 13765.1669922
11912 13764.0380859
11973 13723.0185547
12033 13720.2851562
12093 13690.9755859
12128 13675.7070312
12143 13659.1826172
12242 13647.0742188
12303 13581.5029297
12363 13547.9365234
12423 13531.3847656
12603 13502.3154297
12723 13464.3300781
12784 13452.5703125
12844 13411.7890625
12964 13412.7890625
13024 13383.8701172
13084 13326.1445312
13325 13244.6669922
13385 13241.1787109
13445 13218.0566406
13487 13205.4228516
13529 13197.1845703
13590 13184.8994141
13650 13166.015625
13710 13139.3398438
13770 13092.0322266
13847 13067.0644531
13968 13057.7705078
14028 13052.7158203
14088 13035.4072266
14148 13016.5351562
14206 13004.8857422
14265 12997.0576172
14325 12982.1640625
14385 12964.8974609
14445 12921.0742188
14505 12907.5761719
14566 12872.0107422
14626 12826.8369141
14686 12820.1035156
14746 12802.6503906
14806 12793.578125
14841 12777.0283203
14877 12753.1601562
14954 12718.0917969
15074 12722.3720703
15134 12683.1298828
15255 12670.8046875
15495 12867.7138672
15556 12852.7119141
15616 12836.3613281
15676 12808.4882812
15736 12795.9306641
15796 12773.0175781
15856 12747.3613281
15916 12729.7773438
15976 12711.6328125
16037 12690.2939453
16097 12679.8417969
16157 12656.3662109
16217 12642.109375
16277 12623.140625
16337 12600.5527344
16398 12579.1533203
16518 12593.6914062
16578 12576.4316406
16638 12551.1181641
16698 12526.4121094
16759 12508.9208984
16819 12482.8984375
16879 12475.2158203
16939 12461.4853516
16999 12443.4150391
17059 12428.4755859
17119 12401.4804688
17179 12379.1621094
17240 12369.953125
17300 12349.5761719
17360 12335.3535156
17420 12313.6542969
17480 12299.6474609
17540 12283.3730469
17601 12265.0029297
17705 12279.0800781
17749 12262.8867188
17809 12248.4111328
17869 12219.2001953
17929 12199.6650391
17988 12191.7138672
18048 12165.8691406
18109 12156.0058594
18164 12135.2695312
18219 12118.09375
18279 12089.5722656
18339 12067.3964844
18400 12058.7685547
18460 12023.3164062
18520 12006.4296875
18580 11989.4042969
18640 11975.1328125
18700 11961.0820312
18760 11942.7314453
18820 11923.8623047
18941 11911.7109375
19001 11908.0849609
19062 11884.4970703
19122 11876.2734375
19182 11854.3984375
19242 11833.6279297
19277 11827.8388672
19313 11813.8691406
19373 11807.4257812
19433 11787.8828125
19493 11766.1308594
19553 11743.0595703
19613 11726.3125
19673 11714.6152344
19734 11693.2216797
19794 11681.3271484
19854 11657.3662109
19914 11637.8876953
19974 11626.2402344
20034 11606.9091797
20095 11597.6787109
20155 11582.5742188
20275 11584.2167969
20335 11556.4609375
20395 11550.2470703
20455 11530.3037109
20516 11515.6835938
20576 11501.9326172
20636 11483.9316406
20696 11466.1923828
20756 11453.3554688
20816 11438.7011719
20876 11416.8105469
20936 11403.796875
20997 11390.3291016
21057 11372.7158203
21117 11355.2324219
21177 11337.5820312
21237 11321.7646484
21297 11297.6328125
21332 11293.1445312
21368 11276.7392578
21428 11257.2783203
21548 11257.5986328
21608 11237.1220703
21669 11216.8867188
21729 11206.0556641
21789 11196.5410156
21849 11183.8466797
21909 11168.0039062
21969 11146.1796875
22030 11126.2119141
22090 11107.6855469
22150 11100.0253906
22210 11082.3173828
22270 11072.7490234
22330 11052.2900391
22391 11038.7910156
22451 11022.4667969
22511 11006.1699219
22571 10981.5058594
22631 10980.9296875
22691 10959.2080078
22751 10943.140625
23112 10912.2158203
23292 10678.6591797
23352 10620.9824219
23413 10605.5371094
23473 10583.7675781
23533 10568.65625
23575 10558.9384766
23618 10549.1640625
23678 10540.7724609
23738 10527.1992188
23798 10515.0117188
23859 10498.0917969
23919 10480.4511719
23979 10465.8876953
24039 10443.8466797
24159 10448.7509766
24220 10438.0507812
24280 10429.5097656
24340 10410.8310547
24400 10396.0810547
24460 10384.3173828
24520 10372.1972656
24580 10355.5058594
24640 10342.2861328
24701 10323.8046875
24761 10317.8623047
24799 10303.8847656
24836 10294.4599609
24897 10278.0429688
24957 10256.2626953
25017 10247.4472656
25077 10235.3242188
25137 10222.3173828
25197 10209.2158203
25258 10199.1728516
25318 10175.7744141
25498 10175.2070312
25558 10163.1787109
25618 10143.9648438
25678 10124.6601562
25739 10111.0556641
25799 10095.7109375
25859 10082.1142578
25919 10061.3496094
25979 10045.7363281
26039 10028.5019531
26099 10014.1855469
26159 10004.1933594
26220 9994.34277344
26280 9976.4765625
26340 9959.12304688
26400 9942.78320312
26460 9935.81640625
26520 9926.19824219
26581 9916.41699219
26641 9899.72558594
26701 9888.89550781
26761 9868.296875
26881 9877.69140625
26941 9853.91796875
27001 9843.59375
27062 9832.375
27110 9826.85546875
27158 9822.48535156
27218 9805.86523438
27278 9781.01367188
27338 9778.84960938
27399 9759.05859375
27459 9748.22363281
27519 9736.98828125
27579 9726.36523438
27639 9712.59082031
27699 9700.42285156
27760 9687.64453125
27820 9673.171875
27880 9663.390625
27915 9652.53027344
27950 9645.62304688
28010 9631.08789062
28071 9617.78222656
28131 9601.87890625
28251 9594.47070312
28311 9589.5703125
28371 9575.30273438
28431 9559.0859375
28491 9553.61132812
28552 9546.47265625
28612 9528.80175781
28672 9520.81738281
28732 9510.82421875
28792 9496.84570312
28852 9481.47753906
28912 9472.07324219
28972 9457.14648438
29033 9444.07421875
29093 9427.25292969
29153 9414.37792969
29213 9402.66113281
29273 9385.60839844
29333 9380.81054688
29393 9361.42089844
29453 9344.73730469
29513 9337.91113281
29634 9345.265625
29694 9326.00585938
29754 9310.84472656
29814 9306.59570312
29874 9295.51660156
29934 9279.02929688
29994 9270.20605469
30055 9255.53125
30115 9245.53417969
30355 9190.20019531
30415 9173.32128906
30475 9164.21484375
30535 9148.03710938
30595 9137.29101562
30656 9120.29199219
30716 9114.44238281
30776 9099.45898438
30836 9086.37011719
30896 9072.01953125
30957 9060.10742188
31017 9049.3984375
31137 9054.50097656
31197 9031.89746094
31257 9022.71972656
31317 9018.30273438
31377 9005.13574219
31438 8991.93652344
31498 8980.89257812
31558 8967.01757812
31618 8962.02929688
31678 8941.53417969
31738 8931.55078125
31798 8919.28027344
31851 8912.31738281
31903 8895.140625
31963 8880.18554688
32024 8867.25976562
32084 8854.32324219
32121 8837.67285156
32158 8830.01464844
32219 8820.953125
32279 8807.80175781
32339 8797.90625
32399 8789.85058594
32519 8784.96972656
32579 8775.73339844
32640 8756.93359375
32700 8745.78808594
32751 8734.83886719
32803 8725.47558594
32863 8718.3828125
32923 8703.40234375
32983 8692.921875
33043 8680.296875
33103 8671.79785156
33164 8656.27929688
33224 8643.015625
33284 8630.69042969
33344 8616.14160156
33404 8602.51171875
33464 8593.61328125
33524 8577.31640625
33584 8566.04589844
33644 8555.6953125
33705 8544.05371094
33765 8541.89257812
33825 8521.140625
33885 8511.08398438
33945 8495.90625
34066 8508.95214844
34126 8430.34960938
34246 8372.78027344
34306 8367.47363281
34342 8357.45410156
34378 8345.44433594
34439 8335.53027344
34499 8318.32421875
34559 8307.75097656
34619 8306.36621094
34679 8287.31542969
34739 8278.10546875
34791 8268.62597656
34843 8252.74414062
34904 8244.87792969
34964 8233.21386719
35024 8210.25683594
35084 8208.27148438
35144 8199.00097656
35204 8187.49414062
35265 8178.109375
35325 8173.32910156
35385 8164.45751953
35445 8151.76464844
35565 8141.49804688
35625 8139.59179688
35685 8120.21142578
35746 8102.68701172
35806 8088.88378906
36046 8690.45214844
36095 8677.48339844
36143 8664.66210938
36204 8652.04003906
36264 8633.95019531
36324 8626.41894531
36430 8602.078125
36475 8590.4921875
36535 8579.99121094
36595 8564.51074219
36656 8551.09960938
36716 8536.5703125
36776 8527.45019531
36836 8516.10839844
36896 8498.81933594
36957 8483.23046875
37017 8469.93945312
37077 8460.58691406
37137 8446.91113281
37197 8432.2734375
37257 8414.12304688
37317 8394.84765625
37378 8379.78417969
37438 8373.16601562
37487 8366.25292969
37537 8356.83398438
37597 8346.90527344
37657 8333.67285156
37717 8322.13671875
37777 8312.46289062
37837 8297.98144531
37898 8281.80957031
37958 8266.56640625
38018 8251.59082031
38078 8230.94921875
38138 8225.5703125
38198 8205.08203125
38258 8196.04101562
38319 8185.11767578
38379 8173.77539062
38439 8165.68994141
38499 8148.28271484
38559 8143.56542969
38619 8125.73144531
38679 8112.37744141
38739 8097.12646484
38799 8087.29296875
38860 8079.44140625
38920 8063.88916016
38980 8045.08398438
39040 8041.29882812
39100 8016.70166016
39160 8006.66015625
39220 8000.18701172
39280 7996.81591797
39340 7993.65917969
39401 7984.32666016
39461 7975.05273438
39521 7972.98046875
39581 7956.98193359
39641 7944.92871094
39701 7934.74951172
39761 7919.79003906
39822 7906.94189453
39882 7892.96826172
39942 7880.47314453
39984 7870.87939453
40002 7864.29492188
40040 7846.21533203
40220 7835.24560547
40281 7827.48046875
40341 7819.41992188
40401 7809.13916016
40461 7796.78222656
40521 7788.33740234
40581 7772.44726562
40642 7763.42529297
40882 7747.12695312
41062 8146.41796875
41123 8131.53613281
41158 8125.95410156
41194 8117.17138672
41254 8100.81640625
41314 8089.44140625
41361 8078.82226562
41383 8072.72558594
41418 8066.48046875
41478 8053.80175781
41538 8041.55126953
41598 8022.45507812
41658 7996.93505859
41719 7988.45654297
41779 7978.65185547
41839 7962.8125
41899 7947.73876953
41959 7938.14111328
42020 7926.51025391
42080 7906.36767578
42140 7891.64404297
42200 7883.77832031
42260 7874.25439453
42321 7860.54443359
42381 7852.74707031
42441 7844.00976562
42501 7829.60302734
42561 7817.69482422
42621 7802.20166016
42681 7789.01904297
42742 7773.88134766
42802 7763.05517578
42862 7747.91113281
42922 7738.64892578
42982 7726.00341797
43042 7711.87353516
43102 7697.17773438
43162 7679.90820312
43223 7666.39257812
43283 7657.57275391
43343 7644.81445312
43403 7632.37792969
43463 7621.65234375
43523 7608.91308594
43583 7592.82714844
43644 7582.37939453
43704 7574.52392578
43764 7558.96777344
43824 7549.89941406
43884 7539.88525391
43944 7523.51660156
44005 7506.83837891
44065 7494.32568359
44125 7480.87988281
44185 7470.63427734
44245 7460.88671875
44300 7450.84960938
44355 7437.47900391
44415 7423.93994141
44475 7411.41845703
44535 7401.79492188
44596 7389.30273438
44836 7346.14697266
44896 7333.03662109
44957 7323.74658203
45017 7305.40869141
45061 7294.79541016
45106 7288.47558594
45166 7278.30224609
45226 7263.62597656
45287 7251.31445312
45407 7104.41650391
45467 7054.92480469
45527 7043.06103516
45587 7034.27490234
45647 7021.47558594
45707 7007.79638672
45768 7001.07470703
45828 6986.36767578
45888 6979.23388672
45948 6969.36865234
46008 6962.45849609
46068 6953.00146484
46128 6941.15966797
46189 6926.42724609
46249 6915.29833984
46309 6900.29980469
46369 6895.48779297
46429 6882.33544922
46489 6870.93847656
46530 6863.77050781
46570 6855.68261719
46631 6845.79101562
46691 6834.86816406
46751 6822.38525391
46811 6813.68896484
46871 6799.27880859
46931 6787.85400391
46992 6776.2421875
47052 6767.67919922
47112 6757.23974609
47172 6745.88476562
47232 6735.24169922
47292 6723.06542969
47352 6708.62207031
47413 6703.57226562
47473 6694.13818359
47533 6682.20507812
47593 6669.70947266
47653 6658.04003906
47713 6650.46191406
47774 6639.74316406
47834 6628.51806641
47894 6616.31152344
47954 6608.44970703
48014 6595.94091797
48074 6584.93066406
48134 6573.03027344
48195 6566.0078125
48255 6557.39306641
48315 6541.89111328
48375 6529.765625
48435 6519.33496094
48495 6508.99023438
48555 6500.82714844
48615 6492.38085938
48720 6299.61914062
48944 6450.21289062
49004 6438.03320312
49065 6428.26367188
49125 6420.53808594
49185 6410.83642578
49220 6402.94726562
49256 6399.2109375
49316 6389.34716797
49376 6378.1796875
49776 6316.31347656
49836 6304.39794922
49896 6300.36083984
50016 6289.43017578
50076 6272.47412109
50137 6247.9609375
50197 6233.40966797
50257 6222.12011719
50317 6213.82275391
50437 6202.64013672
50497 6196.92773438
50558 6191.60253906
