0 19430.1132812
1109 18643.5253906
2182 17954.0585938
2663 17751.8496094
2783 17706.0605469
2844 17697.5214844
2900 17685.1523438
2957 17669.5078125
3060 17604.53125
3121 17600.3417969
3241 17545.9335938
4263 17119.7695312
4338 17063.6054688
4399 17038.7050781
4459 17015.4472656
4639 16900.4707031
4760 16843.125
4820 16830.1796875
5121 16718.4824219
5293 16604.3789062
5465 16524.4765625
5886 16412.0390625
6126 16334.1230469
6351 16228.7685547
6382 16211.8125
6498 16141.5253906
6679 16059.3955078
6799 15994.2685547
6980 15949.3369141
7040 15929.7158203
7195 15850.2851562
7230 15833.2128906
7411 15738.8232422
7466 15714.5009766
7522 15692.1513672
7762 15577.1337891
7823 15557.5283203
8003 15539.8408203
8469 15355.3173828
8708 15244.6435547
8752 15222.9511719
8798 15197.9609375
8918 15152.5537109
8978 15151.3076172
9039 15149.8027344
9142 15093.1123047
9185 15078.2412109
9366 15010.4228516
9426 14993.1152344
9462 14969.1816406
9498 14955.71875
9618 14909.5761719
9798 14819.3613281
9859 14800.6914062
9919 14776.1835938
10230 14680.8486328
10285 14666.0273438
10340 14652.2333984
10520 14560.1308594
10556 14543.8505859
10570 14540.4082031
10610 14529.5136719
10790 14462.9941406
10971 14358.3632812
11091 14374.1044922
11211 14328.1025391
11271 14309.1884766
11331 14284.9326172
11367 14269.6396484
11403 14259.25
11463 14234.7128906
11523 14215.9042969
11643 14162.5595703
11693 14139.8642578
11743 14121.2978516
11801 14097.6787109
11860 14079.6328125
11980 14025.3779297
12015 14024.9199219
12111 14030.3408203
12171 14007.9179688
12231 13986.4033203
12412 13904.9208984
12472 13889.3603516
12893 13751.1503906
12950 13728.9238281
13007 13715.3710938
13067 13694.4169922
13308 13651.2451172
13488 13581.1953125
13548 13560.5253906
13608 13540.4023438
13909 13419.5078125
13969 13399.8115234
14029 13375.6357422
14089 13354.5888672
14150 13336.7080078
14270 13287.3164062
14390 13297.7333984
14511 13266.953125
14571 13248.1035156
14691 13208.3779297
14767 13158.5888672
14828 13136.125
14948 13082.7675781
15008 13059.3076172
15068 13042.1201172
15128 13018.4296875
