0 7405.94189453
42 7400.92041016
938 7197.22363281
1101 7154.47900391
1162 7149.89208984
2004 6991.70800781
2339 6915.10400391
2495 6876.06884766
2675 6831.65234375
3096 6724.57714844
3156 6715.91894531
3276 6693.34179688
3818 6665.59521484
3998 6629.93457031
4058 6624.68066406
4479 6526.22167969
4600 6501.65771484
4780 6466.75195312
4960 6446.29980469
5261 6380.10058594
5441 6342.46972656
5493 6331.73242188
5546 6322.23779297
5786 6270.97314453
5847 6269.34375
6063 6264.23046875
6183 6237.60595703
6243 6227.32275391
6303 6216.18066406
6604 6166.5234375
6724 6146.84814453
6905 6130.91113281
6965 6122.42236328
7085 6107.48535156
7205 6084.48095703
7265 6074.95947266
7377 6055.83837891
7437 6044.92626953
7497 6036.24951172
7557 6026.01806641
7617 6019.19238281
7678 6017.07421875
7858 5979.58886719
7978 5980.62841797
8399 5967.76855469
8459 5959.3515625
8519 5949.83642578
8640 5928.04882812
8700 5921.05224609
8808 5903.00146484
8857 5895.98144531
8917 5884.73144531
9038 5883.73974609
9098 5877.0859375
9158 5867.41748047
9218 5857.68603516
9278 5850.01367188
9398 5830.51757812
9458 5821.27294922
9579 5803.17041016
9639 5794.66259766
9699 5787.33544922
9759 5778.25537109
9819 5769.17919922
9939 5749.80957031
10000 5740.76611328
10060 5732.94189453
10240 5726.95605469
10300 5717.49072266
10360 5710.19140625
10481 5685.42431641
10541 5674.90869141
10601 5664.93310547
10661 5658.85253906
10721 5650.53076172
10781 5641.51660156
10841 5634.39111328
10902 5625.86376953
11022 5605.75439453
11082 5597.01220703
11142 5593.92089844
11262 5585.59521484
11322 5582.078125
11383 5571.89257812
11443 5566.51269531
11503 5558.44091797
11563 5550.12353516
11623 5539.15869141
11683 5529.37402344
11743 5518.78417969
11804 5511.30566406
11864 5502.34375
11924 5496.52001953
11972 5489.73632812
12020 5485.64794922
12081 5479.65771484
12141 5470.03808594
12201 5459.92871094
12261 5452.43847656
12501 5422.47119141
12541 5419.68017578
12581 5411.87646484
12642 5402.80078125
12702 5394.28222656
12762 5387.03515625
12822 5376.79345703
12882 5370.43652344
12942 5360.54931641
13063 5351.14355469
13123 5347.59472656
13183 5340.62451172
13484 5334.82421875
13544 5324.17285156
13604 5318.96875
13664 5313.9921875
13784 5314.69433594
13844 5309.11230469
13905 5300.73974609
13965 5292.46728516
14025 5286.11572266
14085 5276.41503906
14145 5269.7578125
14205 5263.45117188
14265 5255.81005859
14325 5248.64111328
14386 5237.74560547
14446 5229.15673828
14506 5223.92089844
14566 5217.81103516
14626 5208.64355469
14686 5201.95849609
14746 5194.38720703
14807 5186.23779297
14867 5178.20166016
14987 5181.74707031
15047 5176.07519531
15107 5167.63769531
15167 5165.19580078
15227 5156.17089844
15288 5149.89550781
15348 5142.38916016
15408 5137.05859375
15468 5127.97949219
15528 5120.22216797
15588 5113.95898438
15648 5108.80664062
15709 5102.95507812
15769 5095.640625
15829 5087.22900391
15889 5078.53564453
15949 5072.43798828
16009 5064.92089844
16069 5058.05859375
16129 5049.63378906
16250 5050.39013672
16310 5048.27880859
16370 5039.03027344
16430 5031.83203125
16490 5023.92431641
16550 5016.09179688
16610 5011.81884766
16671 5002.89453125
16731 4995.09716797
16791 4988.34765625
16851 4980.04736328
16911 4975.38574219
16971 4969.07714844
17006 4964.45507812
17042 4955.92382812
17102 4951.73535156
17162 4945.97558594
17222 4939.60058594
17277 4933.37353516
17332 4927.14941406
17393 4920.84960938
17453 4914.84765625
17513 4909.99121094
17633 4910.69921875
17693 4903.88427734
17814 4884.18212891
17874 4877.36962891
17934 4869.79345703
17994 4862.28271484
18054 4854.94726562
18114 4848.74511719
18174 4845.59716797
18234 4840.67675781
18294 4833.32275391
18415 4826.73583984
18475 4820.34472656
18535 4811.79296875
18595 4804.91210938
18656 4799.59667969
18716 4792.92822266
18776 4783.90429688
18836 4779.26464844
18956 4783.80126953
19017 4777.23876953
19077 4768.609375
19137 4764.03417969
19197 4758.31347656
19257 4751.93798828
19317 4746.82373047
19377 4740.61523438
19437 4734.79833984
19498 4728.1328125
19558 4721.71386719
19618 4715.52001953
19678 4711.00146484
19738 4704.45605469
19798 4695.05761719
19858 4689.03027344
20039 4659.81396484
20099 4654.21191406
20159 4650.99121094
20219 4642.98535156
20340 4641.90576172
20400 4639.21435547
20460 4635.23681641
20580 4618.51855469
20640 4611.67236328
20701 4606.66748047
20761 4601.37158203
20821 4594.85546875
20881 4591.56787109
20941 4583.69384766
21001 4578.26025391
21061 4576.42724609
21121 4571.20849609
21182 4565.21923828
21242 4560.30419922
21302 4555.58837891
21362 4553.26220703
21422 4547.76513672
21482 4541.90625
21518 4537.18847656
21535 4535.80761719
21577 4531.41162109
21638 4526.38525391
21758 4528.52246094
21818 4525.91601562
21878 4524.9375
21938 4520.6171875
21998 4514.40283203
22179 4497.22070312
22239 4489.13525391
22299 4482.27978516
22359 4479.63183594
22419 4475.04150391
22480 4467.08740234
22540 4461.04833984
22600 4454.88525391
22660 4445.07177734
22720 4444.0859375
22781 4437.20068359
22841 4430.66357422
22901 4424.76953125
22961 4419.13720703
23021 4414.52685547
23081 4407.72363281
23141 4401.97216797
23262 4397.16455078
23322 4395.87841797
23382 4390.72167969
23442 4386.92382812
23502 4379.07128906
23562 4373.92333984
23623 4368.66308594
23683 4359.74072266
23743 4353.52099609
23803 4349.16943359
23863 4346.01806641
23923 4342.78027344
23983 4336.08447266
24043 4330.72851562
24103 4324.5625
24164 4318.47167969
24224 4313.68310547
24284 4306.53515625
24344 4301.48095703
24404 4296.49902344
24464 4289.453125
24885 4307.08691406
24946 4300.38916016
25006 4292.59033203
25066 4284.20019531
25126 4278.94287109
25186 4274.49365234
25246 4272.04736328
25306 4267.77001953
25367 4259.95800781
25427 4254.359375
25487 4246.29931641
25547 4241.34619141
25607 4235.44726562
25667 4229.49707031
25727 4224.11962891
25788 4219.23974609
25848 4214.57568359
25908 4208.85107422
25968 4203.30957031
26029 4202.50097656
26089 4194.20556641
26149 4188.58251953
26209 4182.53857422
26329 4186.08837891
26389 4180.82910156
26449 4175.62841797
26510 4168.72412109
26570 4164.42431641
26630 4159.62011719
26690 4154.74414062
26750 4148.16845703
26810 4143.33886719
26870 4136.52880859
26930 4130.46435547
26991 4127.55126953
27051 4122.62890625
27111 4118.61132812
27171 4113.00732422
27231 4112.46972656
27291 4105.40136719
27351 4098.828125
27412 4092.16162109
27472 4087.98120117
27532 4083.25219727
27592 4077.19213867
27652 4070.36401367
27712 4067.37304688
27773 4058.59985352
27953 4063.38989258
28013 4061.36743164
28073 4055.6340332
28133 4049.19726562
28193 4042.86450195
28254 4038.68945312
28314 4032.35986328
28434 4012.53759766
28494 4008.55102539
28554 4002.68774414
28614 3996.22070312
28675 3991.02587891
28735 3985.76074219
28795 3981.28857422
28855 3976.51757812
28915 3968.36450195
28975 3965.53686523
29035 3960.27514648
29092 3959.2956543
29148 3955.18115234
29209 3949.3503418
29269 3943.61425781
29329 3941.68798828
29389 3936.62646484
29449 3931.70043945
29569 3934.38256836
29629 3930.234375
29690 3924.55371094
29750 3918.85864258
29810 3914.07763672
29870 3909.35375977
29930 3902.58886719
29990 3898.77929688
30050 3894.15063477
30110 3888.53735352
30171 3884.93530273
30231 3875.47265625
30291 3872.09301758
30351 3862.86108398
30411 3861.75048828
30471 3858.56176758
30531 3853.47973633
30591 3850.72583008
30652 3844.04418945
30772 3843.53320312
30832 3839.73681641
30892 3837.73510742
30952 3835.97729492
31012 3833.86108398
31072 3828.671875
31132 3822.3269043
31253 3827.51757812
31313 3821.92822266
31373 3817.59057617
31433 3813.91210938
31493 3811.42553711
31553 3807.28173828
31614 3802.76196289
31674 3800.55541992
31734 3796.65258789
31794 3792.19042969
31854 3789.35131836
31914 3786.24169922
31975 3781.03833008
32035 3775.71411133
32095 3771.93334961
32155 3770.42504883
32215 3761.08569336
32275 3755.72802734
32335 3752.54711914
32516 3738.47973633
32576 3733.05981445
32636 3731.29541016
32696 3726.03417969
32756 3724.13793945
32816 3718.70043945
32937 3721.53491211
32997 3719.08032227
33057 3713.07226562
33117 3708.17749023
33177 3702.51147461
33237 3698.36816406
33298 3694.13574219
33358 3688.8828125
33400 3687.57885742
33442 3684.77587891
33502 3676.58227539
33562 3671.41748047
33682 3671.49926758
33742 3667.28442383
33802 3663.23242188
33862 3655.69677734
33923 3653.96435547
33983 3650.4519043
34043 3646.00390625
34103 3639.16894531
34163 3630.11303711
34283 3629.32397461
34344 3625.82299805
34404 3622.82324219
34464 3619.2434082
34524 3613.171875
34584 3607.8359375
34705 3608.13647461
34765 3605.75146484
34825 3601.47412109
34885 3596.56347656
34945 3593.20996094
35005 3588.00048828
35066 3583.43041992
35126 3580.46069336
35186 3577.24560547
35306 3571.99682617
35366 3568.02001953
35427 3565.64868164
35487 3561.45239258
35547 3558.14404297
35607 3555.80078125
35667 3548.71435547
35727 3546.765625
35847 3544.24780273
35908 3533.23071289
35968 3522.38916016
36028 3521.92773438
36088 3516.41040039
36148 3511.41845703
36269 3505.07543945
36329 3500.91943359
36449 3496.65795898
36569 3498.78320312
36629 3492.15893555
36689 3484.83935547
36750 3479.58959961
36870 3483.87231445
36930 3480.26928711
36990 3479.46972656
37050 3474.39819336
37110 3473.71923828
37171 3470.58691406
37231 3469.53198242
37291 3465.60229492
37351 3461.91821289
37411 3454.53491211
37471 3453.4519043
37531 3448.65869141
37592 3445.34008789
37652 3442.59130859
37712 3433.80981445
37772 3432.27416992
37832 3430.71582031
37892 3424.44018555
37952 3424.2199707
38012 3423.47851562
38073 3414.67333984
38133 3411.9934082
38193 3411.75439453
38253 3404.76611328
38373 3408.48486328
38434 3404.60546875
38494 3402.62573242
38554 3398.48510742
38614 3393.47094727
38674 3388.93334961
38734 3385.97241211
38794 3382.21679688
38915 3378.68896484
39035 3372.01953125
39095 3370.51928711
39155 3364.40332031
39275 3359.27758789
39396 3351.17675781
39456 3349.36914062
39516 3341.71386719
39576 3337.48413086
39636 3336.07275391
39696 3331.41430664
39757 3329.33837891
39817 3325.69946289
39877 3322.31079102
39937 3319.92797852
39997 3314.8425293
40058 3312.10620117
40178 3307.46557617
40238 3302.41308594
40358 3305.22387695
40418 3297.43359375
40478 3294.85864258
40539 3292.80395508
40599 3286.18017578
40659 3280.55761719
40719 3274.8059082
40839 3274.77661133
40899 3271.55297852
40960 3269.60668945
41020 3267.76367188
41080 3262.4284668
41140 3256.77709961
41200 3256.29516602
41260 3250.41748047
41320 3245.11157227
41621 3247.86523438
41681 3243.02929688
41741 3241.54858398
41801 3237.63061523
41861 3235.60107422
42102 3457.16894531
42343 3466.80541992
42403 3461.66943359
42463 3459.20410156
42523 3455.83178711
42583 3452.52416992
42644 3449.67773438
42704 3443.3527832
42764 3437.96386719
42824 3434.40380859
42884 3432.68774414
42944 3427.21899414
43004 3424.18139648
43065 3419.17919922
43125 3415.85009766
43185 3412.70214844
43245 3410.0637207
43305 3404.6550293
43365 3400.04174805
43425 3396.64868164
43486 3393.80078125
43546 3390.09619141
43606 3386.01977539
43666 3380.09545898
43726 3372.22949219
43786 3366.94335938
43846 3364.37011719
43907 3362.87231445
43967 3357.55712891
44027 3353.23071289
44087 3349.78564453
44147 3345.7878418
44207 3344.00219727
44267 3340.88623047
44328 3337.21972656
44388 3333.49682617
44448 3329.90698242
44508 3324.83642578
44568 3320.92480469
44628 3314.16577148
44688 3312.72192383
44749 3308.24951172
44809 3304.55371094
44869 3300.8894043
44929 3297.87036133
44989 3294.62768555
45049 3290.4699707
45109 3289.56713867
45169 3284.95239258
45230 3281.15991211
45290 3276.48168945
45350 3271.13476562
45410 3269.18676758
45470 3266.9609375
45530 3262.62744141
45591 3260.06713867
45651 3254.99853516
45711 3251.37792969
45771 3245.47924805
45831 3243.99560547
45891 3237.50268555
45951 3236.98803711
46012 3233.03320312
46072 3230.20727539
46132 3224.80664062
46192 3221.27807617
46252 3218.20239258
46312 3215.03173828
46373 3212.54321289
46433 3208.37011719
46485 3205.72875977
46532 3202.26123047
46588 3198.32202148
46648 3193.20898438
46708 3189.46801758
46768 3188.02026367
46829 3184.53588867
46889 3179.97607422
46949 3177.00610352
47009 3171.21606445
47069 3170.36743164
47114 3167.33325195
47159 3163.85473633
47220 3160.37744141
47255 3158.29956055
47619 3318.94091797
47679 3314.77294922
47739 3309.84521484
47799 3304.87915039
47860 3300.95483398
47920 3297.59326172
47980 3293.81323242
48040 3290.86987305
48100 3286.30615234
48160 3282.72436523
48220 3278.25219727
48280 3274.48022461
48341 3270.00219727
48401 3265.77758789
48461 3262.18676758
48521 3259.28125
48581 3256.7956543
48641 3252.92285156
48701 3246.61352539
48762 3245.03881836
48822 3240.37084961
48882 3235.75415039
48942 3232.42578125
49002 3227.11474609
49062 3223.04492188
49122 3220.1394043
49183 3218.07080078
49243 3213.93603516
49303 3210.50219727
49363 3208.02319336
49423 3203.8190918
49483 3199.83178711
49543 3196.07885742
49603 3192.71044922
49664 3188.60302734
49724 3184.1340332
49784 3181.29296875
49844 3176.98339844
49886 3174.33251953
49928 3171.86694336
49988 3166.35546875
50048 3164.76293945
50108 3161.70263672
50503 3152.97485352
50563 3148.46679688
50623 3147.25854492
50744 3144.74560547
50804 3140.57910156
50864 3135.50878906
50924 3129.51977539
50984 3120.75341797
