0 18391.1933594
138 18272.5996094
250 18194.8867188
1866 17332.3457031
2204 17054.8164062
2241 17043.7832031
2353 16958.5410156
2526 16848.5332031
2831 16700.21875
2951 16587.9824219
3295 16409.3398438
3415 16350.7294922
3476 16341.5322266
3957 16574.4589844
4137 16463.2617188
4197 16432.7246094
4317 16375.2666016
4377 16351.3300781
4539 16243.6845703
4640 16264.9169922
4881 16117.1054688
4941 16090.6367188
5061 16047.5595703
5157 15990.1386719
5192 15971.6113281
5432 15836.7910156
5553 15829.7294922
5613 15800.7099609
5733 15734.3759766
5853 15665.625
6034 15565.8916016
6076 15542.671875
6095 15539.6933594
6126 15524.671875
6179 15493.0742188
6211 15487.2001953
6247 15475.7070312
6427 15365.2089844
6547 15373.7304688
6728 15275.9199219
6908 15177.2207031
6968 15157.8945312
7269 14983.5439453
7329 14958.3427734
7551 14858.6855469
7611 14846.375
7695 14784.4589844
7815 14768.4042969
7996 14658.6455078
8031 14641.5185547
8066 14623.3779297
8126 14600.2978516
8247 14548.7861328
8417 14427.8173828
8468 14411.9804688
8528 14390.2021484
8649 14405.6074219
8769 14322.0253906
8950 14221.9208984
9070 14160.5371094
9130 14134.9091797
9250 14075.8251953
9353 13997.1259766
9390 13985.1699219
9427 13976.625
9468 13950.8613281
9509 13922.5947266
9749 13867.6582031
9930 13728.6914062
10268 13980.4296875
10328 13954.7001953
10389 13941.2773438
10449 13911.0292969
10509 13883.9716797
10569 13854.5078125
10629 13837.9833984
10689 13812.3847656
10810 13809.4248047
10870 13795.6230469
10930 13771.3925781
10990 13741.4628906
11050 13715.9033203
11111 13689.3115234
11171 13668.9873047
11231 13648.2597656
11291 13616.6474609
11351 13591.5224609
11411 13571.4765625
11451 13552.0673828
11491 13535.4882812
11551 13516.8232422
11611 13493.1386719
11672 13463.2832031
11732 13436.421875
11792 13413.3125
11912 13429.71875
12032 13363.8027344
12092 13346.1152344
12153 13315.625
12213 13299.5087891
12273 13272.7412109
12333 13252.5185547
12393 13222.6650391
12453 13193.8544922
12514 13162.3164062
12574 13152.3232422
12634 13128.1767578
12691 13104.4384766
12748 13083.8300781
12808 13064.1044922
12868 13038.7412109
12988 13023.6806641
13048 13013.9199219
13109 12989.7675781
13169 12965.5810547
13229 12935.1513672
13289 12931.2109375
13349 12900.4931641
13409 12879.1455078
13455 12860.3583984
13500 12841.8701172
13560 12818.7070312
13620 12797.8974609
13681 12771.9599609
13741 12742.6806641
13801 12726.2939453
13861 12706.6083984
13921 12680.2607422
13981 12655.6044922
14222 12617.0107422
14277 12607.0195312
14333 12580.9560547
14393 12560.1875
14453 12530.4628906
14513 12510.7597656
14573 12490.8837891
14633 12469.6533203
14694 12444.2138672
14814 12401.6171875
14874 12378.6816406
14934 12352.0595703
15114 12288.1376953
15175 12268.2880859
15235 12248.2646484
15295 12228.0507812
15415 12230.7167969
15475 12203.6240234
15535 12180.8417969
15595 12170.8564453
15656 12148.7832031
15700 12132.4365234
15745 12121.7050781
15805 12099.5273438
15865 12092.3339844
15926 12064.4501953
15986 12041.0917969
16046 12013.9521484
16106 11993.5273438
16226 11965.2304688
16286 11934.6767578
16347 11917.8115234
16407 11889.8642578
16467 11874.1259766
16647 11877.5175781
16768 11822.9238281
16828 11806.2470703
16888 11784.6259766
16948 11764.8417969
17008 11741.6992188
17068 11714.0732422
17369 11742.1181641
17429 11720.421875
17489 11703.9541016
17549 11687.4042969
17609 11671.5009766
17669 11643.4404297
17729 11627.3164062
17836 11630.9160156
17897 11624.8935547
17957 11604.2763672
18017 11581.0888672
18077 11559.3710938
18137 11544.8935547
18197 11529.0019531
18258 11508.2822266
18318 11496.703125
18378 11478.2597656
18438 11459.9677734
18498 11429.9824219
18559 11413.203125
18619 11399.5908203
18679 11381.5839844
18739 11362.6875
18782 11347.5332031
18840 11334.5820312
18900 11317.0205078
18960 11300.3300781
19020 11279.9306641
19141 11296.7646484
19201 11273.3046875
19261 11254.3378906
19321 11232.6142578
19381 11211.8691406
19441 11198.3525391
19501 11179.0917969
19539 11176.6474609
19577 11166.5927734
19638 11146.90625
19698 11134.7099609
19758 11111.5273438
19809 11108.1982422
19861 11085.0585938
19921 11060.6298828
19981 11055.0732422
20041 11032.3652344
20101 11014.3515625
20161 10998.484375
20221 10980.7441406
20282 10962.7441406
20402 10964.9160156
20456 10955.0429688
20495 10939.3427734
20527 10932.1240234
20572 10917.2822266
20633 10903.0458984
20693 10884.0253906
20753 10861.9042969
20813 10846.1660156
20873 10827.8652344
20933 10817.1152344
20993 10786.0498047
21054 10775.53125
21114 10766.8222656
21174 10749.9091797
21234 10731.8867188
21269 10718.4755859
21305 10708.8310547
21365 10694.7460938
21425 10672.0341797
21485 10657.8681641
21726 10634.1455078
21786 10606.9980469
21846 10595.4160156
21906 10576.2412109
21966 10558.2851562
22026 10534.5136719
22087 10526.4042969
22147 10506.265625
22207 10491.1425781
22267 10474.7626953
22327 10457.2441406
22387 10440.3808594
22447 10429.0048828
22507 10411.2802734
22568 10391.8583984
22628 10375.9658203
22688 10352.1845703
22748 10331.7109375
22808 10319.0244141
22868 10304.9355469
22988 10301.6904297
23049 10294.7080078
23109 10277.6064453
23169 10260.6015625
23229 10239.3828125
23274 10226.5488281
23320 10221.9042969
23380 10211.3916016
23441 10199.2753906
23501 10185.4423828
23561 10169.3056641
23621 10160.5351562
23681 10138.4882812
23741 10129.0595703
23801 10108.2597656
23861 10083.421875
23922 10073.6992188
23982 10063.1455078
24042 10053.5175781
24102 10033.4277344
24162 10018.9013672
24222 10002.8730469
24282 9986.53125
24403 9991.59570312
24463 9978.26660156
24523 9964.63476562
24583 9952.43847656
24643 9941.47558594
24703 9925.31347656
24763 9906.34570312
24823 9894.22558594
24884 9873.62695312
24944 9861.05371094
25004 9848.75585938
25064 9829.03125
25124 9809.37402344
25184 9799.90332031
25245 9785.81835938
25305 9781.7890625
25365 9767.11523438
25425 9752.66894531
25468 9740.19628906
25510 9732.11425781
25571 9714.6015625
25631 9703.13867188
25671 9689.68261719
25711 9683.86425781
25811 9687.5390625
25861 9675.18164062
25911 9660.28417969
25971 9644.70019531
26031 9626.12792969
26091 9618.10839844
26152 9602.74316406
26212 9588.44238281
26272 9572.88769531
26332 9562.57128906
26392 9547.81933594
26452 9539.03222656
26512 9520.35546875
26573 9507.96679688
26633 9496.01660156
26693 9480.90917969
26753 9463.47851562
26813 9449.54785156
26873 9433.42773438
26933 9417.98925781
26993 9407.4296875
27053 9394.62304688
27114 9379.07324219
27223 9389.95410156
27272 9369.99414062
27333 9355.38671875
27393 9338.81152344
27453 9329.98632812
27513 9313.45996094
27573 9298.87695312
27693 9278.40039062
27732 9277.07128906
27771 9271.78613281
27832 9258.03710938
27892 9244.86132812
27952 9223.74609375
28012 9208.10058594
28072 9194.28515625
28133 9177.17089844
28193 9161.55078125
28253 9150.39257812
28313 9136.96777344
28373 9125.34960938
28434 9104.57910156
28494 9087.54199219
28554 9080.04199219
28614 9057.65917969
28734 9070.26171875
28794 9042.90136719
28854 9039.15917969
28915 9018.93359375
28975 9007.94335938
29035 8991.16113281
29095 8979.59960938
29155 8965.37597656
29215 8948.55175781
29275 8936.73339844
29336 8925.13378906
29396 8912.7109375
29456 8903.24707031
29516 8890.55761719
29576 8876.5703125
29696 8861.21972656
29756 8845.47167969
29816 8839.58300781
29877 8824.06054688
29937 8809.21289062
29997 8797.92382812
30057 8783.31738281
30104 8776.45605469
30212 8782.75
30272 8768.08203125
30332 8754.4453125
30393 8741.38476562
30453 8735.24511719
30513 8719.86035156
30573 8710.06835938
30633 8700.32519531
30693 8695.15527344
30753 8679.64648438
30814 8672.37207031
30874 8654.37988281
30934 8642.31542969
31174 9270.15820312
31535 9196.04785156
31570 9194.41308594
31606 9181.63769531
31666 9164.87207031
31726 9149.35839844
31786 9132.88964844
31846 9119.81640625
31906 9101.87402344
31966 9086.73242188
32027 9072.21972656
32087 9054.49316406
32147 9042.27148438
32202 9030.69921875
32258 9014.01269531
32318 9002.02246094
32378 8983.72753906
32438 8969.08886719
32498 8952.00097656
32558 8941.5234375
32618 8924.64355469
32678 8908.09667969
32739 8893.6953125
32799 8879.05273438
32859 8861.05078125
32919 8846.95214844
32979 8832.55566406
33039 8819.10058594
33099 8809.27929688
33160 8794.07910156
33220 8780.94042969
33280 8763.82617188
33340 8750.35058594
33400 8735.63183594
33460 8716.91015625
33520 8703.140625
33580 8689.1328125
33641 8669.88867188
33701 8661.17578125
33761 8648.32910156
33821 8631.41796875
33881 8618.17871094
33941 8600.73730469
34001 8586.92871094
34061 8574.59765625
34122 8560.70703125
34182 8542.62988281
34242 8527.20117188
34302 8513.31152344
34362 8499.76757812
34422 8489.50390625
34482 8475.96582031
34543 8464.93652344
34603 8448.82519531
34663 8435.26464844
34723 8422.29980469
34783 8406.68261719
34843 8393.39160156
34903 8375.90527344
34963 8367.66601562
35024 8351.77246094
35084 8341.26171875
35144 8329.22558594
35204 8311.98144531
35264 8297.56542969
35324 8278.5859375
35565 8688.95996094
35625 8669.90234375
35685 8639.40722656
35745 8627.58398438
35805 8615.38964844
35865 8598.171875
35926 8579.35351562
35986 8566.09570312
36046 8549.37011719
36106 8535.27441406
36166 8521.86230469
36226 8502.04589844
36287 8484.60449219
36347 8469.47070312
36407 8455.00097656
36467 8437.984375
36527 8423.27246094
36587 8409.41210938
36648 8391.5859375
36708 8373.52636719
36768 8361.12792969
36828 8340.90820312
36888 8330.88769531
36948 8313.74707031
37001 8301.12695312
37055 8290.52734375
37115 8271.63867188
37175 8256.08203125
37235 8241.89453125
37296 8230.78222656
37356 8212.23046875
37416 8194.91699219
37476 8178.27539062
37536 8164.453125
37596 8148.54882812
37656 8132.01220703
37716 8121.77197266
37777 8107.50976562
37837 8092.2265625
37897 8077.17041016
37957 8064.04101562
38017 8049.96337891
38077 8031.98486328
38137 8020.70849609
38197 8004.04638672
38257 7991.29833984
38318 7974.70068359
38378 7961.16064453
38438 7947.28710938
38498 7934.01660156
38558 7922.59082031
38618 7906.50634766
38678 7894.75097656
38738 7882.87304688
38799 7866.97802734
38859 7856.98974609
38919 7843.62109375
38979 7833.85400391
39018 7826.54638672
39056 7810.95166016
39117 7797.97460938
39177 7783.65185547
39237 7774.24609375
39297 7757.69042969
39357 7744.68701172
39417 7729.40332031
39478 7716.42626953
39538 7706.23291016
39598 7692.29638672
39658 7675.59765625
39718 7666.06005859
39778 7650.90869141
39814 7634.14355469
39850 7625.67578125
39910 7617.60302734
39971 7601.28076172
40031 7586.09667969
40091 7573.5859375
40151 7560.35839844
40211 7546.73632812
40271 7531.16064453
40331 7520.44824219
40391 7509.75244141
40452 7490.45019531
40512 7483.57080078
40572 7467.02246094
40632 7454.51220703
40692 7444.84033203
40752 7433.24804688
40812 7422.15771484
40872 7410.63378906
40933 7389.80908203
40993 7382.19482422
41053 7369.02783203
41113 7358.11035156
41173 7345.24267578
41208 7336.69384766
41244 7333.13525391
41304 7320.57128906
41364 7306.31152344
41424 7292.9765625
41484 7279.31591797
41544 7266.99707031
41605 7255.12597656
41965 7182.03710938
42026 7168.60595703
42086 7160.88330078
42146 7148.04541016
42206 7135.69287109
42266 7123.15625
42326 7109.33984375
42386 7095.12646484
42446 7079.30712891
42507 7069.19677734
42567 7062.23535156
42627 7046.58496094
42687 7036.84082031
42747 7015.49951172
42807 7008.83154297
42867 6999.54541016
42927 6983.49755859
42988 6975.76806641
43048 6963.79199219
43108 6948.18212891
43146 6945.54931641
43185 6940.93652344
43245 6926.81445312
43305 6918.64013672
43365 6907.02832031
43425 6892.3515625
43485 6880.60302734
44153 6778.34472656
44214 6774.57421875
44274 6749.87402344
44334 6744.08447266
44394 6734.05517578
44454 6728.24462891
44515 6723.07128906
44575 6714.63232422
44635 6701.41992188
44695 6687.75732422
44755 6677.12060547
44815 6668.57763672
44875 6659.49658203
