0 7226.60693359
35 7213.04638672
61 7203.17675781
157 7163.70703125
217 7141.58496094
277 7120.08642578
337 7104.36914062
433 7065.58154297
468 7058.03173828
588 7054.30224609
684 6983.8671875
719 6969.62451172
779 6950.23242188
975 6853.73242188
1021 6853.70605469
1081 6849.04589844
1141 6845.90625
1176 6841.75488281
1452 6577.16113281
1873 6815.47216797
1994 6811.64941406
2054 6795.52099609
2114 6781.29980469
2174 6766.34521484
2215 6754.74658203
2257 6744.56054688
2317 6724.25878906
2377 6713.89697266
2497 6706.59619141
2557 6687.01367188
2618 6669.15087891
2653 6660.93603516
2688 6650.29345703
2748 6635.01464844
2808 6619.65869141
2868 6603.34716797
2929 6589.28710938
2989 6571.96875
3049 6549.69824219
3109 6545.76367188
3169 6541.18066406
3289 6509.87109375
3349 6491.04101562
3410 6474.88378906
3470 6460.14941406
3530 6440.54248047
3590 6426.92822266
3650 6415.29882812
3710 6402.71240234
3770 6380.33886719
3831 6377.31542969
3945 6363.48681641
4005 6345.96240234
4065 6330.64355469
4125 6319.22802734
4185 6297.64648438
4245 6278.55419922
4305 6275.17431641
4366 6263.98095703
4426 6252.23730469
4486 6237.46533203
4546 6218.22070312
4606 6209.49414062
4967 6237.65527344
5027 6225.40380859
5148 6219.25585938
5208 6214.06201172
5268 6202.0234375
5325 6190.34521484
5382 6182.34570312
5442 6168.99414062
5503 6158.36572266
5563 6146.33105469
5623 6136.28417969
5683 6120.72509766
5803 6117.77050781
5864 6113.47314453
5924 6101.79150391
5984 6090.41064453
6044 6078.81835938
6104 6066.24365234
6164 6055.22753906
6224 6045.48046875
6285 6034.21582031
6345 6024.30224609
6405 6013.42822266
6465 6000.89257812
6525 5989.52636719
6585 5981.57568359
6645 5971.15722656
6766 5966.83886719
6826 5957.98291016
6886 5945.01660156
6946 5932.98730469
7006 5920.97705078
7066 5910.72119141
7126 5900.82763672
7186 5889.87890625
7229 5877.11279297
7272 5870.05712891
7332 5854.78076172
7392 5851.02001953
7453 5834.63916016
7513 5824.31152344
7573 5816.48339844
7633 5802.03417969
7693 5797.65576172
7731 5790.90429688
7768 5785.34765625
7888 5785.56738281
7948 5769.70947266
8007 5758.21679688
8081 5754.15429688
8141 5738.51171875
8201 5729.21630859
8261 5723.1171875
8321 5715.79150391
8382 5706.56787109
8442 5698.42138672
8502 5684.48681641
8556 5671.65429688
8671 5668.68066406
8731 5650.30078125
8911 5651.92041016
8971 5633.26171875
9031 5625.82519531
9092 5612.96191406
9152 5607.45361328
9212 5601.09619141
9272 5593.39990234
9332 5580.83984375
9392 5574.15673828
9429 5569.88867188
9525 5559.31591797
9585 5545.90380859
9645 5536.20166016
9705 5528.95849609
9766 5519.04931641
9826 5514.265625
9886 5506.77929688
9946 5498.29394531
10006 5493.04931641
10127 5493.4609375
10187 5484.84375
10247 5475.50537109
10307 5465.35302734
10367 5449.37304688
10427 5433.40234375
10487 5427.20166016
10547 5416.71337891
10608 5410.24023438
10728 5396.16015625
10788 5381.39794922
10848 5375.24121094
10887 5371.58447266
10927 5365.04296875
10987 5358.99853516
11047 5347.45507812
11107 5339.46289062
11528 5340.72607422
11588 5334.92138672
11648 5327.57128906
11769 5322.04248047
11829 5306.875
11889 5295.66162109
11949 5278.12548828
12009 5262.75
12069 5250.71386719
12129 5242.14160156
