0 18848.890625
321 18640.0253906
1573 17909.0097656
1634 17899.5761719
2370 17388.7851562
2730 17108.5839844
3126 16865.9238281
4050 16826.1074219
4110 16814.3515625
4531 16598.5703125
4876 16456.0390625
5467 16145.1074219
5688 16019.4521484
6313 15727.3525391
6674 15563.6523438
6924 15472.7011719
7516 15179.4785156
7869 15086.7480469
8205 14933.8994141
8492 14759.8945312
8612 14727.1445312
9338 14413.2050781
9370 14404.5869141
9896 14229.5097656
9935 14216.1005859
9995 14205.9345703
10897 13808.7333984
11017 13811.1845703
11928 13689.1142578
12685 13420.0625
13046 13277.2705078
13287 13208.2792969
13347 13194.4658203
13527 13127.0908203
14930 12638.2382812
15137 12575.5097656
15414 12482.0986328
16110 12441.0283203
16146 12431.4589844
16567 12295.1181641
16895 12213.6572266
16955 12206.6943359
17562 12010.5039062
17863 11905.8115234
18139 11869.3525391
18379 11782.9550781
18500 11755.7421875
18680 11698.9912109
19578 11467.1308594
19601 11459.7519531
19673 11466.5957031
19764 11411.5917969
19795 11401.0351562
19836 11392.0234375
19881 11378.7275391
19976 11346.9052734
19986 11341.9257812
20063 11332.8681641
20519 11191.2402344
20674 11177.3925781
20794 11150.1464844
20854 11136.7265625
21095 11067.4199219
21155 11055.6171875
21336 11007.1826172
21516 10959.8115234
21697 10888.5429688
21757 10878.0449219
21817 10869.0488281
21877 10863.8554688
21997 10868.9121094
22298 10764.6728516
22419 10737.2294922
22479 10726.2246094
22599 10708.7646484
22719 10670.4902344
22839 10630.5742188
23020 10574.9794922
23080 10564.1171875
23201 10537.0771484
23341 10524.2890625
23582 10444.0283203
24003 10312.1376953
24063 10298.3535156
24183 10261.0126953
24304 10234.4707031
24399 10199.9404297
24434 10195.3066406
24675 10151.3144531
25216 10176.9267578
25276 10167.7558594
25396 10149.2607422
25577 10092.5117188
25697 10065.7773438
