0 19160.5097656
219 18803.0292969
279 18742.78125
2029 18209.5390625
2065 18196.6875
2186 18165.2304688
2246 18150.9257812
2306 18115.2597656
2366 18073.9609375
2427 18028.9726562
2487 17998.2929688
2547 17968.9863281
2585 17959.1484375
2609 17934.5527344
2655 17901.7070312
2715 17856.4121094
2764 17829.9785156
2814 17796.7949219
2874 17768.3085938
2934 17730.75
3004 17738.875
3064 17695.9003906
3124 17646.5390625
3163 17621.140625
3202 17600.7128906
3262 17559.65625
3322 17513.2753906
3382 17477.0234375
3423 17448.1640625
3465 17423.6074219
3525 17386.4277344
3585 17345.8691406
3645 17306.3554688
3705 17261.9804688
4006 17221.6171875
4066 17189.5097656
4126 17155.0585938
4186 17124.9511719
4247 17086.7148438
4307 17039.5800781
4371 16990.9882812
4411 16973.4667969
4471 16948.9101562
4531 16915.734375
4588 16895.7128906
4645 16857.3066406
4705 16825.7050781
4765 16815.7597656
4826 16812.03125
4886 16766.1816406
4946 16747.8105469
5006 16711.8964844
5066 16683.1425781
5126 16650.3339844
5186 16618.6464844
5246 16578.421875
5307 16544.3847656
5402 16509.1289062
5437 16480.4492188
5498 16436.8945312
5558 16392.0214844
5618 16364.8232422
5738 16365.6445312
5799 16333.6474609
5859 16287.6894531
5919 16248.4941406
5979 16219.2744141
6039 16178.1279297
6099 16170.703125
6159 16110.7314453
6219 16082.21875
6280 16064.8720703
6331 16037.4960938
6382 16000.5673828
6442 15983.9296875
6502 15936.6474609
6623 15913.4892578
6683 15882.7089844
6743 15849.2636719
6803 15823.203125
6863 15776.9160156
6984 15741.3613281
7044 15693.0546875
7104 15658.1953125
7164 15631.0097656
7224 15601.734375
7284 15571.1279297
7323 15564.8056641
7361 15534.8603516
7421 15494.0087891
7481 15454.2509766
7542 15450.2714844
7602 15440.8212891
7662 15409.6796875
7722 15387.6699219
7782 15376.6142578
7842 15355.8720703
7903 15318.8935547
7963 15276.4648438
8023 15238.4472656
8083 15202.4677734
8203 15155.5791016
8260 15119.4970703
8316 15099.9238281
8437 14990.8310547
8497 14938.0341797
8557 14930.3261719
8677 14934.1816406
8738 14871.9091797
8798 14826.5800781
8858 14804.7783203
8918 14777.7460938
8978 14742.9306641
9038 14705.4775391
9098 14665.1230469
9158 14648.0800781
9219 14614.2109375
9258 14593.6708984
9297 14565.7373047
9357 14517.1494141
9417 14484.7197266
9477 14437.1552734
9537 14424.3876953
9597 14386.7949219
9718 14402.0527344
9778 14342.9277344
10139 14610.9492188
10199 14585.2783203
10259 14552.7558594
10319 14517.5498047
10379 14508.6455078
10439 14472.9052734
10499 14447.8447266
10559 14419.7792969
10620 14392.5771484
10740 14387.1669922
10800 14371.2519531
10860 14346.6884766
10920 14319.3935547
10980 14297.125
11040 14274.1289062
11100 14251.1308594
11161 14223.3300781
11221 14194.7607422
11281 14160.1181641
11331 14145.2832031
11380 14127.6523438
11441 14107.4892578
11501 14084.2841797
11561 14050.5976562
11621 14031.6708984
11658 14014.7636719
11695 13997.4375
11755 13963.8798828
11875 13967.3164062
11936 13934.0449219
11996 13925.0986328
12056 13899.0849609
12116 13873.5722656
12176 13857.5185547
12220 13833.3876953
12264 13818.3408203
12324 13799.2900391
12385 13778.0537109
12445 13754.7519531
12505 13736.6914062
12565 13711.5283203
12625 13686.6552734
12677 13667.9941406
12729 13641.7050781
12789 13617.0693359
12909 13629.96875
12969 13599.1074219
13029 13580.3310547
13090 13552.3076172
13150 13531.1308594
13210 13506.1826172
13270 13481.6103516
13330 13460.7255859
13390 13433.1865234
13451 13408.0136719
13511 13395.3457031
13571 13360.0625
13631 13339.4453125
13691 13327.1689453
13751 13306.0927734
13812 13277.9277344
14338 13163.7519531
14398 13140.6357422
14458 13116.4609375
14518 13095.1738281
14562 13080.6757812
14607 13057.5810547
14660 13038.7529297
14713 13023.4658203
14773 13004.7226562
14833 12981.421875
14893 12958.6103516
14953 12931.9638672
15014 12908.9228516
15074 12893.0488281
15194 12881.671875
15254 12880.3925781
15314 12854.7929688
15374 12831.7060547
15435 12805.5839844
15495 12785.0029297
15555 12755.5341797
15615 12739.7724609
15675 12707.8535156
15735 12692.6318359
15796 12670.7431641
15856 12646.2578125
15891 12626.3417969
15905 12624.1826172
15943 12622.2988281
16004 12599.4814453
16064 12573.5527344
16124 12555.015625
16184 12534.3886719
16244 12515.9199219
16365 12506.8427734
16425 12498.8476562
16485 12480.5644531
16545 12458.5820312
16605 12419.7880859
16665 12417.3134766
16700 12413.4443359
16711 12401.0136719
16747 12399.0576172
16807 12368.9785156
16867 12348.6240234
16927 12332.9482422
16987 12316.9433594
17048 12298.9619141
17108 12284.1738281
17168 12265.3564453
17228 12240.6796875
17288 12219.6240234
17335 12212.5605469
17358 12200.7939453
17395 12183.5078125
17455 12160.7998047
17635 12148.2763672
17695 12127.9414062
17755 12108.4765625
17816 12090.7832031
17851 12070.1787109
17868 12045.3535156
17911 12042.1826172
17971 12023.1503906
18032 12006.3691406
18332 11947.2158203
18392 11939.1064453
18453 11921.2314453
18513 11897.0986328
18573 11877.9316406
18633 11863.6962891
18693 11838.9248047
18814 11839.0322266
18874 11833.7382812
18934 11813.3125
18994 11789.2636719
19055 11772.8115234
19115 11750.7714844
19175 11730.4736328
19235 11714.8525391
19287 11700.7382812
19340 11685.8583984
19400 11670.1240234
19461 11651.0898438
19521 11632.7802734
19581 11611.125
19617 11599.3691406
19652 11595.5537109
19713 11575.5283203
19773 11557.2382812
19833 11541.3837891
19893 11501.0527344
20013 11514.2275391
20073 11489.3486328
20134 11467.9746094
20194 11447.3310547
20254 11431.0019531
20314 11409.0390625
20374 11388.0703125
20434 11356.7226562
20495 11346.5478516
20555 11336.0410156
20615 11323.6816406
20675 11306.8769531
20735 11288.2441406
20795 11274.2246094
20856 11251.5058594
20916 11234.4345703
20976 11215.2431641
21036 11197.2548828
21071 11190.0498047
21107 11175.8701172
21167 11156.0488281
21287 11168.5322266
21347 11151.7138672
21407 11131.9462891
21468 11116.8603516
21528 11095.2509766
21588 11066.3837891
21648 11050.1171875
21708 11028.0087891
21768 11014.984375
21828 10998.1357422
21889 10980.5332031
21949 10964.4316406
22009 10947.4492188
22069 10925.4462891
22129 10910.2255859
22189 10887.8925781
22249 10869.6923828
22310 10855.0478516
22370 10837.453125
22430 10824.3613281
22550 10825.0322266
22610 10813.4042969
22670 10798.2705078
22731 10778.6708984
22791 10767.2001953
22851 10747.9892578
22911 10732.2724609
22971 10718.9150391
23031 10700.3339844
23077 10688.5664062
23122 10678.1572266
23182 10653.5576172
23242 10634.8554688
23302 10617.8095703
23362 10606.3925781
23423 10588.0390625
23483 10571.5693359
23543 10556.4775391
23603 10540.6132812
23663 10519.3349609
23844 10510.4863281
23904 10496.3085938
23964 10475.7705078
24024 10456.9335938
24084 10439.2431641
24130 10428.1542969
24175 10407.1708984
24235 10400.8574219
24295 10379.40625
24356 10363.3818359
24416 10347.71875
24476 10328.1123047
24536 10313.7050781
24596 10298.7792969
24655 10287.4619141
24715 10267.0439453
24775 10252.8085938
24836 10238.8125
24871 10229.9199219
24906 10224.0039062
24967 10207.3076172
25027 10187.0048828
25147 10190.5546875
25207 10169.1679688
25267 10152.2744141
25328 10134.9765625
25388 10114.15625
25448 10101.4150391
25508 10085.3798828
25568 10067.9990234
25629 10054.5898438
25689 10038.6259766
25749 10020.4892578
25809 10005.5351562
25869 9986.22167969
25929 9975.79980469
25989 9963.76367188
26050 9950.45605469
26110 9935.97851562
26170 9907.94628906
26230 9897.29785156
26290 9883.83398438
26350 9871.25683594
26566 9877.18945312
26601 9872.12011719
26782 9861.61816406
26842 9846.75683594
26902 9830.13476562
26962 9815.69726562
27022 9807.06933594
27082 9790.26464844
27142 9770.47851562
27203 9762.5859375
27263 9748.18652344
27323 9728.78222656
27383 9712.58105469
27443 9696.32128906
27504 9679.875
27564 9666.5078125
27624 9655.53613281
27684 9642.77734375
27744 9626.77148438
27804 9606.85058594
27895 9603.85253906
27956 9601.54199219
28016 9585.8984375
28076 9572.125
28136 9560.921875
28196 9547.13671875
28256 9530.08496094
28316 9513.98730469
28376 9501.66210938
28437 9490.09179688
28497 9477.56347656
28557 9462.2890625
28617 9447.984375
28677 9433.39941406
28737 9415.5234375
28797 9408.53808594
28858 9389.70019531
28918 9370.12988281
28978 9361.17871094
29013 9351.38671875
29048 9347.21484375
29108 9334.24804688
29169 9321.02050781
29289 9313.24414062
29349 9308.49902344
29409 9298.07128906
29469 9285.71289062
29529 9266.75292969
29590 9251.23242188
29625 9245.68652344
29660 9237.17773438
29721 9224.72558594
29781 9207.64257812
29841 9189.86621094
29901 9176.86132812
29961 9166.04882812
30021 9150.41308594
30082 9139.97558594
30142 9125.22363281
30202 9113.93554688
30262 9098.32324219
30322 9085.86132812
30382 9069.96777344
30442 9059.70507812
30502 9045.9140625
30563 9032.86621094
30743 9026.05664062
30803 9013.9140625
30863 8991.99707031
30923 8977.046875
30970 8965.18652344
31017 8956.2890625
31294 8899.90136719
31354 8887.83789062
31414 8867.68457031
31474 8852.04296875
31534 8834.34765625
31594 8823.37304688
31655 8810.34765625
31895 9446.61621094
31955 9429.96777344
32015 9407.99511719
32076 9388.5859375
32136 9366.32910156
32196 9358.59863281
32256 9341.15722656
32316 9325.09667969
32376 9309.23144531
32436 9296.89941406
32496 9286.078125
32557 9266.14257812
32617 9239.74707031
32677 9226.03027344
32737 9210.09375
32797 9196.53125
32858 9184.25195312
32918 9170.53125
32978 9153.22070312
33038 9142.25683594
33098 9129.45996094
33158 9111.59179688
33219 9090.17675781
33269 9078.33691406
33314 9060.71972656
33369 9049.89550781
33430 9037.08496094
33490 9023.64746094
33550 9010.94433594
33610 8990.94042969
33670 8981.78613281
33730 8965.77832031
33790 8945.94335938
33851 8930.30664062
33911 8914.38574219
33971 8896.60644531
34031 8879.2578125
34084 8872.43066406
34136 8858.29003906
34196 8845.79199219
34256 8834.44921875
34316 8823.26464844
34376 8807.38378906
34420 8792.24316406
34465 8779.41894531
34525 8762.62890625
34585 8745.89355469
34646 8729.25585938
34701 8722.73925781
34752 8709.58300781
34809 8695.8828125
34869 8686.09570312
34929 8675.96972656
34989 8657.02636719
35050 8644.86132812
35110 8632.77246094
35170 8617.49707031
35230 8597.43554688
35290 8591.33203125
35350 8576.44726562
35411 8563.91796875
35471 8551.03125
35531 8539.68066406
35591 8523.52929688
35651 8509.24609375
35711 8492.42773438
35771 8474.39550781
35832 8461.5703125
35892 8449.99511719
35952 8429.60742188
36012 8420.77636719
36072 8408.4453125
36132 8396.40332031
36192 8373.18945312
36253 8359.27929688
36313 8344.91894531
36373 8327.52441406
36433 8317.19335938
36493 8309.9765625
36534 8302.14160156
36575 8292.03125
36636 8284.47558594
36696 8271.85351562
36756 8250.54980469
36816 8234.87109375
36877 8222.20605469
36937 8209.46484375
36997 8196.91992188
37057 8189.71289062
37117 8188.95410156
37598 8537.8359375
37659 8519.14453125
37719 8502.7265625
37779 8491.60839844
37839 8478.02148438
37899 8460.60058594
37959 8438.79296875
38020 8423.22558594
38080 8408.77636719
38140 8397.43066406
38200 8383.29882812
38260 8367.5
38320 8355.45214844
38380 8342.82910156
38441 8329.08789062
38501 8312.70800781
38561 8299.40820312
38621 8284.32519531
38681 8267.5234375
38741 8255.22558594
38801 8239.09667969
38861 8224.72265625
38922 8208.49707031
38982 8192.79882812
39042 8180.89990234
39102 8167.04638672
39163 8151.25488281
39223 8139.49462891
39283 8121.91210938
39343 8113.50341797
39403 8094.41503906
39463 8080.3671875
39523 8064.22558594
39583 8051.72949219
39644 8038.0859375
39704 8024.77734375
39764 8010.67724609
39824 7994.70898438
39884 7981.05957031
39944 7967.37207031
40004 7955.34521484
40065 7941.078125
40125 7927.94580078
40185 7909.75244141
40245 7895.21630859
40305 7886.07128906
40365 7875.8984375
40425 7859.99365234
40485 7849.85693359
40546 7834.39501953
40606 7821.35009766
40666 7803.97900391
40726 7789.67382812
40761 7781.72558594
40796 7769.98144531
40857 7756.68603516
40917 7746.89208984
40977 7731.2421875
41037 7718.41650391
41098 7703.31542969
41158 7692.46484375
41218 7682.86816406
41278 7667.17626953
41338 7661.55322266
41398 7644.72753906
41458 7631.52441406
41519 7620.4296875
41579 7608.50976562
41639 7594.50927734
41699 7582.53027344
41759 7567.03515625
41819 7552.88232422
41880 7538.09912109
41940 7524.84521484
42000 7509.6953125
42060 7504.07128906
42120 7487.80908203
42180 7477.98144531
42240 7464.72021484
42300 7449.38671875
42361 7438.44726562
42421 7429.25
42456 7423.99511719
42473 7418.45703125
42516 7409.89013672
42576 7392.93798828
42636 7381.65332031
42697 7367.55566406
42757 7350.8671875
42817 7342.14501953
42877 7324.38964844
42937 7307.6953125
42995 7302.12109375
43052 7288.64306641
43113 7284.90283203
43173 7267.61474609
43220 7256.96289062
43253 7250.60302734
43298 7242.47949219
43359 7229.09277344
43419 7212.19091797
43479 7201.96875
43539 7185.42626953
43599 7172.53173828
43659 7163.22998047
43719 7149.23632812
43780 7140.61328125
43840 7126.37646484
43900 7111.22998047
43960 7095.58300781
44020 7083.94628906
44080 7071.32910156
44140 7059.65234375
44201 7054.73876953
44261 7044.12207031
44321 7034.43798828
44381 7023.86816406
44441 7017.6875
44501 7009.11035156
44561 6990.69873047
44621 6982.05078125
44682 6970.04052734
44742 6958.23339844
44802 6940.20898438
44862 6922.72119141
44922 6919.62402344
44982 6915.33496094
45042 6911.01708984
45103 6902.86083984
45163 6891.68554688
45223 6880.21484375
45283 6874.984375
45343 6858.82421875
45403 6849.39160156
45440 6840.08886719
45478 6832.47900391
45538 6826.40136719
45598 6815.26318359
45658 6805.79003906
45718 6800.59326172
45778 6788.2578125
45839 6780.66650391
45899 6771.99169922
45959 6763.1484375
46019 6756.25488281
46079 6745.42871094
46139 6736.47607422
46199 6723.09716797
46259 6716.72607422
46320 6705.1328125
46380 6703.82666016
46440 6695.66162109
46500 6685.62939453
46560 6678.21679688
46620 6665.91162109
46681 6658.05908203
46741 6646.02441406
46801 6634.30664062
46861 6622.71630859
46921 6616.84765625
46981 6604.62890625
47042 6594.27490234
47102 6584.03125
47162 6570.62304688
47222 6564.64160156
47282 6553.09130859
47342 6542.53662109
47402 6532.80224609
47463 6521.77539062
47523 6510.421875
47583 6501.65087891
47643 6493.96679688
47703 6483.87158203
47763 6478.03369141
47824 6466.50830078
47884 6454.32324219
47944 6442.89453125
48004 6435.41308594
48064 6427.33447266
48124 6416.48388672
48184 6405.86523438
