0 19054.9941406
633 18332.2207031
1210 18361.6367188
1224 18351.5566406
1573 18201.0703125
2134 17746.3554688
2178 17732.3496094
2587 17463.0175781
2634 17444.0644531
2875 17299.25
3296 17013.3105469
3486 16862.515625
3521 16858.7675781
3882 16626.6210938
5205 16569.6328125
5376 16452.9433594
5604 16350.1953125
5784 16273.3808594
5965 16189.9404297
6085 16175.9443359
6145 16174.6347656
6484 16014.8720703
6762 15879.3662109
7003 15769.3349609
7123 15763.0585938
7183 15739.6640625
7244 15723.9580078
7544 15580.0917969
7665 15528.6503906
7765 15481.0839844
7810 15465.1933594
8231 15309.8203125
8291 15298.6884766
8351 15280.2685547
8472 15229.734375
8532 15207.15625
8652 15149.4306641
8772 15092.0625
8832 15070.71875
8952 15020.2460938
9352 14893.9560547
9472 14842.8974609
9532 14819.5302734
9652 14760.6064453
9953 14613.6630859
10073 14566.0820312
10210 14541.7539062
10270 14531.4306641
10391 14479.9912109
10451 14456.1298828
10511 14440.5810547
10631 14389.3134766
10692 14370.2685547
10812 14319.2363281
11139 14150.3027344
11296 14174.2041016
11417 14114.2412109
11632 14027.2207031
12028 13853.3193359
12089 13830.1601562
12184 13777.6875
12219 13776.7070312
12279 13759.25
12382 13754.1425781
12563 13671.4912109
12623 13658.6494141
12683 13645.4658203
12803 13605.2958984
12899 13571.5439453
12934 13554.2763672
13115 13457.0058594
13235 13423.1787109
13295 13405.5234375
13416 13400.4658203
13476 13377.9248047
13776 13257.8486328
13836 13236.0576172
13897 13214.7050781
14077 13150.3925781
14258 13038.3496094
14318 13025.21875
14378 13014.7568359
14595 12965.6347656
14715 12891.0283203
14835 12824.3925781
14896 12820.1513672
14956 12813.4658203
15016 12791.2226562
15056 12776.2910156
15095 12769.3574219
15156 12749.96875
15276 12713.9511719
15516 12615.9013672
15872 12778.0986328
15986 12785.0732422
16046 12765.6875
16106 12750.9443359
16166 12733.3574219
16287 12686.8613281
16345 12667.1425781
16404 12655.5605469
16514 12606.6503906
16565 12588.2548828
16685 12547.9882812
16745 12527.3037109
16806 12513.8125
16986 12513.0439453
17046 12496.2070312
17166 12448.9921875
17226 12426.1455078
17527 12313.9111328
17587 12296.9228516
17647 12278.3398438
17707 12257.8916016
17768 12238.8623047
17888 12200.5996094
17948 12181.0576172
18008 12159.8193359
18128 12171.6582031
18173 12150.5830078
18218 12133.1396484
18278 12122.8447266
18399 12081.0458984
18459 12067.3173828
18579 12028.8095703
18639 12007.6533203
18699 11986.7255859
18760 11965.6748047
18820 11950.0683594
18880 11936.140625
18940 11924.7685547
19000 11909.0234375
19120 11866.5830078
19180 11846.8242188
19240 11834.0429688
19361 11836.4853516
19421 11813.3554688
19481 11805.2197266
19541 11782.4814453
19601 11761.9150391
19661 11743.7841797
19782 11707.6787109
19842 11698.8027344
19902 11677.9501953
19962 11665.6474609
20022 11644.9638672
20062 11632.7451172
20103 11612.9462891
20163 11602.3691406
20223 11580.8125
20284 11563.7558594
20344 11548.8193359
20404 11532.9443359
20464 11512.9921875
20584 11517.9306641
20645 11500.8623047
20705 11476.9824219
20765 11459.2929688
20825 11445.4970703
20885 11429.2949219
20945 11415.1621094
21005 11399.4365234
21065 11379.1298828
21126 11358.9541016
21186 11346.7861328
21246 11333.0664062
21306 11310.7382812
21366 11296.2382812
21417 11288.8457031
21468 11268.8398438
21529 11253.7607422
21589 11234.1005859
21649 11217.1142578
21709 11197.9228516
21829 11210.0107422
21950 11168.1689453
22010 11151.3847656
22047 11142.7480469
22084 11131.2578125
22144 11111.0195312
22205 11090.7890625
22265 11083.0595703
22325 11061.5625
22385 11048.5097656
22445 11029.7041016
22505 11019.6425781
22565 11000.8828125
22625 10985.8525391
22686 10970.3759766
22746 10955.1650391
22866 10919.1933594
22926 10906.8242188
22986 10892.8867188
23046 10873.9355469
23167 10879.9482422
23227 10860.1767578
23287 10858.1953125
23347 10837.3583984
23407 10818.8027344
23467 10797.2080078
23528 10779.4580078
23588 10765.9960938
23648 10747.5068359
23708 10726.9404297
23827 10709.6123047
23886 10688.8583984
23946 10676.7822266
24006 10660.1962891
24066 10644.7197266
24126 10625.7148438
24187 10607.9326172
24247 10598.8027344
24307 10581.6630859
24427 10584.7304688
24487 10566.7509766
24548 10546.5205078
24668 10512.8173828
24728 10499.3203125
24788 10490.2929688
24848 10478.9541016
24908 10464.3818359
24969 10447.2128906
25029 10432.8291016
25089 10410.3505859
25209 10362.2714844
25269 10345.8330078
25329 10328.8916016
25389 10317.3720703
25510 10287.7050781
25570 10277.5634766
25630 10263.7294922
25811 10261.9179688
25871 10246.5146484
25931 10233.1679688
25991 10226.5458984
26029 10213.0810547
26067 10203.203125
26127 10189.1484375
26187 10174.9384766
26247 10152.7099609
26307 10144.6005859
26368 10131.1083984
26428 10112.2841797
26488 10101.0019531
26548 10082.3720703
26608 10069.4443359
26668 10056.6943359
26728 10045.3935547
26789 10029.4072266
26909 10009.7128906
26969 9988.60546875
27029 9973.57519531
27150 9958.97167969
27210 9953.43457031
27330 9938.38769531
27390 9921.69433594
27450 9903.35253906
27511 9881.60546875
27547 9871.88183594
27584 9867.22167969
27644 9844.80761719
27704 9843.1640625
27764 9825.5859375
27824 9812.73339844
27885 9797.10546875
27945 9784.06542969
28005 9768.04785156
28065 9752.71289062
28125 9731.58496094
28245 9692.70898438
28306 9681.84082031
28366 9671.82226562
28403 9660.99023438
28561 9665.27929688
28681 9630.23925781
28742 9611.58300781
28982 9626.578125
29042 9615.81445312
29102 9606.57714844
29162 9592.01464844
29222 9575.85644531
29283 9561.28125
29343 9546.77148438
29403 9530.45800781
29463 9520.54394531
29499 9515.41503906
29535 9505.77441406
29596 9493.05175781
29656 9475.9140625
29716 9464.74511719
29776 9453.5078125
29836 9439.78808594
29896 9418.32910156
30016 9431.55175781
30076 9420.19042969
30137 9408.26660156
30197 9388.94726562
30257 9373.32421875
30317 9360.64941406
30377 9347.87890625
30437 9333.65722656
30497 9318.90527344
30558 9313.99121094
30618 9298.88671875
30678 9295.46972656
30738 9278.5234375
30798 9256.95996094
30858 9243.47070312
30918 9230.28320312
30955 9222.86523438
30992 9218.84082031
31052 9205.32226562
31112 9195.14746094
31150 9183.00976562
31188 9174.41796875
31248 9163.80957031
31309 9148.32910156
31369 9133.41699219
31489 9144.69921875
31549 9128.30761719
31609 9117.87695312
31669 9103.22363281
31730 9096.03417969
31790 9080.76757812
31850 9065.85449219
31910 9048.63867188
31970 9033.13476562
32030 9016.89160156
32090 8998.96484375
32150 8991.74121094
32211 8982.15332031
32271 8967.26367188
32331 8956.0390625
32391 8946.55175781
32451 8931.984375
32511 8917.83398438
32571 8897.69140625
32631 8880.54980469
32692 8867.17773438
32752 8859.40429688
32932 8853.5859375
32992 8844.43554688
33052 8837.00976562
33112 8820.63085938
33173 8805.74902344
33223 8790.68945312
33274 8786.58300781
33313 8779.26171875
33351 8770.07910156
33411 8760.47070312
33471 8748.67578125
33531 8736.82128906
33592 8720.62011719
33652 8711.64355469
33712 8688.77050781
33772 8676.49023438
33832 8675.97167969
33892 8666.33984375
33952 8658.79101562
34012 8648.27246094
34073 8628.13671875
34133 8612.34472656
34193 8596.3515625
34253 8585.20214844
34313 8573.08007812
34373 8559.58789062
34433 8540.58496094
34494 8522.44628906
