0 16290.8564453
288 16043.7617188
395 16058.3671875
455 16056.8994141
2064 15687.9003906
2124 15685.1044922
2305 15572.5546875
2340 15557.328125
2375 15526.0087891
2435 15490.6523438
2530 15482.7285156
2590 15452.1396484
2651 15418.8583984
2891 15263.8183594
2951 15224.6757812
3011 15203.0419922
3132 15127.8574219
3192 15089.0292969
3312 15054.7177734
3372 15026.6289062
3411 15007.2861328
3450 14978.0351562
3511 14944.1289062
3571 14906.015625
3631 14869.46875
3811 14762.8916016
3871 14730.0507812
3907 14709.3144531
3942 14689.7226562
4062 14611.9287109
4182 14593.3691406
4242 14556.3154297
4303 14522.2832031
4363 14504.5644531
4543 14365.9248047
4759 14200.5761719
4795 14180.9091797
4855 14152.7314453
4915 14115.3642578
4975 14088.4980469
5077 14078.3457031
5119 14051.1425781
5239 13995.9824219
5299 13962.9833984
5420 13886.3583984
5540 13816.3447266
5600 13797.0859375
5660 13771.5683594
5781 13696.5019531
5841 13687.3066406
5961 13628.1318359
6082 13554.4482422
6202 13480.1201172
6262 13449.8828125
6322 13425.0166016
6383 13396.2148438
6443 13369.1289062
6683 13196.4619141
6803 13113.1396484
6916 13109.8232422
6968 13086.2363281
7028 13067.6064453
7329 12909.5839844
7449 12817.4072266
7509 12785.7431641
7570 12750.3701172
7690 12721.6025391
7979 12565.9335938
8148 12427.0078125
8389 12321.4238281
8509 12232.640625
8663 12150.9462891
8724 12138.2119141
9025 11933.3300781
9085 11894.5556641
9145 11871.6816406
9205 11864.0605469
9481 12653.4990234
9542 12640.4326172
9602 12615.2939453
9662 12581.65625
9722 12561.0996094
9782 12528.4013672
9842 12510.5185547
9903 12486.0537109
9963 12459.4443359
10083 12453.921875
10143 12440.2431641
10203 12408.1601562
10263 12391.25
10324 12365.5898438
10384 12345.84375
10444 12322.0332031
10504 12293.8291016
10564 12277.9765625
10624 12249.2441406
10684 12225.3164062
10744 12203.4355469
10805 12186.9746094
10865 12158.71875
10925 12131.9013672
10985 12110.3330078
11045 12086.4677734
11166 12089.7021484
11226 12062.8505859
11286 12046.3818359
11346 12020.1611328
11406 12001.8769531
11466 11976.3876953
11527 11956.0566406
11587 11933.6572266
11647 11909.6308594
11707 11887.5
11767 11869.7646484
11827 11847.2939453
11887 11821.6435547
11947 11794.1210938
12008 11777.9355469
12068 11751.4882812
12128 11728.6708984
12249 11734.5400391
12309 11709.0058594
12369 11680.5097656
12429 11654.4365234
12489 11633.6220703
12549 11619.0419922
12609 11598.2666016
12659 11584.5166016
12709 11571.6035156
12770 11543.9091797
12830 11524.4033203
12890 11493.3144531
12950 11472.6035156
13010 11446.9462891
13070 11426.96875
13131 11412.4541016
13191 11391.5634766
13251 11371.0283203
13371 11376.1162109
13431 11350.7158203
13491 11326.1210938
13552 11301.2529297
13612 11281.4853516
13672 11248.8613281
13732 11237.0478516
13792 11216.9951172
13852 11195.6484375
13903 11174.4375
13934 11157.7822266
13975 11148.5195312
14035 11129.8818359
14095 11106.7099609
14155 11093.1464844
14215 11069.1650391
14276 11056.3583984
14336 11038.8085938
14456 11032.7265625
14516 11018.0537109
14576 10997.0410156
14636 10972.7060547
14937 10886.3955078
14997 10851.8076172
15032 10845.6435547
15045 10839.3486328
15082 10829.1816406
15142 10812.9697266
15202 10794.0517578
15262 10776.3642578
15322 10758.4326172
15382 10736.9609375
15442 10717.2617188
15503 10702.6416016
15563 10686.9853516
15623 10666.0527344
15683 10644.4355469
15743 10626.1298828
15793 10604.5097656
15843 10591.9550781
15903 10573.0810547
15963 10549.8535156
16024 10529.0136719
16084 10516.8486328
16144 10499.5654297
16179 10487.7460938
16214 10477.2353516
16274 10461.3164062
16335 10435.0439453
16395 10412.4863281
16455 10399.3339844
16515 10380.0830078
16575 10355.7509766
16635 10344.9755859
16756 10375.7910156
16816 10367.8173828
16876 10340.4863281
16936 10318.8447266
16996 10309.46875
17056 10285.9033203
17116 10268.640625
17169 10242.3974609
17221 10236.0976562
17282 10212.6074219
17342 10191.3867188
17402 10174.7832031
17462 10157.9912109
17522 10142.5585938
17582 10117.765625
17643 10105.9941406
17703 10083.8984375
17823 10083.2490234
17883 10060.0986328
17943 10037.7363281
18003 10019.2041016
18064 10000.171875
18124 9976.0234375
18184 9967.17285156
18244 9939.88769531
18304 9931.41503906
18364 9906.02636719
18424 9890.68945312
18484 9870.13378906
18545 9853.68554688
18605 9833.26074219
18665 9816.04101562
18725 9796.23730469
18785 9785.12597656
18845 9761.38769531
18946 9766.89746094
18986 9753.84082031
19046 9742.37402344
19106 9727.27148438
19165 9706.27148438
19224 9682.14941406
19284 9664.44726562
19345 9639.18066406
19405 9636.41015625
19465 9614.75878906
19525 9596.35449219
19585 9590.56445312
19645 9563.04003906
19705 9545.66308594
19766 9531.59375
19826 9504.83300781
19886 9486.42578125
19946 9477.73535156
20066 9464.65429688
20127 9462.3125
20187 9427.1640625
20247 9410.47753906
20307 9384.2734375
20367 9378.57519531
20427 9353.42382812
20488 9328.00488281
20548 9306.89160156
20608 9294.65429688
20661 9293.66503906
20715 9277.55273438
20775 9252.75
20895 9222.89648438
20955 9189.84765625
21016 9169.29980469
21076 9142.73730469
21196 9141.12011719
21256 9131.45117188
21316 9124.66113281
21377 9106.78515625
21497 9080.49804688
21557 9056.99707031
21617 9021.49414062
21677 9019.85839844
21738 9004.30371094
21798 8979.6953125
21858 8969.30078125
21918 8935.12792969
21978 8923.77246094
22038 8906.328125
22159 8895.15429688
22219 8874.78027344
22279 8873.84179688
22339 8856.27148438
22399 8843.19628906
22520 8846.37597656
22740 8843.22949219
22800 8834.02148438
22860 8811.03027344
22920 8797.06640625
22980 8775.59179688
23025 8773.91210938
23251 9366.66894531
23311 9353.03515625
23372 9332.61132812
23432 9299.70410156
23492 9286.23730469
23552 9267.37695312
23612 9244.36132812
23672 9241.09082031
23733 9210.54003906
23793 9195.69238281
23853 9176.24121094
23913 9157.59277344
23973 9133.32421875
24033 9122.9375
24093 9100.96875
24154 9075.03320312
24214 9052.52636719
24274 9043.33398438
24334 9018.85644531
24394 9011.66699219
24454 8986.33007812
24514 8966.42382812
24575 8955.58886719
24635 8919.92871094
24695 8916.50195312
24755 8905.8359375
24815 8883.28515625
24875 8860.484375
24935 8852.20898438
24996 8824.22460938
25056 8807.77246094
25116 8787.29785156
25176 8776.54003906
25237 8758.27441406
25297 8734.42285156
25357 8704.06542969
25417 8696.88378906
25477 8672.39453125
25537 8662.89160156
25598 8647.03125
25658 8633.68359375
25718 8600.42675781
25778 8596.23925781
25838 8560.86230469
25898 8555.66113281
25958 8547.01855469
26018 8517.5546875
26079 8501.10839844
26139 8486.09570312
26259 8457.42773438
26319 8445.50976562
26439 8399.04101562
26499 8389.74902344
26560 8364.80859375
26620 8343.9375
26680 8342.77246094
26740 8313.82617188
26800 8287.03027344
26871 8289.18652344
26931 8258.39355469
26991 8249.95507812
27051 8225.13769531
27112 8200.48339844
27172 8179.06494141
27232 8151.91015625
27292 8143.24853516
27352 8138.04296875
27412 8122.10644531
27472 8104.82861328
27532 8094.09570312
27653 8067.02294922
27773 7996.99560547
27893 7990.7578125
27953 7972.29052734
28074 7946.54882812
28134 7908.74316406
28194 7896.11816406
28254 7878.37695312
28314 7858.83935547
28374 7837.40917969
28434 7816.65283203
28530 7815.59130859
28626 7745.828125
28746 7726.25292969
28806 7701.16162109
28866 7689.27978516
28926 7676.69140625
29047 7647.68310547
29107 7621.69921875
29167 7605.546875
29287 7585.44775391
29347 7567.76367188
29407 7553.51513672
29468 7539.67138672
29588 7523.95605469
29648 7488.14794922
29708 7472.77392578
29828 7487.16503906
29889 7450.0703125
29949 7448.51464844
30009 7440.18896484
30129 7431.24804688
30189 7409.96777344
30250 7387.99511719
30310 7372.63818359
30430 7356.32958984
30490 7339.15917969
31055 7792.57275391
31115 7775.01123047
31175 7757.05810547
31235 7742.53759766
31295 7728.79736328
31355 7715.63232422
31415 7697.73632812
31476 7686.20410156
31536 7667.34277344
31596 7654.578125
31656 7640.94775391
31716 7628.15625
31776 7613.05126953
31836 7596.81396484
31896 7586.11523438
31957 7569.45898438
32017 7554.16259766
32077 7541.34277344
32137 7525.31689453
32197 7513.55761719
32257 7490.70947266
32318 7479.00341797
32378 7468.98046875
32438 7454.88769531
32498 7440.9765625
32558 7427.87060547
32618 7411.31201172
32679 7402.00244141
32739 7387.87841797
32799 7369.73388672
32859 7357.84277344
32919 7337.67871094
32979 7325.34423828
33039 7317.4609375
33100 7299.89746094
33160 7289.63623047
33220 7277.22460938
33280 7262.42480469
33340 7251.20605469
33400 7239.16699219
33460 7225.00146484
33521 7211.19775391
33581 7191.39501953
33641 7179.70458984
33701 7166.30664062
33761 7152.15283203
33821 7137.96679688
33881 7122.16748047
33941 7114.13232422
34002 7100.69335938
34062 7088.68945312
34122 7072.91357422
34182 7061.51416016
34242 7047.13623047
34302 7037.02001953
34363 7024.74316406
34423 7008.85693359
34483 6992.65722656
34543 6986.93066406
34603 6972.16943359
34904 6913.62890625
34964 6896.57275391
35024 6887.60205078
35084 6872.96337891
35145 6863.81054688
35205 6847.75732422
35250 6833.50537109
35296 6824.72900391
35356 6813.41210938
35416 6799.54150391
35476 6792.24023438
35537 6777.85742188
35597 6765.47070312
35657 6746.58886719
35717 6739.55371094
35777 6723.79882812
35837 6713.73730469
35897 6701.72265625
35958 6687.40136719
36018 6677.03125
36078 6658.1640625
36138 6646.52148438
36189 6629.40429688
36239 6627.52099609
36299 6611.22314453
36359 6601.0546875
36420 6594.35498047
36480 6575.95263672
36540 6565.92138672
36600 6551.66503906
36660 6540.13085938
36720 6525.44433594
36780 6515.77539062
36841 6501.16796875
36901 6489.71923828
36961 6480.42871094
37021 6466.86230469
37081 6462.65087891
37141 6446.38378906
37201 6430.44970703
37262 6416.25488281
37322 6411.31982422
37382 6398.62451172
37442 6388.92382812
37502 6377.15478516
37562 6361.87939453
37600 6360.08984375
37639 6354.70947266
37699 6340.10693359
37759 6326.64013672
37819 6311.88476562
37879 6298.68017578
37940 6280.05859375
38000 6275.71337891
38060 6261.63330078
38120 6258.46679688
38180 6240.35888672
38241 6230.43310547
38301 6216.08447266
38361 6207.60742188
38411 6193.81054688
38460 6180.89111328
38521 6165.54492188
38581 6154.74462891
38641 6141.48388672
38701 6128.55664062
38761 6120.04931641
38821 6112.92822266
38882 6097.31445312
38942 6087.07666016
39002 6075.7890625
39062 6062.19921875
39122 6049.84179688
39182 6035.56494141
39242 6015.69873047
39303 6012.6484375
39423 6007.22802734
39483 5988.68554688
39543 5976.42382812
39603 5961.76123047
39663 5961.45751953
39724 5947.70556641
39784 5932.42675781
39844 5916.35791016
39904 5907.17773438
39964 5898.23925781
40084 5883.99902344
40145 5863.77636719
40205 5853.82275391
40265 5839.53808594
40308 5835.17724609
40352 5818.15380859
40412 5803.7421875
40472 5791.08056641
40532 5775.625
40653 5769.79492188
40713 5756.14746094
40773 5735.71777344
40833 5725.61523438
40893 5712.23583984
40953 5702.85449219
41013 5701.68652344
41074 5682.31201172
41134 5668.16113281
41254 5663.69140625
41314 5658.98681641
41374 5649.99169922
41434 5633.48193359
41494 5624.82519531
41555 5609.16503906
41615 5594.890625
41675 5585.93017578
41735 5574.47460938
41795 5559.84179688
41855 5553.84619141
41915 5542.99462891
41976 5534.90722656
42036 5520.69726562
42096 5512.39404297
42156 5503.51953125
42276 5496.76757812
42336 5485.09667969
42396 5473.68896484
42457 5468.80078125
42517 5458.42822266
42577 5441.99658203
42637 5440.05664062
42697 5433.08447266
42757 5424.11132812
42817 5416.67919922
42877 5404.80322266
42938 5391.17236328
42998 5379.36376953
43118 5373.12988281
43178 5358.95849609
43238 5347.22607422
43298 5325.01953125
43419 5310.05175781
43479 5292.37646484
43539 5286.43017578
43599 5279.04296875
43659 5274.11376953
43719 5266.1640625
43779 5255.90234375
43839 5245.38867188
43900 5235.38916016
43960 5226.09716797
44080 5216.90429688
44140 5211.49902344
44200 5199.97998047
44321 5193.98632812
44381 5184.55517578
44441 5174.578125
44501 5163.59472656
44561 5155.99511719
44621 5140.03662109
44741 5135.85351562
44802 5121.02441406
44862 5114.42041016
44982 5127.44287109
45042 5125.21044922
45102 5106.02978516
45222 5096.1484375
45283 5082.65039062
45343 5075.00195312
45403 5069.44580078
45874 4979.5234375
45935 4957.84375
45995 4923.38769531
46115 4909.87451172
46295 4921.87304688
46416 4926.86572266
46476 4922.17480469
46536 4920.67041016
46596 4916.890625
46656 4906.28955078
46716 4898.60546875
46777 4890.48095703
46837 4869.89013672
46897 4858.11962891
46957 4846.62744141
