0 16088.5566406
460 15572.9384766
738 15460.7148438
847 15425.1767578
1208 14992.875
1269 14947.4384766
1629 15931.8925781
1665 15914.1933594
1700 15898.9921875
1760 15867.8681641
1820 15822.1455078
1881 15795.7236328
1941 15750.1269531
2061 15743.9482422
2121 15694.2802734
2181 15671.6708984
2242 15629.3496094
2302 15595.9628906
2362 15561.2753906
2422 15527.2753906
2482 15485.8125
2542 15441.2539062
2602 15408.1728516
2663 15378.9492188
2723 15344.9052734
2763 15338.5234375
2803 15315.0214844
2863 15299.6230469
2923 15261.9736328
2983 15222.9628906
3043 15189.0976562
3103 15127.7363281
3163 15105.25
3233 15073.5244141
3294 15052.3242188
3354 15032.0166016
3414 15000.4189453
3474 14961.9648438
3534 14915.7714844
3594 14880.1005859
3703 14868.3564453
3763 14812.1679688
4064 14777.1289062
4124 14744.0322266
4184 14715.0400391
4244 14682.828125
4304 14660.6025391
4364 14630.1494141
4425 14603.296875
4485 14573.6494141
4545 14539.8232422
4629 14551.7988281
4689 14520.1933594
4749 14481.7558594
4809 14462.6513672
4869 14429.6142578
4930 14395.46875
4975 14383.8144531
5020 14367.6669922
5080 14332.7802734
5119 14311.7910156
5158 14291.9785156
5218 14272.0634766
5278 14241.1621094
5313 14220.1777344
5341 14213.2539062
5394 14179.8203125
5455 14153.6533203
5515 14131.0722656
5575 14127.7275391
5635 14117.7089844
5695 14085.2802734
5755 14063.1962891
5815 14033.5595703
5876 14006.0751953
5936 13972.9589844
5971 13953.9326172
6006 13938.2011719
6066 13910.5214844
6126 13879.6005859
6187 13851.1152344
6247 13817.9121094
6307 13790.6298828
6367 13765.5117188
6427 13734.4423828
6487 13702.4931641
6547 13698.9511719
6608 13698.7207031
6662 13647.9013672
6717 13636.0097656
6777 13615.9853516
6837 13569.2314453
6897 13539.84375
6956 13526.1464844
7016 13504.0517578
7076 13486.5429688
7137 13460.2548828
7197 13418.5058594
7257 13377.21875
7317 13348.4472656
7377 13332.6552734
7437 13315.5234375
7497 13295.8154297
7550 13290.0214844
7602 13286.8095703
7663 13250.9160156
7723 13225.65625
7783 13206.0283203
7843 13177.7773438
7904 13150.3652344
7964 13130.2509766
8024 13095.9765625
8065 13076.2832031
8166 13066.8017578
8227 13029.0332031
8287 13020.1279297
8347 12996.3916016
8407 12981.1533203
8467 12957.7890625
8768 12951.6357422
8828 12925.71875
8888 12905.4707031
8948 12882.2226562
9009 12849.7695312
9069 12830.1298828
9129 12803.3447266
9189 12784.6533203
9249 12758.4443359
9309 12726.5527344
9369 12697.1435547
9429 12679.2695312
9490 12666.1005859
9525 12657.2011719
9560 12633.0390625
9620 12602.6337891
9741 12598.3867188
9801 12574.5419922
9861 12553.6875
9921 12519.6630859
9981 12493.4638672
10041 12476.4863281
10102 12462.5390625
10162 12432.2050781
10222 12420.0664062
10282 12390.9257812
10342 12353.8583984
10402 12342.6259766
10462 12313.7578125
10523 12283.4570312
10583 12269.9814453
10643 12248.9560547
10763 12258.0175781
10823 12234.9580078
10883 12206.0390625
10938 12189.9775391
10992 12169.6582031
11052 12145.1708984
11089 12139.1865234
11125 12123.0302734
11186 12093.8681641
11246 12056.9238281
11306 12040.0185547
11366 12012.7548828
11426 11988.0439453
11486 11963.5800781
11547 11939.9501953
11607 11910.6503906
11667 11903.1435547
11727 11878.8789062
11771 11867.6542969
11875 11872.5566406
11935 11846.6914062
11995 11822.5625
12055 11798.8505859
12115 11779.4189453
12176 11759.8105469
12236 11728.3095703
12296 11719.1699219
12356 11692.4638672
12416 11667.9609375
12451 11660.2490234
12487 11650.4306641
12547 11620.5810547
12607 11601.4980469
12667 11580.5078125
12727 11559.5273438
12788 11543.7509766
12848 11517.9287109
12908 11495.2910156
13028 11481.8886719
13088 11458.9599609
13148 11433.2939453
13209 11416.3242188
13247 11402.0283203
13285 11397.1611328
13345 11370.1083984
13405 11357.6367188
13465 11332.2578125
13525 11295.3066406
13585 11291.8066406
13646 11260.2861328
13706 11239.15625
13766 11224.34375
13826 11204.0566406
13886 11185.5458984
13946 11164.2392578
13982 11148.6474609
14018 11137.1074219
14138 11121.5625
14259 11098.6074219
14319 11082.2871094
14379 11055.2939453
14439 11034.7021484
14499 11008.5400391
14560 10987.6162109
14620 10965.5498047
14680 10936.5126953
14981 10927.6025391
15041 10910.9482422
15101 10887.2236328
15161 10868.5292969
15221 10853.6455078
15402 10839.9052734
15462 10814.2841797
15522 10795.2060547
15582 10773.4248047
15630 10758.7509766
15678 10739.8408203
15739 10725.9677734
15799 10708.4765625
15859 10684.0507812
15919 10672.5537109
15979 10652.7441406
16039 10638.5087891
16100 10620.140625
16160 10599.7285156
16220 10579.7851562
16280 10559.6416016
16340 10538.6054688
16400 10520.5712891
16521 10519.4824219
16581 10506.5009766
16641 10488.0771484
16701 10469.6611328
16761 10448.0566406
16821 10429.359375
16881 10415.5917969
16942 10394.2392578
17002 10381.5068359
17062 10360.7617188
17122 10341.4443359
17182 10323.6806641
17242 10305.4248047
17303 10289.4414062
17344 10276.4873047
17385 10263.8994141
17445 10245.078125
17506 10228.8017578
17566 10212.7988281
17626 10192.5361328
17746 10189.2519531
17806 10183.7177734
17866 10161.8417969
17927 10141.2255859
17987 10127.3076172
18047 10110.0097656
18107 10088.3798828
18167 10073.2734375
18227 10052.5839844
18287 10034.0292969
18348 10020.0498047
18408 10006.1318359
18468 9990.08203125
18528 9971.13476562
18588 9953.18359375
18648 9936.09863281
18708 9917.28320312
18768 9884.74121094
18829 9859.015625
18949 9860.10449219
19009 9843.41113281
19069 9826.13769531
19129 9806.79199219
19189 9790.89941406
19250 9773.33105469
19310 9755.95703125
19357 9742.46875
19405 9730.69335938
19465 9708.85742188
19525 9690.74707031
19586 9679.35644531
19646 9658.79589844
19706 9640.64453125
19766 9621.29589844
19826 9604.40917969
19886 9586.60449219
19946 9567.40722656
20007 9551.28417969
20067 9532.09082031
20127 9521.74414062
20197 9539.515625
20257 9520.40039062
20318 9498.62109375
20378 9486.98046875
20438 9469.91894531
20498 9455.66210938
20558 9431.14941406
20618 9417.39160156
20678 9401.60058594
20739 9388.46972656
20799 9369.45800781
20859 9348.86523438
20919 9333.14453125
20979 9322.13867188
21039 9310.0078125
21099 9294.56347656
21160 9280.1875
21195 9268.56347656
21230 9256.78320312
21290 9239.31152344
21351 9219.34570312
21471 9219.51953125
21531 9209.03515625
21591 9192.66699219
21651 9175.01269531
21711 9165.67871094
21772 9148.14355469
21832 9129.14941406
21892 9115.79003906
21952 9104.26855469
22012 9089.46679688
22072 9074.27050781
22132 9051.84472656
22193 9031.90722656
22253 9021.75976562
22313 9002.99414062
22373 8992.38574219
22433 8974.59863281
22493 8961.59375
22553 8936.984375
22613 8927.88769531
22734 8922.32421875
22794 8907.84472656
22854 8891.18847656
22914 8872.28808594
22974 8858.07421875
23412 9510.91210938
23440 9497.14160156
23482 9488.89257812
23530 9474.46386719
23579 9458.78710938
23639 9440.02148438
23674 9430.60449219
23691 9427.55859375
23717 9421.63964844
23763 9404.33398438
23824 9383.37304688
23884 9364.00488281
23944 9349.93261719
24004 9331.48730469
24064 9308.94238281
24124 9289.32226562
24185 9276.45605469
24244 9257.88378906
24304 9243.99414062
24340 9231.12792969
24375 9220.87695312
24435 9202.390625
24495 9186.14160156
24555 9166.14257812
24616 9148.8828125
24676 9134.0625
24736 9117.91503906
24796 9102.75292969
24856 9083.95898438
24891 9071.69921875
24926 9061.84179688
24987 9041.48242188
25047 9025.01367188
25107 9008.18261719
25167 8989.69433594
25218 8974.15234375
25270 8966.66015625
25330 8949.75195312
25390 8936.25097656
25450 8918.81152344
25511 8899.21875
25571 8881.66210938
25607 8866.86523438
25644 8858.546875
25704 8839.015625
25764 8818.26953125
25824 8806.83300781
25884 8790.77832031
25944 8773.06640625
25980 8757.36914062
26016 8744.33105469
26077 8732.15527344
26137 8714.50292969
26197 8695.02050781
26257 8682.08691406
26317 8662.41015625
26378 8652.81347656
26438 8639.06542969
26498 8621.98535156
26553 8608.92675781
26607 8595.23925781
26668 8576.29589844
26728 8564.38085938
26788 8548.67285156
26848 8530.40136719
26908 8513.19140625
26968 8496.81738281
27029 8485.6484375
27089 8471.38867188
27149 8457.37597656
27209 8443.23046875
27269 8421.88671875
27329 8408.19335938
27389 8399.67382812
27450 8383.875
27501 8371.12890625
27553 8355.82714844
27613 8337.79589844
27673 8319.36425781
27733 8307.17285156
27793 8286.60058594
27854 8276.12304688
27914 8264.29003906
27974 8247.40136719
28030 8233.859375
28087 8219.94335938
28147 8203.49121094
28207 8190.80957031
28268 8171.28857422
28328 8158.94726562
28388 8150.06835938
28448 8135.89648438
28508 8121.02441406
28568 8102.65087891
28628 8091.49853516
28689 8076.93505859
28749 8062.47265625
28809 8049.80078125
28869 8031.07568359
28929 8022.16455078
28989 8006.46142578
29049 7990.12451172
29109 7978.79052734
29170 7966.8359375
29230 7954.27783203
29290 7940.42382812
29350 7922.79296875
29410 7909.60205078
29470 7894.04443359
29530 7878.08984375
29590 7864.01904297
29651 7848.82128906
29711 7825.77880859
29766 7822.80175781
29821 7805.63769531
29881 7792.26269531
29942 7780.89501953
30002 7766.35644531
30062 7755.828125
30122 7735.10693359
30182 7722.81884766
30242 7715.62988281
30302 7700.24707031
30363 7687.6875
30423 7673.72802734
30483 7641.28271484
30543 7638.45556641
30603 7626.02050781
30663 7610.42529297
30723 7608.40283203
30784 7596.3828125
30844 7579.12988281
30904 7563.69580078
30964 7553.11816406
31024 7539.15917969
31084 7526.84570312
31144 7509.9921875
31204 7498.65136719
31265 7487.07958984
31325 7476.99169922
31746 7811.73730469
31806 7794.71191406
31866 7779.19824219
31926 7768.00146484
31987 7754.35546875
32047 7736.11181641
32107 7723.68212891
32167 7706.14160156
32227 7696.20263672
32287 7681.25048828
32347 7666.69189453
32407 7651.65429688
32468 7633.8046875
32528 7623.54785156
32588 7609.54638672
32648 7598.00292969
32708 7583.02050781
32768 7567.48583984
32828 7547.67138672
32889 7536.25976562
32949 7522.99316406
33009 7512.75488281
33069 7497.81445312
33129 7487.24755859
33189 7468.52246094
33249 7455.06835938
33310 7440.70751953
33370 7423.58642578
33430 7403.66894531
33490 7393.55566406
33550 7384.27880859
33610 7370.4609375
33670 7354.32617188
33724 7341.96484375
33777 7328.51171875
33838 7318.49511719
33898 7309.0546875
33958 7296.76464844
34018 7283.39746094
34078 7267.40283203
34138 7257.19873047
34198 7244.79296875
34259 7226.70166016
34319 7212.50244141
34379 7197.04394531
34439 7183.35302734
34499 7173.38378906
34559 7163.63378906
34619 7148.84765625
34679 7142.13867188
34740 7134.42822266
34800 7116.51318359
34860 7105.73095703
34920 7085.671875
34980 7076.59912109
35040 7064.50488281
35100 7052.23632812
35161 7038.43652344
35221 7027.44433594
35281 7013.6875
35341 7006.10058594
35401 6988.69433594
35461 6979.35400391
35521 6966.65087891
35581 6952.45800781
35642 6940.79248047
35702 6931.31445312
35762 6915.16748047
35822 6901.37597656
35882 6893.80371094
35942 6888.41650391
36003 6871.08349609
36063 6855.82421875
36123 6837.92089844
36183 6828.61279297
36243 6819.77392578
36303 6807.99023438
36363 6800.06298828
36424 6785.89501953
36484 6776.95898438
36544 6768.57519531
36586 6758.09179688
36627 6747.21679688
36688 6732.88427734
36748 6721.03613281
36808 6709.10986328
36868 6697.05224609
36928 6684.28613281
36988 6677.96777344
37049 6668.77832031
37109 6655.00732422
37169 6646.54882812
37229 6628.26025391
37289 6615.546875
37349 6602.09375
37409 6595.77441406
37470 6586.25390625
37530 6578.81494141
37590 6566.97167969
37650 6555.80957031
37710 6541.01513672
37770 6536.68212891
37830 6521.92675781
37891 6508.15527344
37951 6497.85400391
38011 6489.68994141
38071 6475.62353516
38131 6466.18798828
38191 6457.30224609
38252 6444.73730469
38312 6434.11328125
38372 6423.23291016
38432 6407.69580078
38492 6394.73632812
38552 6383.35449219
38612 6373.88769531
38672 6364.33056641
38733 6351.05371094
38793 6339.94335938
38835 6330.44042969
38877 6327.88916016
38937 6320.68066406
38985 6310.65087891
39033 6301.19091797
39093 6289.20117188
39153 6277.83984375
39213 6263.11914062
39273 6252.93505859
39334 6243.70166016
39394 6231.32714844
39454 6221.27392578
39514 6211.28320312
39574 6199.4375
39634 6187.94482422
39695 6180.49023438
39755 6168.109375
39815 6161.49804688
39875 6153.56835938
39935 6145.20751953
39996 6134.10644531
40056 6124.8359375
40116 6116.67041016
40176 6105.69335938
40236 6087.9921875
40296 6081.38574219
40357 6071.95068359
40417 6060.48681641
40477 6051.09814453
40537 6041.63525391
40597 6031.46435547
40657 6023.0234375
40717 6013.22558594
40778 6000.50488281
40838 5993.1015625
40898 5985.27001953
40958 5973.11914062
41012 5963.26171875
41065 5952.40332031
41125 5929.84960938
41185 5923.25439453
41245 5913.38085938
41306 5902.65039062
41366 5889.84033203
41426 5886.80371094
41486 5878.90185547
41539 5871.04003906
41571 5867.14160156
41611 5862.51708984
41671 5852.26269531
41731 5845.12304688
41791 5834.34228516
41851 5824.61621094
41912 5814.66650391
41972 5798.35644531
42032 5795.32373047
42092 5787.07910156
42152 5775.26708984
42212 5766.88476562
42273 5754.93261719
42333 5745.89746094
42393 5734.35742188
42453 5725.51171875
42513 5718.55419922
42573 5709.90820312
42634 5706.04931641
42694 5693.46679688
42754 5687.17822266
42814 5677.18017578
42874 5668.52294922
42934 5663.29980469
42995 5651.88232422
43055 5645.328125
43115 5636.32177734
43175 5624.00048828
43235 5618.64306641
43295 5613.07666016
43356 5609.47558594
43416 5600.11474609
43476 5588.23925781
43536 5578.31103516
43596 5568.20751953
43656 5557.25976562
43716 5550.34033203
43776 5544.04101562
43837 5533.74511719
43897 5525.13525391
43957 5520.44238281
44017 5511.62744141
44077 5503.08349609
44138 5494.04296875
44198 5486.50292969
44258 5475.84960938
44318 5469.13525391
44378 5460.63085938
44438 5453.69238281
44498 5441.66357422
44559 5430.52246094
44619 5426.63085938
44679 5418.98730469
44739 5411.19433594
44799 5401.51025391
44859 5394.1015625
44919 5391.29150391
44979 5384.25048828
45040 5373.31347656
45100 5368.75390625
45160 5359.69824219
45220 5349.45800781
45280 5339.67236328
45340 5334.01513672
45400 5328.00927734
45461 5318.82080078
45521 5310.37011719
45581 5300.43994141
45641 5297.07763672
45701 5291.72851562
45761 5284.54785156
45822 5276.21386719
45882 5265.37158203
45942 5255.73876953
46002 5246.85400391
46062 5240.57177734
46122 5234.70556641
46182 5229.26953125
46242 5223.02490234
46303 5213.83544922
46363 5209.23974609
46423 5205.83447266
46483 5197.55371094
46543 5190.23632812
46603 5180.27392578
46663 5173.86474609
46723 5167.02783203
46784 5149.29980469
46844 5138.70458984
46904 5131.63330078
46964 5121.86572266
47024 5117.51611328
47084 5108.84423828
47144 5099.625
47205 5093.46923828
47265 5081.65576172
47325 5080.17480469
47385 5070.47998047
47445 5062.7578125
47505 5056.97460938
47565 5045.75341797
47625 5039.97949219
47666 5037.48779297
47707 5031.41943359
47767 5024.87646484
47828 5018.00732422
47888 5017.57958984
47948 5005.85253906
48008 4997.50048828
48068 4987.30566406
48129 4982.85888672
48189 4976.51806641
48249 4969.82714844
48309 4962.75146484
48369 4955.4296875
48429 4949.44042969
48869 4905.53759766
48929 4899.77685547
48989 4897.12207031
49049 4888.12451172
49110 4884.15478516
49170 4877.07910156
49230 4866.04541016
49290 4851.94384766
49350 4842.06347656
49410 4836.23486328
49470 4829.06884766
49531 4819.32373047
49591 4808.92089844
