0 17953.3808594
952 16925.1621094
1002 16922.4902344
1243 16913.6230469
1901 17069.78125
1961 17069.4140625
2261 16938.4042969
2322 16911.2421875
2562 16765.1386719
2622 16737.3671875
3163 16484.1679688
3267 16421.1347656
3377 16341.4580078
3427 16314.7207031
3588 16216.8173828
3689 16190.6191406
3749 16182.0566406
3862 16130.7353516
4015 16035.6494141
4105 15965.1054688
4165 15938.6328125
4225 15907.1035156
4345 15848.7558594
4526 15792.3925781
4646 15733.0869141
4766 15662.2597656
4827 15637.5439453
4883 15624.9433594
4939 15600.0908203
5060 15538.3828125
5174 15461.4091797
5289 15460.1640625
5349 15433.9501953
5890 15095.2324219
6011 15027.5986328
6177 14942.8466797
6298 14960.9951172
6478 14856.1005859
6538 14824.5605469
6899 14811.7919922
6959 14785.0019531
7140 14728.8564453
7200 14723.7558594
7260 14696.5869141
7320 14670.4550781
7381 14641.8486328
7441 14615.7626953
7490 14590.8486328
7540 14569.3017578
7660 14512.2675781
7717 14487.1396484
7774 14459.9169922
7834 14430.9521484
7895 14401.8994141
7955 14376.5927734
8015 14353.8525391
8135 14338.8896484
8195 14321.5087891
8256 14295.2236328
8316 14264.3388672
8376 14240.0908203
8436 14215.0537109
8496 14189.7685547
8616 14132.8408203
8677 14107.4541016
8712 14085.7236328
8747 14075.1210938
8807 14053.0283203
8927 13994.6503906
9048 13984.1962891
9108 13967.2236328
9168 13941.2509766
9259 13914.4521484
9379 13843.9648438
9440 13812.9746094
9500 13794.9980469
9620 13733.4521484
9740 13677.5820312
9800 13654.0869141
10052 13594.3798828
10112 13569.8486328
10232 13519.4248047
10292 13490.7568359
10352 13466.4140625
10412 13435.3798828
10473 13423.1259766
10593 13363.7255859
10653 13345.3583984
10713 13321.0800781
10849 13261.0
10894 13239.2226562
10954 13218.2509766
11064 13207.9482422
11124 13194.453125
11184 13163.2451172
11244 13143.2792969
11304 13117.0009766
11348 13102.1435547
11392 13085.4638672
11452 13066.1962891
11573 13000.2275391
11633 12970.1806641
11693 12944.7939453
11753 12923.2109375
11813 12905.8994141
11874 12886.6962891
11934 12861.1357422
11994 12837.2636719
12114 12817.7783203
12234 12754.7978516
12295 12745.7265625
12355 12717.6181641
12415 12694.5029297
12450 12683.8408203
12485 12662.7705078
12534 12637.8251953
12582 12618.9980469
12642 12604.1201172
12702 12575.5185547
12763 12570.2919922
12823 12541.7890625
12883 12515.2988281
12943 12496.4208984
13063 12442.0927734
13183 12457.0244141
13304 12395.9003906
13364 12376.8066406
13424 12357.1455078
13484 12333.9541016
13544 12314.7353516
13605 12289.9150391
13665 12283.0087891
13725 12258.1347656
13785 12229.1767578
13826 12206.4550781
13868 12204.1152344
13928 12173.6142578
13988 12151.6210938
14168 12093.1240234
14289 12091.5068359
14349 12081.7890625
14469 12028.9960938
14529 12007.6806641
14649 11984.3789062
14770 11929.9453125
14890 11874.4453125
15191 11860.1875
15251 11838.5527344
15311 11817.8984375
15431 11800.3564453
15491 11799.4316406
15551 11777.9189453
15611 11755.7910156
15732 11703.7958984
15784 11688.6748047
15836 11671.3398438
15897 11652.4785156
15957 11629.5048828
16017 11610.6748047
16077 11595.1005859
16137 11580.2451172
16197 11561.6123047
16257 11537.453125
16318 11517.546875
16438 11509.2636719
16498 11500.0224609
16558 11475.7333984
16618 11448.1845703
16679 11427.3349609
16739 11405.6455078
16799 11384.6503906
16859 11361.0927734
16919 11335.5107422
16979 11315.78125
17039 11297.6347656
17099 11280.9003906
17160 11259.5595703
17220 11240.3173828
17280 11225.2197266
17400 11174.4794922
17499 11188.4726562
17539 11180.5078125
17599 11157.9521484
17660 11142.1289062
17720 11131.5087891
17780 11116.6083984
17840 11087.4238281
17900 11063.5449219
17960 11041.7539062
18020 11020.0214844
18081 11006.0107422
18141 10986.1914062
18183 10971.1308594
18225 10954.6210938
18285 10939.4589844
18345 10917.5703125
18405 10895.5214844
18466 10877.3164062
18526 10856.8427734
18706 10842.0849609
18766 10824.4912109
18826 10806.7773438
18886 10787.8818359
18947 10773.3544922
18986 10754.0390625
19026 10740.3457031
19069 10719.0927734
19112 10705.2978516
19173 10682.9707031
19233 10669.5898438
19293 10649.7363281
19353 10629.5976562
19413 10611.0097656
19473 10590.359375
19534 10568.0039062
19594 10547.9824219
19654 10531.1416016
19714 10514.8330078
19834 10513.6015625
19894 10507.4589844
19955 10495.1054688
20015 10473.3261719
20075 10456.6025391
20135 10437.0986328
20195 10422.8935547
20255 10405.1572266
20315 10391.3720703
20375 10370.7822266
20436 10354.5302734
20496 10333.0878906
20556 10314.4550781
20616 10295.5732422
20676 10278.1523438
20736 10262.2568359
20775 10252.1113281
20813 10239.8740234
20934 10242.9160156
20994 10224.7060547
21054 10209.4072266
21114 10186.2978516
21174 10169.7246094
21234 10158.3398438
21295 10136.3896484
21355 10122.2578125
21415 10099.9589844
21475 10085.6962891
21535 10061.8134766
21595 10041.7519531
21655 10025.2744141
21716 10010.6113281
21776 9991.21972656
21836 9974.06640625
21896 9958.16210938
21956 9940.8984375
22016 9920.99804688
22137 9921.78710938
22197 9901.98730469
22257 9876.1484375
22317 9863.6796875
22377 9846.10839844
22437 9829.58691406
22497 9809.20019531
22558 9799.26269531
22618 9782.90429688
22678 9763.04882812
22738 9750.50097656
22798 9731.85742188
22858 9716.39648438
22911 9698.63769531
22963 9687.11816406
23023 9670.98632812
23084 9651.58203125
23144 9635.5625
23264 9639.04492188
23384 9590.39550781
23444 9569.46386719
23505 9548.85351562
23565 9537.20410156
23625 9520.54492188
23685 9500.328125
23745 9488.06054688
23805 9468.72558594
23865 9453.85253906
23925 9439.13378906
23985 9421.96777344
24046 9403.33398438
24106 9389.52539062
24166 9379.61230469
24226 9362.00585938
24286 9346.14550781
24346 9327.35351562
24466 9326.7421875
24527 9317.97851562
24587 9292.22753906
24647 9279.41796875
24692 9267.21679688
24979 9211.99023438
25039 9195.18554688
25099 9177.26660156
25159 9165.06445312
25219 9151.16894531
25279 9129.9296875
25339 9113.97949219
25400 9101.82128906
25460 9086.74804688
25520 9067.82714844
25640 9058.60839844
25700 9054.11230469
25760 9040.02734375
25820 9024.88476562
25881 9012.94042969
25941 9003.02929688
26001 8977.63476562
26061 8962.66796875
26121 8944.12695312
26182 8931.95703125
26242 8917.06445312
26302 8899.4765625
26362 8883.90429688
26422 8866.41503906
26482 8856.77636719
26542 8842.29101562
26602 8824.66699219
26662 8810.16992188
26723 8791.38085938
26832 8789.05859375
26882 8786.37695312
26942 8767.94140625
27002 8754.82910156
27062 8736.67871094
27299 9355.61523438
27355 9343.58300781
27415 9317.18457031
27475 9298.15039062
27535 9274.640625
27589 9260.33007812
27644 9246.22949219
27704 9225.60742188
27764 9204.20410156
27824 9187.01855469
27884 9170.03222656
27944 9152.21679688
28005 9137.95996094
28065 9114.22363281
28125 9091.33984375
28185 9080.52734375
28245 9056.33398438
28305 9038.10058594
28365 9023.58691406
28426 9006.72265625
28486 8987.328125
28546 8968.89355469
28606 8953.85253906
28666 8934.19628906
28727 8911.92480469
28787 8885.93261719
28847 8879.74121094
28907 8855.20703125
28967 8835.1328125
29027 8820.24804688
29088 8803.12695312
29148 8788.66113281
29208 8763.11328125
29268 8747.41113281
29328 8729.41015625
29388 8709.78515625
29448 8684.26855469
29508 8679.78710938
29568 8660.08007812
29629 8642.85644531
29689 8623.59375
29749 8613.83398438
29809 8606.01855469
29869 8586.26757812
29929 8561.84667969
29990 8549.87304688
30050 8522.92773438
30110 8513.09082031
30170 8486.19628906
30230 8480.34082031
30290 8466.74316406
30350 8451.375
30411 8432.13476562
30471 8423.24511719
30531 8398.71972656
30591 8378.62402344
30651 8365.3828125
30711 8361.22167969
30772 8330.78320312
30814 8325.72070312
30856 8309.20898438
30916 8301.51855469
31217 8239.75292969
31457 8623.640625
31517 8603.68359375
31577 8590.09960938
31637 8566.99804688
31698 8547.66503906
31758 8529.90332031
31818 8511.10449219
31878 8488.77929688
31938 8476.29589844
31998 8452.49804688
32059 8443.92871094
32119 8421.79199219
32179 8397.859375
32239 8391.1640625
32299 8367.61523438
32359 8346.12890625
32420 8319.55078125
32480 8315.24414062
32540 8297.96875
32600 8283.28222656
32660 8263.37011719
32720 8244.49316406
32780 8230.01953125
32840 8210.64941406
32900 8190.67236328
32961 8174.14208984
33021 8155.24365234
33081 8136.55273438
33141 8122.66015625
33201 8106.40380859
33261 8091.88525391
33321 8074.78710938
33381 8060.27148438
33442 8046.10253906
33502 8027.22558594
33562 8008.55712891
33622 7990.80566406
33682 7977.44775391
33742 7952.20605469
33803 7947.35351562
33863 7927.39355469
33923 7909.01708984
33983 7898.62402344
34043 7879.01904297
34103 7853.82763672
34163 7837.64599609
34252 7823.68212891
34312 7808.76367188
34372 7791.44287109
34432 7784.00878906
34493 7764.32666016
34553 7747.27246094
34613 7722.22998047
34673 7710.68115234
34733 7690.83398438
34793 7678.68945312
34853 7663.50146484
34914 7645.77441406
34974 7632.59619141
35034 7621.99023438
35094 7604.26123047
35154 7588.53515625
35214 7560.21484375
35274 7550.25244141
35335 7541.03613281
35395 7525.07177734
35455 7504.87792969
35515 7490.39355469
35575 7470.56201172
35635 7454.77587891
35695 7444.53222656
35755 7432.35644531
35816 7419.35107422
35851 7409.47265625
36230 7339.11230469
36290 7325.71875
36350 7308.05078125
36410 7291.33056641
36470 7275.78564453
36530 7269.24365234
36591 7257.06787109
36651 7242.81152344
36711 7228.91992188
36771 7210.42822266
36831 7196.37646484
36892 7184.65966797
36952 7169.17919922
37012 7158.43896484
37072 7145.53417969
37132 7131.46972656
37192 7113.53369141
37252 7101.17773438
37312 7076.68164062
37373 7074.26025391
37433 7060.11474609
37493 7052.55078125
37553 7038.71875
37613 7024.14794922
37673 7005.640625
37734 6995.95117188
37794 6981.10742188
37854 6964.01953125
37914 6955.96582031
37974 6941.25146484
38034 6925.15722656
38094 6916.66064453
38155 6902.35742188
38215 6888.67822266
38275 6873.30908203
38381 6853.18115234
38428 6846.27539062
38488 6834.05322266
38548 6824.70019531
38608 6810.98388672
38669 6796.98925781
38729 6784.43847656
38789 6768.99267578
38849 6754.94580078
38909 6745.79492188
38969 6739.09667969
39029 6723.37451172
39090 6712.07568359
39150 6698.53369141
39210 6683.03759766
39270 6675.56152344
39330 6663.1640625
39390 6654.04492188
39450 6640.12402344
39510 6628.06835938
39570 6617.96142578
39631 6603.25244141
39691 6591.55517578
39751 6579.54785156
39811 6569.43310547
39871 6557.99267578
39931 6547.98974609
39991 6532.56201172
40729 6394.98925781
40789 6391.26123047
40909 6392.21386719
40969 6378.49267578
41030 6356.27880859
41090 6343.28564453
41150 6333.38574219
