0 17795.4960938
48 17769.1464844
147 17699.5664062
1624 16970.2929688
1835 16824.3652344
2256 16516.2988281
2354 16525.9433594
2728 16501.7324219
2763 16481.875
2943 16381.8515625
3124 16320.9707031
3184 16318.4199219
3545 16103.5341797
3665 16050.8896484
3724 16022.5791016
3844 15951.6953125
3964 15909.09375
4024 15888.1689453
4084 15870.4111328
4144 15841.1396484
4445 15662.9306641
4500 15633.8359375
4555 15605.6318359
4616 15575.3769531
4736 15504.5087891
4774 15490.4462891
4867 15504.8007812
4922 15475.015625
4982 15444.9589844
5102 15379.4736328
5283 15288.5244141
5403 15218.1787109
5583 15105.2695312
5622 15098.8046875
5720 15088.5322266
5780 15075.2294922
5841 15063.9101562
6021 14972.4042969
6117 14913.3789062
6237 14851.6328125
6297 14820.4101562
6357 14802.9609375
6417 14774.6425781
6808 14770.6923828
6849 14746.5869141
6889 14731.0439453
6950 14699.1542969
7010 14675.0478516
7070 14649.1025391
7130 14618.3583984
7190 14603.5673828
7250 14573.4199219
7308 14543.8164062
7426 14550.8759766
7486 14521.8046875
7606 14509.5566406
7667 14497.6210938
7727 14466.1152344
7787 14446.7021484
7847 14424.7587891
7882 14410.0810547
7918 14392.8681641
7978 14372.359375
8037 14348.2314453
8157 14295.9931641
8217 14275.8125
8338 14214.9990234
8388 14204.4980469
8438 14191.1777344
8499 14163.6816406
8559 14134.1572266
8679 14147.7890625
8739 14123.734375
8792 14095.0449219
8845 14072.3271484
8905 14052.1552734
9025 14000.6357422
9086 13981.390625
9146 13951.6513672
9186 13921.6279297
9211 13920.9228516
9256 13907.9931641
9316 13881.8486328
9436 13832.6347656
9497 13806.2929688
9557 13780.1679688
9653 13790.4121094
9690 13777.4892578
9811 13728.7568359
9906 13676.4785156
9941 13660.953125
10001 13649.0556641
10061 13625.8886719
10116 13597.8896484
10170 13585.1650391
10231 13558.2109375
10291 13534.8925781
10351 13516.4511719
10411 13500.3994141
10591 13422.4228516
10712 13402.7890625
10772 13381.5136719
10832 13353.9375
10892 13343.8115234
11012 13300.1347656
11072 13272.8339844
11133 13244.8808594
11193 13218.6503906
11253 13199.7998047
11373 13153.2197266
11427 13129.6884766
11480 13111.3798828
11540 13089.2275391
11601 13070.7548828
11717 13079.3017578
11774 13056.0419922
11835 13031.4960938
11895 13016.9814453
12015 12958.5488281
12075 12937.8417969
12135 12924.2236328
12195 12904.0371094
12255 12886.1181641
12316 12864.8984375
12376 12846.0048828
12436 12818.2529297
12474 12813.5039062
12512 12789.2626953
12572 12775.5117188
12617 12745.2451172
12662 12739.0166016
12722 12728.1132812
12812 12733.3427734
12872 12717.9921875
12932 12700.4335938
12992 12681.3740234
13053 12657.0273438
13113 12636.8828125
13148 12627.6621094
13183 12619.0009766
13304 12575.5605469
13364 12549.9511719
13424 12529.1835938
13484 12515.9375
13544 12495.7636719
13605 12475.1953125
13665 12461.9267578
13725 12437.5058594
13845 12421.3398438
13905 12412.7519531
13965 12396.6787109
14001 12371.1552734
14036 12367.3339844
14096 12360.6533203
14156 12336.7148438
14216 12308.7050781
14276 12306.1982422
14337 12280.1494141
14492 12176.3398438
14552 12158.9179688
14612 12133.5
14672 12105.5351562
14727 12080.0341797
14782 12059.6748047
14842 12045.609375
14902 12036.5869141
14963 12020.2539062
15023 12018.6298828
15083 12008.6025391
15143 11994.7441406
15203 11968.6474609
15263 11948.5888672
15323 11917.2480469
15383 11908.9863281
15444 11883.3251953
15504 11859.5332031
15564 11844.7431641
15624 11831.3183594
15684 11811.8017578
15744 11791.8300781
15805 11776.3779297
15865 11749.1894531
15925 11723.6923828
16286 11759.6464844
16346 11748.1289062
16406 11733.6708984
16466 11713.9091797
16526 11696.4248047
16587 11675.9160156
16647 11659.8339844
16707 11646.4648438
16745 11630.9941406
16783 11616.9345703
16843 11597.4443359
16903 11582.6757812
16963 11558.4072266
17023 11541.0585938
17084 11516.5185547
17144 11507.140625
17204 11486.2929688
17264 11469.0380859
17324 11467.3251953
17384 11465.0019531
17444 11443.2470703
17504 11433.1533203
17565 11414.2216797
17625 11394.6621094
17685 11379.4707031
17745 11356.8925781
17805 11337.7412109
17865 11315.5341797
17926 11292.7119141
17986 11279.7128906
18046 11262.5917969
18106 11238.5439453
18166 11222.359375
18227 11197.6865234
18287 11184.390625
18347 11161.0175781
18384 11148.5761719
18542 11153.1777344
18662 11099.2392578
18722 11079.6318359
18782 11072.4042969
18842 11055.4804688
18903 11035.3642578
18963 11028.7958984
19023 11014.0068359
19083 10995.5
19143 10971.7695312
19203 10960.1914062
19263 10933.4726562
19324 10916.4423828
19384 10894.234375
19444 10894.1142578
19504 10866.1044922
19564 10850.0898438
19624 10829.3251953
19744 10830.4326172
19805 10807.6835938
19865 10788.0302734
19925 10770.0068359
19985 10746.078125
20045 10743.5498047
20105 10715.5195312
20165 10701.0214844
20201 10694.7695312
20236 10679.9833984
20296 10663.9238281
20356 10651.8554688
20417 10626.9414062
20477 10598.9082031
20537 10597.8300781
20597 10576.0263672
20657 10554.8574219
20717 10526.8515625
20777 10514.9277344
20837 10498.0302734
20958 10504.0605469
21018 10489.3740234
21078 10471.2158203
21138 10453.5410156
21198 10435.9580078
21259 10429.7539062
21319 10402.4833984
21439 10378.9736328
21499 10353.1123047
21559 10339.4882812
21619 10319.8183594
21679 10298.1679688
21740 10282.3046875
21800 10268.1201172
21920 10252.4921875
21980 10230.5898438
22040 10202.3994141
22075 10196.2822266
22111 10186.0771484
22242 10182.4169922
22302 10156.4072266
22362 10142.6835938
22422 10127.3359375
22482 10102.6162109
22542 10098.2382812
22602 10078.6318359
22662 10060.4179688
22723 10047.5898438
22783 10034.5146484
22843 10022.9365234
22903 10001.0546875
22963 10000.5390625
23083 9984.11914062
23144 9958.34570312
23204 9947.30273438
23264 9933.62890625
23324 9913.46386719
23444 9906.51660156
23504 9896.99414062
23625 9880.87597656
23685 9858.4609375
23745 9850.55078125
23835 9832.89257812
23895 9810.47070312
24135 9784.01171875
24195 9764.39746094
24244 9752.12792969
24293 9739.4140625
24353 9722.12304688
24413 9713.8671875
24463 9704.76953125
24513 9688.2734375
24573 9678.66503906
24633 9664.75976562
24753 9642.703125
24813 9639.90429688
24874 9623.21679688
24934 9610.90722656
24994 9592.69140625
25054 9576.24023438
25114 9569.38671875
25174 9555.76660156
25234 9537.63378906
25294 9526.22558594
25354 9507.24316406
25415 9486.44042969
25475 9476.99707031
25535 9465.37109375
25595 9439.92578125
25655 9429.76464844
25715 9421.09863281
25775 9410.27734375
25836 9391.19726562
25896 9373.11132812
25956 9356.77734375
26016 9345.31152344
26136 9346.7421875
26197 9329.08007812
26257 9312.30664062
26317 9293.95019531
26377 9268.03320312
26428 9260.99707031
26479 9254.72460938
26533 9243.78710938
26586 9229.4765625
26646 9224.55664062
26706 9209.84863281
26766 9196.22949219
26827 9182.55859375
26887 9162.77734375
26947 9153.67382812
27007 9137.60058594
27067 9119.93261719
27128 9107.77636719
27165 9097.65917969
27203 9083.08105469
27263 9077.38085938
27323 9061.23535156
27444 9051.99023438
27504 9051.41699219
27564 9033.51464844
27624 9019.67675781
27684 9010.74609375
27744 8997.23730469
27804 8979.95800781
27864 8968.12988281
27925 8958.92871094
27985 8945.23730469
28045 8936.80371094
28105 8919.10742188
28165 8902.93945312
28225 8893.20410156
28285 8874.40527344
28345 8858.53222656
28406 8849.04785156
28466 8834.88085938
28526 8829.51464844
28586 8817.87792969
28646 8807.52832031
28766 8806.25292969
28826 8791.22070312
28864 8781.2265625
28901 8776.04101562
28961 8760.61523438
29022 8749.609375
29082 8731.75585938
29142 8713.45898438
29202 8710.16699219
29262 8692.25
29322 8680.67578125
29382 8667.29492188
29443 8652.50878906
29503 8641.15820312
29563 8625.328125
29623 8607.25097656
29683 8595.00097656
29743 8576.38964844
29803 8561.92382812
29864 8549.94042969
29924 8538.47851562
29984 8522.8125
30044 8514.22753906
30104 8501.07324219
30225 8505.39550781
30526 8417.37304688
30586 8407.30371094
30826 9034.89648438
30867 9019.66796875
30908 9003.72070312
30968 8992.453125
31028 8974.52929688
31089 8954.81835938
31149 8942.56640625
31209 8927.75
31269 8907.72167969
31329 8895.55371094
31389 8883.53417969
31442 8873.99316406
31495 8857.16601562
31556 8834.50195312
31616 8810.76171875
31676 8799.78320312
31736 8789.7421875
31778 8778.38867188
31821 8765.05078125
31881 8749.46289062
31927 8741.57226562
31973 8729.96484375
32034 8717.40917969
32094 8703.05175781
32154 8686.66699219
32214 8666.12792969
32274 8652.52441406
32334 8637.57910156
32394 8624.50878906
32454 8608.12402344
32515 8590.65527344
32575 8581.32226562
32635 8567.92480469
32695 8559.22070312
32755 8537.92285156
32815 8521.84082031
32875 8507.33984375
32936 8491.03027344
32996 8481.15136719
33056 8466.82226562
33116 8453.72851562
33176 8437.49121094
33237 8420.00976562
33297 8397.98535156
33357 8379.66015625
33417 8370.04589844
33477 8358.77246094
33537 8342.41015625
33597 8334.87109375
33657 8319.35839844
33718 8304.734375
33753 8302.578125
33788 8292.82617188
33848 8275.51660156
33909 8267.16992188
33969 8245.83691406
34029 8228.46582031
34089 8211.34765625
34149 8204.77636719
34209 8187.375
34269 8178.87011719
34329 8165.70605469
34390 8151.33398438
34450 8131.36914062
34510 8124.921875
34570 8103.29980469
34630 8088.47167969
34690 8075.40722656
34750 8059.69287109
34811 8049.69677734
34871 8037.24511719
34931 8025.64746094
34991 8005.61230469
35051 7998.36083984
35111 7972.125
35172 7954.27783203
35232 7947.80273438
35292 7929.6015625
35352 7914.17285156
35412 7900.43798828
35472 7887.69042969
35532 7873.08984375
35592 7859.04882812
35653 7841.88134766
35713 7829.45117188
35773 7814.57617188
35833 7799.85693359
35875 7788.55615234
35917 7775.6953125
35977 7764.1328125
36037 7749.59375
36097 7738.26318359
36157 7727.96386719
36278 7718.04492188
36338 7701.0390625
36398 7686.35449219
36458 7676.96875
36518 7666.50878906
36578 7641.6328125
36638 7635.28271484
36699 7623.36816406
36759 7611.31347656
36819 7606.04589844
36879 7593.56005859
36939 7575.82177734
36999 7565.72802734
37059 7553.19287109
37119 7541.47314453
37180 7532.94335938
37240 7522.18261719
37300 7510.45507812
37360 7497.04345703
37420 7482.66601562
37480 7471.15869141
37541 7457.35058594
37601 7450.88134766
37661 7445.34667969
37721 7433.59130859
37781 7420.03369141
37841 7404.08496094
37901 7391.65380859
37961 7378.92822266
38021 7370.22998047
38082 7361.12792969
38322 7516.23535156
38683 7608.5859375
38743 7588.28027344
38803 7579.6328125
38863 7568.49072266
38924 7556.71826172
38984 7540.59130859
39044 7526.65966797
39104 7517.27685547
39164 7503.32373047
39224 7487.99316406
39284 7473.39990234
39345 7458.91552734
39405 7443.87597656
39465 7429.93994141
39525 7413.92822266
39585 7403.89501953
39645 7394.47021484
39705 7379.60009766
39766 7366.88574219
39826 7355.76025391
39886 7340.54492188
39929 7327.40380859
39972 7321.30371094
40033 7308.77246094
40093 7297.43164062
40153 7286.97509766
40213 7274.83544922
40273 7257.33447266
40333 7247.95214844
40394 7236.29931641
40454 7219.45166016
40514 7207.9296875
40574 7197.93994141
40634 7184.42871094
40694 7171.77734375
40754 7160.53417969
40814 7151.125
40875 7134.92578125
40935 7121.58251953
40995 7110.95214844
41055 7096.00537109
41115 7089.15136719
41175 7074.00488281
41236 7058.46337891
41296 7048.26904297
41356 7037.33154297
41416 7029.19873047
41476 7015.98242188
41536 7002.49462891
41596 6992.40478516
41657 6980.09521484
41717 6965.40576172
41777 6954.04101562
41837 6941.38085938
41897 6931.49658203
41957 6920.34570312
42017 6907.4765625
42078 6885.68212891
42138 6881.77929688
42198 6870.12890625
42258 6862.68554688
42318 6849.50878906
42378 6840.76074219
42438 6830.08203125
42479 6824.05761719
42520 6815.4453125
42581 6803.57470703
42641 6789.96337891
42701 6776.88330078
42761 6768.01611328
42821 6759.18115234
42881 6749.44775391
43182 6701.66601562
43242 6688.71044922
43302 6679.31103516
43362 6670.51708984
43422 6659.265625
43482 6645.8828125
43543 6635.8359375
43603 6624.78173828
43663 6610.66455078
43723 6605.89160156
43783 6593.10400391
43843 6582.45996094
43904 6571.05078125
43964 6561.41162109
44024 6551.60058594
44084 6539.58886719
44144 6528.109375
44204 6515.68945312
44264 6506.94238281
44325 6496.04003906
44385 6486.15185547
44445 6474.49951172
44505 6463.56298828
44565 6453.61376953
44626 6442.05908203
44686 6433.75244141
44746 6422.52197266
44806 6416.43701172
44866 6403.13085938
44926 6391.95068359
44979 6383.13916016
45032 6374.69580078
45092 6364.64355469
45152 6358.95458984
45212 6346.96240234
45272 6338.12744141
45318 6328.46386719
45363 6318.78369141
45424 6314.04443359
45473 6304.68212891
45522 6297.32617188
45582 6286.76708984
45642 6272.99072266
45702 6262.90380859
45763 6256.15771484
45823 6244.16601562
45883 6235.48828125
45943 6226.02441406
46003 6214.60839844
46063 6204.53271484
46123 6196.60351562
46183 6182.55810547
46244 6177.23583984
46304 6163.74316406
46364 6154.37841797
46424 6142.48486328
46484 6132.16943359
46544 6125.58056641
46604 6117.41455078
46665 6103.43164062
46725 6100.10107422
46785 6090.35888672
46845 6082.04492188
46905 6072.59082031
46965 6062.36474609
47026 6051.96142578
47086 6042.90869141
47146 6033.88085938
47206 6025.07910156
47266 6015.11230469
47326 6006.95654297
47386 5990.52636719
47447 5986.40527344
47507 5973.484375
47567 5967.56201172
47627 5957.64013672
47687 5945.48632812
47747 5942.86083984
47807 5931.17333984
47868 5923.51953125
47928 5913.75048828
47988 5906.68310547
48048 5897.45703125
48108 5886.30664062
48168 5878.75097656
48228 5870.12011719
48288 5863.18994141
48349 5854.33789062
48409 5842.23730469
48469 5841.82275391
48504 5833.53076172
48539 5827.63964844
48600 5819.15966797
48660 5811.25390625
48720 5800.09277344
48780 5793.38476562
48840 5784.31640625
48900 5775.43554688
48960 5766.87597656
49021 5757.88769531
49506 5710.51757812
49566 5687.41894531
49626 5681.59521484
49686 5671.5546875
49746 5665.88134766
49806 5652.01953125
49866 5645.51513672
49926 5637.49023438
49986 5627.92382812
