0 7255.44677734
52 7242.31201172
104 7221.73779297
140 7212.66162109
175 7207.14941406
235 7194.81298828
295 7179.04052734
355 7171.16552734
416 7154.09765625
476 7134.65283203
536 7127.12060547
596 7079.23876953
656 7054.50830078
1017 7035.84765625
1077 7022.49169922
1159 7025.11767578
1217 7010.140625
1275 7002.53955078
1335 6983.45556641
1395 6973.01464844
1455 6957.43701172
1497 6943.42138672
1539 6933.7734375
1599 6920.55957031
1659 6907.62695312
1719 6892.6953125
1779 6885.12158203
1839 6870.01171875
2080 6850.15332031
2140 6836.83056641
2200 6825.81103516
2261 6814.88671875
2381 6818.01513672
2441 6803.87353516
2501 6791.265625
2561 6777.15820312
2621 6761.58935547
2681 6749.70068359
2741 6735.62646484
2802 6720.80615234
2862 6705.44091797
2922 6688.69775391
2982 6673.95361328
3042 6661.24267578
3162 6657.48095703
3222 6644.49316406
3264 6633.72119141
3305 6624.14941406
3365 6613.20947266
3425 6599.56689453
3486 6585.51025391
3537 6577.46289062
3588 6561.58789062
3648 6558.63867188
3709 6539.828125
3768 6527.74023438
3827 6513.6640625
3888 6507.13476562
3948 6490.21435547
4008 6478.73242188
4128 6463.12988281
4188 6461.04980469
4248 6454.71044922
4300 6443.83496094
4353 6429.69824219
4413 6417.03613281
4473 6399.19433594
4533 6398.00439453
4593 6383.22705078
4653 6370.34765625
4713 6360.26855469
4773 6355.01416016
4834 6344.06884766
4894 6333.11474609
4954 6313.57275391
5014 6290.34667969
5124 6303.59912109
5174 6299.46044922
5234 6288.08837891
5294 6277.85693359
5355 6263.41796875
5415 6245.82324219
5475 6239.40136719
5535 6220.46582031
5655 6209.24658203
5715 6192.07910156
5773 6181.8515625
5831 6171.37451172
5891 6160.21484375
5951 6147.62792969
6011 6132.02734375
6071 6119.10791016
6192 6122.69726562
6252 6107.6015625
6312 6092.76513672
6372 6087.98632812
6432 6080.81005859
6552 6066.05615234
6613 6042.28271484
6673 6030.19775391
6733 6023.52929688
6793 6011.86230469
6853 5998.66113281
6913 5980.15820312
7033 5969.6953125
7094 5956.64746094
7214 5954.89599609
7274 5940.15820312
7334 5920.72119141
7394 5919.578125
7454 5914.71191406
7514 5891.17871094
7575 5887.02490234
7635 5871.20898438
7671 5861.68408203
7768 5858.53027344
7828 5853.88134766
7888 5846.75927734
8009 5822.90087891
8069 5798.85595703
8129 5787.99658203
8249 5775.82177734
8309 5770.27734375
8369 5766.13037109
8429 5763.75537109
8490 5746.81396484
8550 5737.02001953
8670 5715.61914062
8730 5699.42480469
8851 5682.02587891
8911 5673.16455078
8971 5666.17822266
9031 5659.80615234
9091 5639.76708984
9151 5639.35498047
9211 5624.18457031
9272 5612.96630859
9392 5598.79248047
9452 5597.07519531
9512 5577.91894531
9572 5576.21044922
9632 5567.97460938
9692 5554.67333984
9752 5531.69384766
9813 5518.83154297
9933 5508.90625
9993 5490.625
10053 5475.31347656
10174 5470.3203125
10234 5454.64453125
10354 5442.07324219
10414 5439.21875
10474 5411.08349609
10647 5411.80712891
10707 5398.29882812
10767 5396.2109375
10827 5386.359375
10887 5385.91650391
11000 5366.69824219
11060 5351.90478516
11180 5342.59619141
11240 5324.04199219
11301 5311.59179688
11421 5309.85498047
11541 5294.53222656
11661 5275.25195312
11721 5272.58984375
11842 5271.31640625
11902 5255.82421875
11962 5238.54394531
12386 5213.29052734
12506 5196.859375
12687 5198.74365234
12807 5154.71142578
12867 5144.92529297
12927 5135.70654297
12987 5127.90039062
13047 5122.03613281
13168 5120.00488281
13228 5111.96679688
13288 5107.84082031
