0 17292.9375
45 17259.3984375
372 16976.1425781
492 16879.5722656
712 16707.25
1339 16363.8486328
1429 16356.3828125
1748 16398.8007812
2320 16530.46875
2380 16522.6992188
2441 16484.2773438
2501 16446.9550781
2545 16415.7011719
2590 16383.7148438
2710 16299.3212891
2770 16265.6972656
2820 16231.8564453
2869 16205.4306641
2929 16174.7294922
2989 16150.3701172
3027 16125.84375
3065 16114.4335938
3125 16089.3828125
3212 16106.1855469
3333 16032.8701172
3453 15959.0751953
3569 15885.0839844
3625 15859.7978516
3685 15833.8349609
3746 15803.0458984
3806 15769.0117188
3866 15732.4375
3926 15702.7587891
3986 15675.5371094
4407 15581.3994141
4588 15436.8828125
4648 15403.6982422
4708 15373.9111328
4949 15283.4511719
5009 15252.4179688
5129 15191.7070312
5310 15076.0576172
5370 15046.1162109
5414 15038.2685547
5458 15005.0605469
5518 14971.0019531
5578 14932.3886719
5638 14903.9824219
5698 14872.0771484
5758 14843.0859375
5914 14826.2080078
5949 14793.8144531
6009 14759.6914062
6129 14694.9755859
6190 14658.9775391
6250 14631.8769531
6310 14602.9541016
6370 14575.5625
6413 14573.2021484
6456 14539.328125
6516 14502.2119141
6576 14472.8505859
6636 14434.5615234
6697 14406.6435547
6757 14371.1142578
6817 14341.6835938
6877 14331.4541016
6937 14303.4775391
6997 14266.3378906
7057 14234.0654297
7117 14217.3847656
7177 14187.7578125
7238 14173.2480469
7358 14084.6083984
7418 14056.1962891
7478 14028.2988281
7538 14005.0078125
7598 13983.9355469
7640 13955.9960938
7682 13931.4091797
7742 13908.3925781
7803 13879.3515625
7863 13878.2333984
7923 13869.4189453
8043 13794.0
8103 13772.484375
8164 13742.0566406
8224 13717.1259766
8284 13704.0693359
8344 13668.8242188
8421 13616.2617188
8481 13583.2431641
8542 13561.9541016
8602 13532.8867188
8662 13529.3476562
8722 13514.5898438
8782 13484.5390625
8902 13480.1728516
8962 13456.7597656
9083 13371.375
9143 13345.3798828
9203 13324.9580078
9263 13295.2851562
9324 13276.4140625
9444 13208.7402344
9486 13190.3398438
9590 13145.4443359
9650 13125.0341797
9710 13105.2900391
10131 13276.2841797
10191 13252.9736328
10251 13216.8535156
10311 13193.8486328
10371 13167.9814453
10431 13148.03125
10492 13124.4541016
10552 13097.9121094
10612 13071.3398438
10667 13044.0585938
10721 13024.7822266
10782 13005.1210938
10842 12980.2001953
10902 12956.6542969
10962 12930.9189453
11082 12930.3564453
11142 12893.9287109
11202 12877.734375
11263 12857.4140625
11323 12826.8164062
11383 12804.8261719
11443 12784.3564453
11503 12757.203125
11563 12735.6083984
11623 12708.7539062
11684 12684.2695312
11735 12664.6337891
11787 12644.8330078
11848 12618.3720703
11908 12593.3349609
11968 12571.3320312
12028 12546.9794922
12148 12539.6982422
12208 12538.4736328
12269 12505.0908203
12329 12472.5507812
12389 12460.3945312
12449 12431.9921875
12509 12407.4160156
12569 12375.1181641
12630 12363.9501953
12690 12346.4140625
12750 12315.0078125
12810 12292.5
12870 12276.3486328
12931 12248.0576172
12991 12234.5673828
13036 12215.8085938
13081 12194.9873047
13141 12160.0273438
13262 12148.3046875
13322 12137.0869141
13442 12084.6132812
13502 12065.1308594
13622 12012.6542969
13683 11990.3916016
13743 11965.8222656
13803 11936.7822266
13863 11917.078125
13923 11900.6816406
13983 11877.515625
14044 11857.6591797
14104 11836.2548828
14164 11805.1933594
14224 11790.2128906
14344 11783.5507812
14404 11756.7646484
14465 11735.1777344
14525 11709.7851562
14560 11702.4013672
14595 11689.3759766
14656 11668.8642578
14716 11647.90625
14776 11626.2822266
14811 11608.59375
14847 11601.671875
14907 11580.1103516
14967 11554.4335938
15027 11543.4560547
15087 11522.8984375
15147 11502.3115234
15207 11485.4697266
15267 11458.5664062
15328 11436.0078125
15388 11407.078125
15508 11408.9169922
15568 11390.7587891
15628 11367.0361328
15689 11347.4716797
15749 11318.4140625
15809 11298.6533203
15869 11269.5380859
15929 11251.9492188
15989 11240.6269531
16049 11230.2851562
16085 11215.9140625
16120 11207.8554688
16180 11190.1318359
16240 11171.5097656
16300 11144.8144531
16360 11113.9257812
16481 11067.4453125
16601 11079.5722656
16722 11047.0351562
16842 10979.9804688
16902 10957.2148438
16962 10932.8339844
17022 10915.328125
17082 10903.3535156
17142 10890.9365234
17203 10873.4521484
17263 10859.8964844
17323 10845.0410156
17383 10820.3662109
17443 10817.4082031
17503 10796.4433594
17563 10781.0761719
17624 10758.15625
17684 10745.9277344
17800 10740.5429688
17856 10723.6191406
17916 10701.4794922
17977 10679.1455078
18037 10656.4921875
18097 10635.5654297
18157 10614.7998047
18217 10596.4150391
18277 10571.7841797
18337 10566.9443359
18397 10543.6103516
18458 10523.9277344
18553 10509.265625
18564 10505.9238281
18599 10491.5888672
18660 10468.8056641
18720 10449.9355469
18780 10431.8955078
18840 10408.2148438
18960 10408.2011719
19020 10391.8847656
19081 10373.8974609
19116 10356.1386719
19151 10350.0498047
19211 10334.3710938
19271 10318.0742188
19332 10286.6054688
19392 10271.2568359
19441 10255.4833984
19471 10241.875
19512 10223.3984375
19572 10217.3037109
19633 10192.0439453
19693 10170.5712891
19753 10154.7998047
19813 10140.3662109
19873 10121.7128906
19933 10107.8974609
19993 10092.4013672
20053 10071.4882812
20174 10067.234375
20234 10041.3671875
20294 10023.8876953
20354 10009.1386719
20414 9994.08984375
20474 9982.25878906
20535 9966.02929688
20655 9941.59472656
20715 9914.68945312
20775 9892.56640625
20896 9883.62890625
20956 9855.61035156
21016 9834.3125
21076 9814.94042969
21136 9802.74804688
21175 9797.81933594
21214 9785.2109375
21335 9725.96972656
21395 9720.25683594
21455 9699.01660156
21515 9666.74316406
21636 9657.03125
21696 9653.75097656
21756 9628.52832031
21816 9615.94921875
21876 9599.80664062
21937 9582.359375
21997 9564.78125
22057 9550.88769531
22117 9529.07226562
22177 9511.46972656
22238 9496.53613281
22358 9470.4453125
22418 9452.77929688
22478 9432.7109375
22598 9433.71484375
22658 9408.14453125
22719 9386.70898438
22779 9373.41308594
22839 9357.79785156
22899 9336.87207031
22959 9325.40625
23020 9310.38476562
23080 9297.93261719
23119 9288.34179688
23159 9278.15722656
23220 9259.93359375
23280 9246.50195312
23340 9223.99902344
23400 9206.95507812
23460 9187.16699219
23521 9168.31640625
23581 9162.43359375
23641 9145.60546875
23701 9141.70410156
23761 9115.9765625
23881 9104.4296875
23942 9085.19921875
24002 9068.77148438
24062 9057.81347656
24122 9044.00292969
24182 9028.22070312
24242 9008.04882812
24302 8990.24707031
24362 8971.84375
24423 8957.62402344
24458 8947.00390625
24493 8938.9296875
24553 8924.97265625
24613 8913.62597656
24674 8894.45800781
24734 8871.03125
24794 8856.05273438
24854 8834.34082031
24914 8818.67285156
24975 8795.41601562
25055 8798.15820312
25115 8796.31933594
25175 8782.38378906
25235 8747.66699219
25296 8731.94042969
25356 8705.71582031
25837 9464.15429688
25897 9444.0390625
25957 9425.80957031
26017 9409.765625
26078 9388.79199219
26138 9365.88964844
26198 9355.01660156
26258 9341.0078125
26318 9317.58496094
26378 9299.73339844
26439 9277.16210938
26499 9260.3984375
26559 9244.57519531
26619 9227.73632812
26679 9210.34277344
26739 9191.62695312
26799 9173.48144531
26859 9155.35449219
26919 9136.6484375
26980 9121.93066406
27040 9104.04785156
27089 9087.88085938
27137 9068.69726562
27198 9051.63867188
27258 9034.60351562
27318 9016.4765625
27378 8999.2578125
27438 8980.45898438
27498 8962.90625
27558 8951.89160156
27619 8933.64941406
27679 8918.35351562
27739 8897.109375
27799 8887.59570312
27859 8873.59472656
27919 8854.82324219
27979 8831.95507812
28040 8813.45410156
28100 8796.59667969
28160 8778.41015625
28220 8763.11230469
28280 8748.02636719
28340 8727.16601562
28401 8707.88867188
28461 8688.18945312
28521 8673.47753906
28581 8660.29589844
28641 8645.02636719
28701 8625.33105469
28761 8609.77246094
28822 8589.58300781
28882 8577.67578125
28942 8560.13769531
29002 8547.87890625
29062 8531.97363281
29122 8515.23535156
29182 8499.72949219
29243 8480.54101562
29303 8459.31640625
29345 8446.07226562
29387 8433.77636719
29447 8422.76367188
29507 8407.92382812
29567 8394.73632812
29628 8378.76074219
29688 8362.76660156
29742 8338.34765625
29796 8334.6953125
29856 8318.96289062
29917 8303.16113281
29977 8289.92480469
30037 8279.94238281
30097 8265.94824219
30157 8241.93945312
30217 8231.49316406
30275 8217.52539062
30332 8203.54003906
30392 8190.46289062
30452 8176.12597656
30512 8155.10009766
30573 8143.78808594
30633 8127.93066406
30693 8114.39355469
30753 8098.96337891
30813 8076.68603516
30873 8069.55810547
30933 8052.10400391
30994 8039.23144531
31054 8029.34130859
31114 8015.93115234
31174 8003.91259766
31234 7991.32275391
31294 7978.828125
31354 7962.41162109
31414 7949.22998047
31475 7935.29931641
31535 7921.89355469
31595 7905.90332031
31655 7895.8984375
31715 7882.42822266
31775 7869.14306641
31835 7853.33105469
31873 7842.31347656
31911 7831.0234375
31971 7818.71191406
32032 7808.36035156
32092 7795.18066406
32453 8139.43896484
32513 8123.34765625
32573 8103.37792969
32633 8089.19873047
32693 8074.26318359
32753 8055.81201172
32813 8041.97265625
32874 8027.98095703
32934 8007.54541016
32994 7997.83984375
33054 7985.40966797
33114 7968.63085938
33174 7948.64404297
33234 7933.88867188
33295 7919.57128906
33355 7905.47998047
33415 7888.94873047
33475 7872.35058594
33535 7856.88525391
33596 7841.29248047
33631 7832.43603516
33666 7824.19189453
33713 7813.01660156
33759 7799.55517578
33819 7784.0859375
33880 7769.89648438
33940 7747.35009766
34000 7736.29443359
34060 7729.69824219
34120 7714.22460938
34180 7697.76708984
34241 7686.9921875
34301 7664.48339844
34361 7649.07910156
34421 7639.86035156
34481 7618.82373047
34541 7602.7734375
34602 7591.58691406
34662 7586.54394531
34722 7565.30273438
34782 7550.97460938
34842 7543.25878906
34895 7517.6328125
34949 7509.81884766
35009 7498.04589844
35069 7490.33789062
35129 7477.55322266
35490 7390.43310547
35550 7372.26367188
35610 7360.20214844
35671 7344.86572266
35731 7326.10839844
35791 7315.08496094
35851 7305.47900391
35911 7288.90673828
35971 7275.38378906
36032 7266.10205078
36092 7242.62890625
36152 7235.95117188
36212 7224.4375
36272 7207.91113281
36333 7193.08056641
36393 7186.01611328
36453 7172.10400391
36513 7159.73779297
36573 7146.86376953
36633 7132.1796875
36693 7114.71435547
36754 7101.02832031
36814 7093.02929688
36874 7076.96484375
36934 7066.82519531
36994 7052.49560547
37054 7046.41650391
37114 7030.10888672
37174 7012.75878906
37235 7003.14306641
37295 6987.43115234
37355 6978.32177734
37415 6963.66455078
37475 6952.89160156
37535 6940.98486328
37595 6928.94628906
37656 6917.56787109
37716 6901.98388672
37776 6891.29931641
37836 6877.99511719
37896 6864.01269531
37956 6852.00830078
38016 6841.26904297
38065 6829.73632812
38115 6820.08789062
38175 6806.48486328
38235 6800.21191406
38295 6789.0546875
38356 6771.42333984
38416 6761.52636719
38476 6747.76953125
38536 6744.10107422
38596 6731.48828125
38656 6718.35498047
38716 6704.54785156
38777 6695.59912109
38837 6684.20263672
38897 6673.69384766
38957 6661.39990234
39017 6646.73388672
39077 6632.54589844
39138 6625.87353516
39198 6613.875
39258 6602.15136719
39318 6587.03808594
39378 6576.23046875
39438 6568.63183594
39498 6553.61328125
39559 6543.703125
39619 6529.52783203
39679 6520.27539062
39739 6508.26318359
39799 6496.50878906
39859 6485.84082031
39920 6478.12939453
39980 6466.74560547
40040 6457.76464844
40100 6445.89355469
40160 6436.03125
40220 6426.31054688
40280 6415.07373047
40340 6399.87988281
40401 6386.46240234
40461 6376.81884766
40521 6362.45605469
40576 6356.734375
40632 6346.91113281
40667 6338.80078125
40702 6333.19384766
40762 6323.68994141
40823 6314.13867188
40883 6305.52929688
40943 6296.60107422
41003 6284.94970703
41063 6274.26757812
41123 6262.12255859
41183 6251.78710938
41243 6243.24316406
41304 6231.36767578
41364 6222.12255859
41424 6209.26953125
41484 6199.95019531
41544 6190.36865234
41604 6183.27978516
41664 6170.50537109
41724 6154.33300781
41785 6145.10595703
41845 6134.73193359
41905 6122.05078125
41965 6117.77929688
42025 6107.4453125
42085 6094.39892578
42146 6085.46582031
42206 6075.22460938
42266 6064.60986328
42788 6005.69091797
42848 6002.03564453
42908 5989.53320312
42968 5982.87255859
43028 5976.62597656
43089 5959.45166016
43149 5951.56298828
43209 5943.1328125
43269 5934.19580078
43329 5924.17773438
43389 5911.30029297
43450 5903.67871094
43510 5892.33837891
43570 5884.16259766
43630 5872.3515625
43686 5862.62646484
43743 5854.40039062
43803 5842.66748047
43863 5827.99853516
43924 5817.23144531
43984 5810.89501953
