0 17613.0332031
137 17507.3398438
504 17266.6796875
805 17046.0976562
1141 16799.5722656
1176 16771.4960938
1921 16559.2148438
1956 16548.1523438
2665 16349.3339844
3326 15971.3671875
3444 15887.6640625
3805 15677.6914062
4226 15947.3486328
4346 15876.6132812
4466 15816.7744141
4526 15790.8271484
4586 15767.7412109
4767 15733.1787109
4868 15674.9140625
4909 15649.2421875
5150 15511.0361328
5210 15480.1181641
5270 15450.8134766
5305 15439.6796875
5340 15414.0253906
5401 15391.4472656
5761 15227.9296875
5942 15111.6523438
6209 14976.9111328
6262 14956.8613281
6319 14932.3466797
6499 14865.6943359
6673 14821.9462891
6847 14722.0800781
6968 14647.0742188
7028 14633.5087891
7528 14396.7324219
7626 14367.5400391
7687 14352.4423828
7987 14180.9101562
8047 14158.125
8108 14141.65625
8298 14056.15625
8402 13987.1484375
8446 13966.7919922
8741 13862.0644531
9217 13950.9794922
9277 13925.3632812
9337 13901.6210938
9397 13871.7851562
9458 13853.8125
9518 13833.4414062
9553 13821.5039062
9588 13797.2128906
9648 13785.3779297
9769 13723.6904297
9829 13703.859375
9889 13681.6572266
9949 13653.4316406
10069 13605.8603516
10129 13578.3779297
10190 13557.5205078
10235 13531.1630859
10342 13536.4296875
10402 13523.7207031
10522 13464.5009766
10582 13444.2158203
10643 13426.1318359
10823 13395.625
10883 13376.1416016
10943 13355.9648438
11003 13327.0410156
11063 13304.4638672
11123 13278.0957031
11223 13245.1875
11283 13220.1318359
11326 13217.7949219
11370 13191.0869141
11490 13133.3027344
11550 13102.8339844
11610 13079.3789062
11663 13074.9902344
11715 13054.7089844
11896 13043.9716797
11994 12973.1191406
12033 12959.1933594
12153 12908.9931641
12213 12889.6757812
12393 12818.0849609
12574 12748.6074219
12694 12686.15625
12754 12681.9003906
12995 12646.8251953
13115 12595.4199219
13210 12546.5253906
13246 12528.2871094
13306 12509.9785156
13366 12499.6621094
13486 12449.4033203
13546 12425.4492188
13606 12416.9345703
13727 12357.1367188
13787 12336.8857422
13847 12312.796875
13907 12293.6367188
13967 12278.2373047
14088 12278.8925781
14148 12258.78125
14208 12232.7675781
14268 12209.6835938
14388 12178.8496094
14496 12115.0078125
14543 12113.9150391
14604 12087.9160156
14664 12063.9277344
14724 12057.5742188
14844 12004.2617188
14904 11973.78125
14964 11954.2001953
15025 11933.8300781
15085 11913.4785156
15145 11893.5058594
15265 11897.6015625
15325 11868.7597656
15506 11810.8603516
15626 11758.0527344
15686 11737.8125
15746 11722.1484375
15806 11697.1542969
15867 11692.3037109
15927 11677.1591797
15987 11653.7646484
16043 11635.0996094
16099 11607.2646484
16159 11594.9775391
16220 11567.8427734
16280 11553.5830078
16340 11542.0292969
16400 11539.5322266
16460 11515.2763672
16520 11498.5947266
16580 11479.0810547
16640 11461.8447266
16701 11445.2910156
16761 11424.2246094
16821 11406.2236328
16881 11384.8417969
16941 11376.2949219
17182 11311.7578125
17242 11285.1816406
17302 11282.1611328
17362 11262.6455078
17422 11242.0673828
17482 11220.2871094
17603 11217.2978516
17854 11117.7705078
17914 11103.5986328
18034 11046.2841797
18411 11121.8134766
18471 11101.8154297
18532 11086.7373047
18592 11062.5380859
18652 11036.0908203
18772 11039.0888672
18832 11032.1035156
18892 11012.1152344
18952 10998.0
19013 10977.6621094
19073 10960.9814453
19133 10936.1464844
19193 10917.359375
19253 10897.3837891
19313 10882.4453125
19373 10870.9091797
19433 10853.578125
19494 10837.4707031
19554 10820.1220703
19614 10795.3125
19674 10785.1054688
19734 10762.1699219
19795 10750.5273438
19855 10731.4570312
20021 10722.7792969
20067 10712.7285156
20127 10695.921875
20185 10677.7460938
20242 10668.0771484
20302 10649.8515625
20337 10640.8828125
20373 10629.8681641
20493 10586.2119141
20553 10570.1923828
20613 10556.9912109
20673 10538.4472656
20733 10518.6738281
20793 10496.9726562
20854 10476.2978516
20914 10461.7197266
20974 10448.7080078
21034 10430.2304688
21094 10415.9980469
21154 10397.5751953
21275 10388.6435547
21335 10381.0634766
21395 10367.7060547
21455 10349.6083984
21515 10333.2900391
21575 10320.0585938
21635 10299.75
21696 10285.2246094
21756 10268.3330078
21816 10254.9755859
21876 10240.0927734
21936 10223.6523438
21996 10206.796875
22056 10190.3261719
22102 10182.7578125
22148 10165.2265625
22208 10155.1230469
22269 10137.5449219
22329 10117.6816406
22389 10105.3681641
22509 10112.4892578
22569 10092.34375
22630 10078.3466797
22690 10062.4775391
22750 10044.2490234
22810 10031.6533203
22870 10015.4111328
22930 9993.28027344
22990 9981.328125
23050 9969.33105469
23111 9945.8359375
23171 9931.80566406
23231 9917.85058594
23291 9899.37890625
23351 9886.58886719
23411 9872.50097656
23471 9855.34960938
23532 9841.56445312
23592 9828.31738281
23652 9813.56445312
23712 9797.37792969
23832 9804.27441406
23892 9789.3125
23953 9765.86230469
24013 9743.0
24073 9722.16308594
24133 9716.46386719
24190 9709.76953125
24246 9691.0078125
24307 9689.30566406
24367 9672.28125
24427 9658.77050781
24464 9647.28515625
24501 9637.03808594
24561 9627.48730469
24621 9606.24316406
24681 9598.15820312
24741 9586.81152344
24801 9571.86132812
24861 9557.01171875
24912 9542.79003906
24964 9531.77246094
25024 9517.59667969
25144 9503.27734375
25204 9502.82128906
25264 9489.54296875
25324 9473.08007812
25384 9456.70898438
25445 9438.12597656
25505 9433.00683594
25565 9415.89160156
25625 9397.15136719
25685 9380.79101562
25745 9370.45410156
25806 9354.89453125
25866 9340.28808594
25926 9323.8984375
25986 9312.91992188
26046 9294.3515625
26107 9275.64941406
26167 9262.3828125
26227 9248.16992188
26287 9237.04492188
26347 9217.7421875
26382 9213.15820312
26478 9224.15039062
26538 9201.22753906
26598 9185.91894531
26658 9168.02734375
26719 9152.07421875
26779 9140.99609375
26825 9132.48828125
26871 9123.41015625
26932 9109.85351562
26992 9095.97363281
27052 9081.68945312
27112 9064.33691406
27172 9051.47265625
27232 9035.67773438
27292 9020.31347656
27353 9011.86035156
27413 8991.90722656
27473 8980.52832031
27533 8970.55078125
27593 8957.79296875
27651 8941.96484375
27709 8931.52148438
27769 8918.10058594
27829 8903.29199219
27950 8913.83789062
28010 8890.3203125
28070 8878.01074219
28130 8868.05273438
28190 8862.75
28250 8847.99609375
28310 8828.80175781
28371 8822.43359375
28804 9446.12207031
28935 9396.60449219
28995 9380.62207031
29055 9359.359375
29116 9342.40234375
29176 9327.48144531
29236 9312.82617188
29296 9294.47363281
29356 9278.45019531
29416 9259.34960938
29476 9243.13964844
29537 9224.72753906
29595 9218.57421875
29653 9199.61035156
29688 9188.91015625
29724 9179.19238281
29784 9164.19433594
29844 9147.30761719
29904 9132.52929688
29964 9118.04394531
30024 9104.59277344
30085 9086.14648438
30145 9070.70898438
30205 9055.23632812
30265 9038.47851562
30314 9026.15429688
30364 9010.95703125
30424 8996.25976562
30484 8982.84277344
30544 8965.99121094
30604 8947.57226562
30664 8937.62207031
30724 8922.18847656
30784 8906.80371094
30844 8892.33300781
30905 8872.31738281
30965 8857.12988281
31025 8840.57519531
31085 8825.98535156
31145 8814.67382812
31205 8801.6953125
31265 8786.61816406
31326 8768.92871094
31386 8752.14355469
31446 8736.54199219
31506 8723.96972656
31566 8704.86523438
31626 8693.21191406
31686 8675.05664062
31746 8656.73632812
31806 8649.91308594
31927 8608.46875
31987 8603.93164062
32047 8588.09277344
32107 8567.765625
32167 8560.35253906
32227 8546.82910156
32288 8536.91113281
32348 8524.14355469
32408 8505.35742188
32468 8487.71582031
32528 8472.57519531
32588 8460.453125
32648 8443.83691406
32708 8425.74023438
32769 8411.74414062
32829 8392.96875
32889 8381.81347656
32949 8363.29101562
33009 8352.12304688
33069 8337.59667969
33129 8331.17578125
33189 8313.12597656
33250 8295.41894531
33310 8279.40722656
33370 8267.43066406
33429 8256.25
33489 8238.99023438
33549 8229.08886719
33609 8215.67578125
33670 8200.16992188
33730 8186.76367188
33790 8175.77294922
33850 8162.72265625
33910 8148.88232422
33970 8136.49853516
34030 8122.32617188
34090 8107.62841797
34151 8095.54638672
34211 8082.7734375
34271 8068.26513672
34331 8049.57128906
34391 8034.58789062
34451 8026.23535156
34511 8008.8671875
34571 7993.81396484
34632 7982.37207031
34692 7972.1796875
34752 7957.05859375
34812 7943.24707031
34872 7927.17382812
34932 7914.97412109
34992 7905.57421875
35053 7888.67871094
35113 7875.25097656
35173 7860.07861328
35233 7852.26074219
35293 7837.38134766
35353 7824.72998047
35414 7809.79248047
35474 7799.28759766
35594 7792.18212891
35993 8178.96630859
36040 8166.63720703
36100 8149.97314453
36161 8134.234375
36221 8119.91259766
36281 8103.48681641
36341 8089.82226562
36401 8074.92333984
36461 8059.34570312
36522 8044.16162109
36582 8028.81494141
36642 8001.08300781
36702 7980.82714844
36762 7963.61425781
36822 7956.26367188
36882 7943.16162109
36942 7924.29150391
37003 7911.99365234
37063 7902.02587891
37123 7892.22509766
37183 7879.48779297
37243 7869.85302734
37303 7847.50878906
37363 7838.73144531
37424 7819.73339844
37484 7806.23681641
37544 7794.65136719
37604 7782.10253906
37654 7767.84765625
37703 7761.765625
37764 7744.11132812
37824 7730.36425781
37884 7717.71972656
37944 7704.31445312
38004 7691.36328125
38064 7675.03369141
38125 7659.38769531
38185 7650.26708984
38245 7637.67626953
38305 7621.72900391
38365 7611.89599609
38425 7597.80761719
38486 7580.47314453
38546 7566.66308594
38606 7555.48974609
38666 7540.19287109
38726 7522.59082031
38786 7510.17431641
38846 7494.64697266
38907 7479.5625
38967 7467.21435547
39027 7456.81982422
39087 7449.97851562
39147 7442.69189453
39207 7428.42871094
39267 7412.37109375
39327 7398.97119141
39388 7385.73974609
39448 7378.93603516
39508 7369.38818359
39568 7354.53222656
39628 7342.25537109
39688 7332.73388672
39748 7320.88427734
39808 7311.43554688
39869 7295.63818359
39916 7280.00048828
39963 7269.16308594
40024 7256.90527344
40084 7244.67382812
40144 7230.21630859
40204 7217.91113281
40264 7204.34521484
40324 7191.08886719
40384 7180.63720703
40445 7169.03222656
40505 7155.66015625
40565 7140.45800781
40625 7130.61767578
40685 7116.80810547
40745 7106.07666016
40806 7088.40087891
40866 7073.72705078
40926 7059.22265625
40986 7044.33496094
41046 7039.70263672
41106 7032.6796875
41166 7023.38134766
41227 7011.70117188
41287 7000.40625
41347 6992.87451172
41407 6983.07519531
41467 6971.13525391
41527 6956.87744141
41587 6942.85009766
41648 6934.02832031
41708 6922.15869141
41768 6912.87451172
41828 6902.95800781
41888 6877.66259766
41948 6869.70507812
42008 6855.14501953
42069 6843.60791016
42129 6833.47070312
42189 6822.203125
42249 6810.94677734
42309 6804.64257812
42369 6789.93017578
42430 6774.20751953
42485 6770.53613281
42540 6758.72119141
42600 6751.44287109
42660 6741.51757812
42720 6728.53076172
42781 6716.14746094
42841 6707.29052734
42901 6697.9296875
42961 6688.11230469
43021 6674.97119141
43081 6658.625
43141 6652.95507812
43202 6644.03613281
43262 6634.61181641
43322 6619.73681641
43382 6611.296875
43442 6602.28759766
43502 6588.76708984
43562 6580.62939453
43622 6569.94287109
43683 6562.20996094
43743 6549.87841797
43803 6541.87841797
43863 6533.92529297
43923 6528.49609375
43958 6526.71044922
43993 6521.59277344
44053 6509.14501953
44114 6499.88183594
44174 6491.40332031
44234 6483.95605469
44294 6472.15673828
44354 6459.24462891
44414 6451.40234375
44474 6442.70263672
44534 6436.11035156
44595 6422.78076172
44655 6401.47314453
44715 6387.30761719
44775 6375.31982422
44835 6363.83007812
44896 6354.53710938
44956 6345.515625
45016 6334.15917969
45066 6326.56933594
45116 6319.90332031
45177 6307.40039062
45237 6294.26757812
45297 6283.83300781
45357 6275.37451172
45417 6266.42529297
45477 6254.43115234
45537 6241.08984375
45598 6234.31738281
45658 6224.54638672
45718 6219.23291016
45778 6207.11914062
45838 6197.04150391
45898 6186.92578125
45959 6175.6328125
46473 6104.20458984
46533 6103.26660156
46593 6086.45800781
46653 6079.35107422
46713 6073.93066406
46773 6056.57519531
46834 6047.60986328
46894 6037.90966797
46954 6031.87695312
