0 18219.1875
240 18139.6230469
372 18088.5820312
1290 18333.9296875
1722 17951.4414062
1901 17860.453125
2021 17759.8769531
3319 17341.6054688
3559 17273.4589844
3679 17216.3847656
3955 17064.2324219
3972 17054.1132812
4015 17031.8769531
4061 17003.78125
4106 16983.8203125
4227 16912.9101562
4417 16878.9902344
4598 16775.3300781
4838 16647.4550781
4899 16629.5136719
5139 16475.3691406
5259 16473.3105469
5424 16366.7539062
5469 16346.5908203
5589 16283.4882812
5709 16226.7753906
5822 16157.3027344
5875 16130.9257812
5935 16101.1914062
6055 16044.7978516
6115 16025.2226562
6235 16006.2558594
6295 15983.5361328
6356 15953.7001953
6412 15924.1875
6468 15898.9130859
6709 15764.2607422
6769 15740.9072266
6829 15718.2333984
7070 15584.7001953
7431 15568.046875
7491 15537.2353516
7552 15513.6923828
7672 15451.9746094
7721 15421.9296875
7770 15408.5957031
7830 15382.9902344
7891 15355.8779297
8011 15296.1757812
8131 15233.8779297
8251 15231.390625
8371 15173.2128906
8492 15114.6884766
8552 15090.8896484
8672 15046.7460938
8792 14994.0771484
8852 14968.3994141
8960 14909.8417969
9007 14886.015625
9067 14856.2792969
9127 14828.7861328
9247 14833.5253906
9368 14774.9589844
9428 14748.7919922
9468 14737.6054688
9507 14717.0292969
9553 14694.0341797
9599 14675.8125
9644 14665.296875
9690 14644.2880859
9750 14613.7861328
9810 14593.7880859
9870 14572.7666016
9930 14547.3251953
9991 14517.6953125
10051 14496.7685547
10111 14465.9160156
10171 14445.0722656
10269 14450.3007812
10307 14449.8388672
10367 14422.2236328
10402 14415.2246094
10437 14396.1347656
10498 14365.3007812
10558 14338.5673828
10618 14312.6523438
10678 14292.2519531
10738 14267.9648438
10798 14240.7900391
10859 14213.1552734
10919 14184.5771484
10979 14155.2880859
11099 14089.5644531
11159 14076.8134766
11219 14052.5107422
11340 14060.4638672
11520 13962.1679688
11580 13949.0898438
11640 13937.5097656
11701 13912.8388672
11746 13890.7939453
11792 13873.9365234
11853 13855.9580078
11913 13834.2236328
11973 13813.4482422
12033 13800.4326172
12153 13745.1220703
12213 13717.8984375
12274 13689.2783203
12334 13663.9736328
12454 13679.7753906
12574 13626.5048828
12634 13613.6074219
12694 13584.0888672
12755 13561.109375
12809 13545.546875
12863 13529.0332031
12924 13507.6884766
12984 13483.4296875
13044 13457.921875
13104 13435.0400391
13164 13406.0771484
13224 13385.6494141
13284 13364.2851562
13345 13350.0908203
13405 13321.3232422
13525 13310.8388672
13585 13294.0019531
13646 13265.4970703
13706 13246.7001953
13766 13227.5576172
13826 13206.9648438
13886 13179.1328125
13946 13175.5527344
14006 13148.0566406
14066 13133.7675781
14456 13050.4072266
14516 13028.9277344
14636 13039.2919922
14697 13017.9941406
14757 12991.0058594
14817 12970.5996094
14877 12949.8457031
14937 12926.5097656
14998 12907.0048828
15058 12886.9189453
15154 12851.3535156
15190 12832.5888672
15251 12811.4619141
15311 12785.84375
15371 12770.0839844
15431 12750.6943359
15491 12728.3115234
15551 12712.6884766
15611 12691.8291016
15661 12674.5332031
15770 12667.4785156
15830 12663.0888672
15890 12638.8193359
15950 12614.796875
16000 12599.1767578
16050 12583.9179688
16110 12555.4492188
16170 12527.6083984
16230 12505.5009766
16290 12477.9511719
16350 12465.8105469
16411 12443.6367188
16471 12428.2011719
16531 12406.3857422
16591 12390.6904297
16651 12378.5048828
16711 12350.5859375
16771 12326.5771484
16831 12315.7871094
16952 12313.0273438
17012 12293.3964844
17072 12271.0566406
17132 12256.4648438
17192 12237.4560547
17252 12216.4267578
17313 12186.0390625
17373 12171.0117188
17433 12144.7724609
17493 12120.5810547
17613 12099.7226562
17989 12011.3193359
18109 12017.0322266
18169 11998.0644531
18229 11975.6064453
18289 11958.5634766
18349 11932.6474609
18410 11917.2695312
18470 11898.8720703
18530 11881.6513672
18590 11862.0419922
18648 11842.7304688
18706 11824.3212891
18766 11809.5888672
18826 11790.5917969
18886 11771.6875
18946 11754.2099609
19007 11735.5410156
19067 11718.7988281
19127 11700.2226562
19187 11686.8574219
19247 11668.171875
19307 11666.5644531
19368 11662.609375
19428 11643.3212891
19488 11630.8759766
19524 11626.40625
19560 11616.2490234
19610 11592.4375
19660 11585.8720703
19720 11564.5585938
19780 11543.4091797
19840 11523.2890625
19900 11504.6240234
19960 11484.5117188
20021 11463.9970703
20081 11444.1474609
20141 11429.4560547
20201 11408.0566406
20321 11366.7949219
20381 11354.7050781
20441 11340.40625
20562 11336.9541016
20622 11330.3134766
20682 11311.2587891
20718 11303.3974609
20754 11293.4238281
20814 11271.84375
20875 11255.7958984
20935 11229.1435547
20995 11211.2910156
21055 11194.1240234
21115 11173.5869141
21159 11167.0585938
21204 11154.5820312
21264 11133.4052734
21324 11118.6015625
21384 11103.3359375
21444 11086.3603516
21505 11065.1914062
21565 11047.0380859
21625 11037.8554688
21745 11048.6689453
21805 11028.3222656
21926 10983.5068359
21986 10969.9160156
22046 10950.7216797
22106 10938.9277344
22166 10923.234375
22226 10898.8779297
22286 10891.4990234
22347 10870.9804688
22407 10855.6533203
22467 10831.7832031
22505 10826.0380859
22543 10813.7880859
22603 10797.1152344
22663 10779.2099609
22723 10758.9589844
22784 10741.5917969
22844 10730.3349609
22904 10709.1611328
22964 10701.5478516
23282 10648.0117188
23319 10637.5625
23356 10622.3789062
23393 10608.6513672
23431 10596.6474609
23491 10584.1337891
23552 10563.6660156
23612 10548.5175781
23672 10526.8427734
23732 10511.5947266
23782 10506.9941406
23832 10494.0195312
23892 10475.4414062
23952 10453.6123047
24013 10444.6494141
24073 10419.0478516
24133 10401.7148438
24253 10399.2832031
24313 10388.0576172
24364 10375.421875
24414 10365.6640625
24475 10351.1757812
24535 10333.9941406
24595 10321.5732422
24655 10300.3876953
24715 10279.5253906
24775 10266.9833984
24835 10248.71875
24896 10240.4472656
24941 10223.1142578
24986 10212.4140625
25038 10195.3203125
25091 10178.0654297
25152 10167.6474609
25212 10154.0078125
25272 10139.1376953
25332 10123.0341797
25392 10106.7919922
25526 9945.58398438
25586 9941.12109375
25646 9931.20507812
25706 9915.74609375
25767 9895.18945312
25827 9880.19042969
25887 9864.35839844
25947 9851.45996094
26007 9837.27539062
26067 9821.28613281
26127 9801.64355469
26187 9785.14257812
26248 9770.84179688
26308 9752.02441406
26368 9741.09667969
26434 9717.74804688
26486 9708.31933594
26546 9695.59277344
26606 9682.25097656
26667 9667.89257812
26847 9657.70703125
26907 9639.125
26967 9626.44335938
27027 9609.65429688
27076 9595.64550781
27125 9583.69433594
27185 9571.73242188
27246 9561.83496094
27306 9549.98144531
27366 9536.09765625
27426 9521.83789062
27486 9510.73144531
27546 9495.18359375
27606 9490.27050781
27667 9475.125
27727 9459.765625
27787 9444.84082031
27847 9426.51953125
27907 9413.41015625
27967 9399.96582031
28028 9385.66113281
28148 9376.88183594
28208 9375.28320312
28268 9363.84082031
28328 9347.92089844
28388 9334.09375
28449 9327.62402344
28509 9310.40625
28569 9292.94140625
28629 9279.421875
28689 9267.26660156
28749 9252.77441406
28786 9244.41601562
28824 9236.00976562
28884 9221.30761719
28944 9211.72167969
29306 9148.31933594
29366 9130.08105469
29486 9139.421875
29546 9123.0234375
29606 9101.44628906
29666 9096.46777344
29727 9077.78027344
29787 9064.16699219
29847 9050.37402344
29907 9036.24609375
29967 9023.91308594
30027 9008.38085938
30087 8998.21386719
30148 8984.4453125
30208 8969.78515625
30268 8956.85644531
30328 8943.98828125
30388 8934.34472656
30448 8917.34277344
30508 8904.54101562
30569 8892.79296875
30629 8875.86425781
30689 8864.30078125
30749 8852.20214844
30869 8859.19433594
30929 8851.03320312
30990 8834.23339844
31050 8818.61132812
31110 8803.25
31170 8788.13769531
31230 8780.57128906
31291 8764.38671875
31326 8756.62890625
31361 8747.72265625
31422 8733.640625
31482 8719.38867188
31542 8710.11035156
31602 8692.72070312
31662 8680.33496094
31722 8666.92773438
31783 8656.95117188
31843 8642.72558594
31903 8631.4296875
31957 8618.20117188
32011 8604.25488281
32071 8590.34570312
32183 8585.984375
32243 8576.61523438
32303 8565.79980469
32363 8551.26367188
32844 9088.12988281
32904 9071.9765625
32964 9048.18847656
33025 9032.21582031
33085 9019.35351562
33145 9008.36621094
33205 8993.10351562
33265 8978.00195312
33325 8961.59375
33385 8943.76757812
33446 8929.56542969
33506 8915.25683594
33566 8896.55371094
33626 8883.64355469
33686 8869.53417969
33746 8852.609375
33806 8839.3125
33866 8820.53027344
33926 8807.86035156
33987 8787.84082031
34047 8771.51757812
34107 8759.59179688
34167 8746.97753906
34227 8734.21777344
34287 8720.203125
34347 8703.00390625
34408 8689.0546875
34468 8676.83886719
34528 8662.91992188
34588 8644.36035156
34648 8632.14355469
34708 8617.56152344
34768 8599.65039062
34829 8586.86035156
34889 8570.97363281
34949 8553.56347656
35009 8538.08984375
35069 8526.18066406
35129 8510.69921875
35189 8495.16015625
35250 8475.60058594
35310 8463.265625
35370 8449.44433594
35430 8436.81152344
35490 8425.00585938
35550 8403.48828125
35610 8392.01074219
35671 8378.14355469
35731 8359.40136719
35791 8346.75585938
35852 8334.07519531
35912 8317.02636719
35972 8301.13378906
36020 8289.33203125
36069 8279.38769531
36129 8261.1640625
36190 8246.37011719
36250 8235.390625
36310 8222.82910156
36370 8208.94140625
36430 8187.75537109
36550 8166.12939453
36610 8150.51904297
36671 8138.33349609
36731 8118.18847656
36791 8097.43652344
36851 8089.97949219
36911 8074.28125
36971 8068.25195312
37031 8046.97167969
37091 8035.70019531
37152 8019.68115234
37212 8010.36132812
37272 7995.41455078
37332 7987.77832031
37367 7972.92773438
37402 7969.75195312
37463 7957.40576172
37523 7945.15527344
37583 7935.43017578
37643 7923.02929688
37703 7909.03222656
37763 7894.95214844
37823 7884.00634766
37884 7870.46826172
37944 7854.87402344
37993 7844.56689453
38042 7834.73388672
38103 7826.15820312
38163 7811.98339844
38223 7796.89111328
38283 7778.51171875
38343 7763.79541016
38382 7757.34375
38422 7750.87548828
38482 7745.35009766
38542 7726.46142578
38602 7715.46191406
38663 7705.41113281
38723 7688.34375
38783 7675.57910156
38843 7666.16699219
39061 7488.21435547
39121 7473.95214844
39182 7458.08886719
39242 7447.22705078
39302 7436.41650391
39362 7423.32568359
39423 7410.03466797
39483 7400.69677734
39543 7388.37011719
39603 7379.14111328
39663 7369.17675781
39723 7357.06103516
39783 7350.83496094
39843 7331.87548828
39904 7323.90869141
39964 7314.89794922
40024 7300.50927734
40067 7289.81689453
40109 7281.33740234
40170 7271.1640625
40230 7257.30859375
40290 7246.13671875
40350 7231.33447266
40410 7218.09570312
40470 7206.59814453
40530 7196.56005859
40591 7188.55419922
40651 7177.29003906
40711 7165.93896484
40771 7159.53271484
40831 7147.37646484
40891 7133.09472656
40951 7119.56787109
41011 7104.93261719
41072 7096.22949219
41132 7080.45214844
41192 7067.65869141
41252 7065.60595703
41312 7053.74169922
41372 7035.43164062
41613 7366.84179688
41673 7354.41357422
41733 7339.77001953
41793 7328.77441406
41853 7317.06347656
41914 7303.43603516
41974 7290.24609375
42310 7239.17480469
42345 7231.38427734
42405 7215.51416016
42465 7205.87988281
42526 7196.1953125
42586 7184.03515625
42646 7168.46875
42706 7154.36035156
42766 7142.40527344
42826 7131.30908203
42886 7118.75146484
42947 7108.60351562
43007 7094.35595703
43067 7084.02050781
43127 7065.82714844
43187 7051.57861328
43247 7040.13134766
43307 7030.9140625
43367 7020.72558594
43428 7007.53369141
43488 6993.19384766
43548 6977.41992188
43608 6966.09521484
43668 6953.41992188
43728 6937.36230469
43788 6928.73925781
43848 6917.73388672
43909 6904.734375
43969 6896.63085938
44184 6778.09619141
44220 6771.28710938
44280 6754.40673828
44340 6741.36181641
44400 6727.30908203
44520 6709.68115234
44580 6694.7265625
44641 6682.82080078
44701 6671.45410156
44761 6662.49121094
44821 6652.13964844
44881 6638.24414062
44941 6627.91357422
45001 6617.03076172
45062 6605.76367188
45122 6597.96826172
45182 6581.70751953
45242 6569.01269531
45302 6565.73193359
45362 6553.39550781
45422 6537.515625
45482 6528.49707031
45543 6519.63183594
45603 6506.98876953
45663 6492.73486328
45723 6486.44921875
45783 6472.86181641
45843 6467.57373047
45903 6453.61132812
45964 6444.86572266
46024 6435.35400391
46084 6423.66601562
46144 6408.38867188
46204 6401.43896484
46264 6392.90039062
46324 6380.37890625
46385 6371.46289062
46445 6361.04589844
46505 6351.140625
46565 6347.06982422
46625 6330.43261719
46685 6320.67675781
46745 6309.73632812
46800 6301.65136719
46855 6287.70996094
46915 6279.20019531
46975 6266.90771484
47035 6261.29052734
47095 6249.14550781
47155 6239.03076172
47215 6229.91845703
47276 6218.00732422
47336 6209.00146484
47396 6198.74951172
47456 6188.79638672
47516 6177.42089844
47576 6168.84179688
47636 6160.08984375
47696 6147.75683594
47757 6138.40429688
47817 6128.85058594
47877 6117.84667969
47937 6106.88427734
47997 6098.85791016
48057 6091.2578125
48118 6081.44042969
48178 6072.02441406
48238 6061.47949219
48298 6049.89111328
48358 6037.52783203
48418 6029.328125
48479 6021.26318359
48539 6011.50439453
48599 6002.203125
48659 5992.75146484
48695 5986.73291016
48732 5983.48730469
48792 5978.10400391
48852 5966.88525391
48913 5952.98730469
48973 5948.83447266
49033 5934.13623047
49093 5928.3359375
49153 5920.04589844
49213 5909.91357422
49273 5899.34863281
49334 5890.12597656
49394 5879.6953125
49454 5875.89453125
49514 5867.42138672
49574 5857.78027344
49679 5846.92382812
49723 5835.37695312
49784 5827.10546875
49844 5820.99267578
49904 5813.17041016
49964 5803.88964844
50024 5793.33837891
50084 5783.89257812
50145 5774.27246094
50205 5766.11230469
50265 5753.76611328
50325 5748.19775391
50385 5740.70166016
50445 5733.23486328
50505 5722.27441406
50565 5716.62109375
50626 5710.59765625
50686 5705.75830078
50746 5693.85742188
50806 5684.73193359
50866 5673.29150391
50926 5666.36425781
50986 5657.25537109
51046 5649.29052734
51107 5640.88134766
51227 5625.27050781
51287 5610.37402344
51347 5607.66601562
51407 5599.56396484
51467 5593.22363281
51527 5585.47509766
51588 5577.14306641
51648 5566.68164062
51708 5558.91308594
51768 5551.97607422
51828 5541.40966797
51888 5539.18798828
51948 5528.44628906
52008 5518.28027344
52068 5510.81005859
52129 5502.40869141
52189 5498.38769531
52249 5488.61914062
52309 5482.3984375
52369 5474.57177734
52429 5465.63671875
52489 5460.61962891
52549 5452.421875
52599 5445.13769531
52648 5436.921875
52708 5425.93408203
52768 5416.14453125
52828 5413.28759766
52888 5409.27148438
52949 5400.58203125
53009 5393.93505859
53069 5389.19042969
53129 5382.86083984
53189 5375.20947266
53249 5367.57568359
53309 5359.50830078
53369 5348.90478516
53430 5343.12792969
53490 5338.14501953
53550 5336.43994141
53610 5325.70019531
53670 5320.23974609
53730 5310.44238281
53790 5305.35107422
53850 5295.45654297
53911 5289.58886719
53971 5280.75927734
54031 5277.37304688
54091 5267.046875
54151 5260.2578125
54211 5250.70166016
54271 5242.54296875
54332 5234.75390625
54392 5228.48974609
54452 5222.72412109
54512 5214.97021484
54572 5206.97216797
54633 5200.16503906
54693 5192.96533203
54753 5184.61523438
54813 5179.10351562
54873 5173.69238281
54933 5168.83203125
54993 5158.88037109
55053 5151.34960938
55113 5132.75292969
55174 5130.28027344
55234 5123.46875
55294 5115.45800781
55354 5113.48925781
55414 5104.04248047
55474 5097.94042969
55535 5091.14306641
55595 5085.78955078
55655 5076.93212891
55715 5075.44384766
55775 5067.30957031
55835 5060.29248047
55895 5053.77685547
55955 5047.19140625
56016 5040.72265625
56076 5033.3125
56136 5025.89892578
56196 5019.38867188
56256 5014.49121094
56317 5005.55566406
56377 4998.42285156
56437 4990.73828125
56497 4984.33398438
56557 4976.06787109
56618 4969.89208984
56678 4962.15625
56738 4955.41552734
56798 4949.22558594
56858 4941.42041016
56918 4934.32958984
56978 4927.82763672
57038 4919.63916016
57098 4916.81347656
57159 4913.92529297
57279 4902.83349609
57339 4894.71582031
57399 4885.88427734
57459 4876.39599609
57519 4869.30273438
57579 4860.14355469
57640 4859.45898438
57700 4857.32568359
57760 4845.71044922
57820 4837.75341797
57880 4832.43359375
57940 4824.29882812
58061 4817.09570312
58121 4805.27148438
58181 4799.44726562
58241 4793.80712891
58301 4785.05859375
58361 4776.98193359
58421 4767.78125
58481 4757.65332031
58542 4751.51611328
58602 4749.78808594
58662 4742.13574219
58722 4736.93261719
58782 4732.28613281
58842 4730.11328125
58902 4720.75292969
58962 4711.09228516
59083 4711.05712891
59143 4709.07177734
59263 4701.95703125
59323 4692.02441406
59384 4684.25585938
59444 4674.53808594
59504 4661.98486328
59564 4660.14306641
59624 4656.89111328
59684 4649.06982422
59744 4641.81054688
59804 4635.77050781
59864 4633.81494141
59925 4626.74902344
59985 4618.54931641
60045 4612.00878906
60105 4606.64453125
60165 4602.12939453
60225 4597.55664062
60285 4593.74902344
60345 4589.39306641
60406 4583.19921875
60466 4574.79052734
60526 4567.73193359
60586 4559.63720703
60646 4558.80566406
60706 4551.84179688
60766 4548.078125
60826 4543.04150391
60887 4539.02929688
60947 4530.33789062
61007 4526.26953125
61067 4517.96044922
61127 4512.78955078
61187 4509.08789062
61308 4504.42578125
61368 4498.22021484
61428 4493.28369141
61488 4489.49462891
61548 4483.14453125
61608 4480.65966797
61668 4474.31396484
61729 4473.68652344
61789 4460.58203125
61849 4456.76513672
61909 4451.96875
61969 4444.97265625
62029 4441.60595703
62089 4439.14697266
62210 4434.20849609
62270 4428.50537109
62330 4409.74755859
62450 4343.63525391
62510 4330.47900391
62570 4318.32519531
62630 4313.59082031
62691 4306.39306641
62751 4276.58251953
62931 4221.54833984
62991 4214.07275391
63052 4209.07763672
63112 4204.63085938
63172 4200.68652344
63207 4197.85742188
63257 4197.30712891
63317 4196.75
63424 4191.00976562
63484 4186.30957031
63544 4181.78857422
63604 4178.41308594
63665 4172.95947266
63725 4168.78125
63785 4165.421875
63845 4160.95263672
63965 4151.09765625
64026 4149.68066406
64086 4141.71972656
64146 4137.79003906
64206 4134.70849609
64266 4130.35546875
64326 4128.33203125
64386 4122.77197266
64446 4117.86669922
64506 4114.27246094
64807 4104.10009766
64867 4099.82470703
64927 4094.79882812
64987 4091.76171875
65048 4088.54150391
65108 4080.93774414
65168 4078.6796875
65228 4074.78735352
65288 4072.69042969
65348 4066.60253906
65408 4061.44677734
65469 4058.90356445
65529 4055.28930664
65589 4051.30224609
65649 4045.83300781
65709 4042.13378906
65769 4037.23925781
65829 4032.78979492
65889 4027.97412109
65949 4023.38598633
66010 4020.98120117
66070 4017.70874023
66130 4014.20410156
66190 4009.09057617
66250 4003.25073242
66310 4000.86401367
66371 3996.46435547
66431 3993.83251953
66491 3990.38208008
66551 3985.48168945
66611 3982.2824707
66671 3977.79467773
66731 3971.68066406
66791 3969.74389648
66852 3966.10913086
66912 3962.625
66972 3957.00708008
67032 3952.3515625
67092 3949.07666016
67152 3943.93139648
67212 3940.69848633
67273 3936.25756836
67333 3932.60668945
67393 3927.38671875
67453 3925.16577148
67513 3920.34594727
67573 3916.82324219
67633 3914.21606445
67934 3895.1550293
67995 3892.62426758
68055 3891.0324707
68115 3888.37548828
68175 3885.12573242
68235 3877.89526367
68703 3851.65600586
68763 3848.16357422
68823 3843.8125
68883 3840.15063477
68944 3834.7956543
69004 3832.94116211
69064 3828.42285156
69124 3827.35107422
69184 3823.73730469
69245 3815.55151367
69305 3814.36303711
69365 3812.02880859
69425 3806.82275391
69485 3803.77270508
69545 3799.88232422
69605 3798.98999023
69666 3795.31518555
69726 3790.75390625
69786 3787.22314453
69846 3784.03295898
69906 3782.46264648
69966 3775.90698242
70026 3772.22851562
70087 3767.64086914
70147 3765.42114258
70207 3760.54467773
70267 3756.61132812
70327 3753.36352539
70387 3749.34863281
70447 3746.75195312
70507 3745.05761719
70568 3740.2800293
70628 3736.13037109
70688 3731.70166016
70748 3727.44042969
70808 3724.53271484
70868 3721.45263672
70928 3718.35229492
70989 3715.27368164
71049 3709.82861328
71109 3707.67822266
71169 3704.3449707
71229 3699.11889648
71289 3695.83178711
71349 3692.37597656
71409 3690.46386719
71470 3685.55493164
71530 3682.57739258
71590 3679.09985352
71650 3675.86474609
71710 3671.8203125
71770 3666.64501953
71830 3662.65625
71890 3658.02783203
71950 3657.15820312
72011 3654.37524414
72071 3650.11132812
72131 3646.69482422
72191 3645.26635742
72251 3641.06469727
72311 3635.01318359
72371 3629.36816406
72432 3628.36816406
72492 3626.39135742
72552 3623.25537109
72612 3621.75244141
72672 3619.52099609
72732 3615.46362305
72792 3612.31347656
72853 3608.08496094
72913 3600.5090332
72973 3589.42407227
73153 3556.07299805
73214 3551.58764648
73274 3543.27929688
73334 3537.00292969
73394 3536.54443359
73454 3534.75854492
73514 3532.03344727
73575 3530.09423828
73635 3527.06787109
73695 3523.76147461
73755 3521.30200195
73815 3516.28369141
73875 3513.45141602
73935 3509.44482422
73996 3505.67138672
74056 3502.03125
74116 3499.63671875
74176 3497.01928711
74236 3495.92773438
74296 3492.01367188
74357 3489.72338867
74477 3485.38183594
74537 3481.43334961
74597 3476.88769531
74657 3474.51220703
74717 3472.47583008
74778 3469.39111328
74838 3465.77050781
74898 3461.81738281
74958 3459.65698242
75018 3457.32250977
75078 3453.96704102
75138 3451.55981445
75198 3448.84594727
75259 3446.72094727
75319 3442.8503418
75379 3439.41333008
75439 3434.78637695
75499 3431.72363281
75559 3427.1394043
75619 3426.16918945
75679 3422.63061523
75740 3419.19238281
75800 3415.2331543
75860 3414.23486328
75920 3412.41845703
75980 3409.95141602
76040 3406.65600586
76100 3404.60864258
76161 3400.73461914
76221 3398.03369141
76341 3391.23242188
76401 3386.50463867
76461 3384.43969727
76521 3382.26269531
76581 3378.53540039
76642 3375.32666016
76702 3372.52392578
76822 3369.35327148
76942 3363.66699219
77002 3359.54736328
77063 3356.796875
77123 3356.58300781
77183 3352.87719727
77243 3349.67724609
77303 3346.72851562
77363 3343.5480957
77423 3339.7253418
77483 3338.59155273
77544 3332.43188477
77604 3332.21850586
77664 3330.62939453
77784 3324.28344727
77844 3320.6418457
77904 3315.05175781
77964 3314.44824219
78025 3311.00512695
78085 3308.60644531
78145 3306.61523438
78265 3302.74121094
78325 3300.50830078
78386 3297.0390625
78446 3292.81152344
78506 3290.77075195
78566 3288.17041016
78626 3284.93383789
78686 3283.91845703
78746 3280.84741211
78807 3277.09887695
78927 3273.09790039
78987 3269.50292969
79047 3266.46630859
79107 3263.3581543
79167 3259.15380859
79288 3257.56713867
79348 3256.49121094
79408 3253.57446289
79468 3252.68530273
79528 3247.71069336
79588 3241.11474609
79648 3238.5065918
79709 3237.09179688
79769 3233.49780273
79889 3231.38134766
79949 3227.03173828
80009 3218.0847168
80069 3211.36865234
80130 3211.29956055
80190 3204.33666992
80250 3203.53466797
80370 3202.31298828
80491 3199.59228516
80551 3194.90307617
80671 3192.41357422
80731 3187.68505859
80792 3185.77441406
80852 3182.11474609
80912 3179.921875
80972 3177.09619141
81032 3174.46313477
81092 3173.16992188
81152 3169.3449707
81213 3165.72680664
81273 3164.40185547
81333 3162.1887207
81393 3160.66040039
81453 3156.6809082
81513 3152.30273438
81633 3148.54882812
81694 3144.23071289
81754 3140.86303711
81814 3138.02490234
81874 3135.58227539
81934 3133.60009766
81994 3131.13500977
82054 3127.58959961
82114 3127.1340332
82175 3124.91650391
82235 3122.87304688
82280 3120.97631836
82325 3119.73950195
82385 3119.1574707
82446 3116.08642578
82506 3113.68701172
82566 3109.20678711
82626 3108.44433594
82686 3106.48681641
82746 3104.58544922
82806 3100.80664062
82866 3098.21826172
82927 3096.81958008
82987 3094.37255859
83047 3091.27148438
83107 3089.25048828
83167 3087.20166016
83227 3069.95996094
83287 3044.92236328
83347 3027.85888672
83468 2998.58422852
83528 2996.67260742
83588 2994.59008789
83648 2992.0078125
83708 2989.26904297
83768 2987.50341797
83829 2985.34350586
83889 2981.95043945
83949 2979.65209961
84009 2975.69897461
84069 2973.49365234
84129 2972.18896484
84190 2968.40722656
84250 2964.69702148
84310 2961.70849609
84370 2959.35913086
84430 2956.72558594
84490 2956.67236328
84550 2954.18041992
84610 2952.3984375
84671 2949.43896484
84731 2947.5
84791 2945.9621582
84911 2941.37231445
84971 2938.18383789
85031 2936.0637207
85092 2933.10083008
85152 2931.04833984
85212 2929.19848633
85272 2926.96777344
85332 2924.99609375
85392 2921.88427734
85452 2911.1862793
85512 2908.90209961
85572 2907.54492188
85633 2906.10424805
85693 2903.31469727
85753 2899.77368164
85813 2897.69824219
85873 2896.08837891
85933 2892.96557617
85993 2889.36303711
86054 2887.64111328
86114 2884.61547852
86234 2882.62060547
86294 2880.45581055
86354 2878.13061523
86415 2876.38378906
86535 2874.69458008
86596 2873.28417969
86656 2872.1496582
86716 2868.62133789
86776 2866.00512695
86836 2863.81298828
86896 2862.88891602
86956 2860.36694336
87017 2857.48413086
87137 2853.47241211
87197 2849.15112305
87257 2846.7253418
87317 2843.71508789
87437 2839.63256836
87558 2839.8605957
87618 2838.80175781
87678 2836.09594727
87738 2833.46801758
87798 2830.76953125
87858 2827.60864258
87919 2827.39672852
87979 2825.68261719
88039 2821.9597168
88099 2821.77587891
88159 2818.3515625
88219 2815.1027832
88280 2812.54199219
88340 2811.01806641
88400 2809.15405273
88460 2808.50146484
88520 2806.55200195
88581 2804.58447266
88641 2802.77026367
88701 2799.99975586
88761 2797.78881836
88821 2795.84179688
88881 2794.91967773
88942 2792.18945312
89002 2790.68530273
89062 2788.22875977
89122 2784.12963867
89182 2783.4309082
89242 2780.54467773
89302 2778.22851562
89423 2778.38232422
89483 2774.14135742
89543 2772.20776367
89603 2768.25512695
89723 2765.3737793
89784 2761.85009766
89844 2759.59326172
89904 2754.9387207
89939 2754.31274414
90018 2753.84887695
90107 2754.79614258
90152 2752.89794922
90212 2749.94677734
90271 2745.92993164
90331 2743.15722656
90391 2741.47241211
90451 2739.22485352
90571 2739.29296875
90632 2737.23828125
90692 2735.62548828
90752 2733.93603516
90812 2731.71679688
90856 2730.54516602
90959 2728.53710938
91019 2726.609375
91080 2725.23706055
91140 2723.47460938
91200 2721.53369141
91260 2719.92993164
91320 2716.09521484
91380 2715.17211914
91440 2712.16137695
91501 2709.62231445
91561 2708.58276367
91681 2706.63085938
91741 2704.43457031
91801 2701.21240234
91861 2698.87890625
91922 2696.8581543
92042 2694.52807617
92102 2676.46655273
92222 2656.65551758
92282 2654.41625977
92342 2652.1730957
92463 2650.89233398
92522 2648.98144531
92642 2647.49047852
92702 2647.16918945
92762 2641.46582031
92822 2637.26220703
92882 2634.40087891
92943 2632.06982422
93003 2630.79833984
93123 2631.06738281
93183 2630.31689453
93244 2630.08300781
93304 2626.64746094
93424 2626.484375
93544 2623.34350586
93604 2622.49316406
93664 2621.11645508
93725 2617.65014648
93785 2615.16894531
93845 2614.08691406
93905 2613.56176758
93965 2611.48046875
94025 2609.12133789
94086 2607.37353516
94146 2606.11035156
94266 2604.78564453
94326 2603.48535156
94386 2602.18701172
94446 2599.16943359
94506 2596.13793945
94567 2594.32641602
94627 2592.32250977
94747 2590.0300293
94807 2587.03662109
94868 2587.02832031
94928 2583.6796875
94988 2581.04321289
95048 2580.79931641
95108 2578.83642578
95168 2576.84545898
95228 2574.66357422
95288 2574.44335938
95349 2572.41210938
