0 19020.7070312
61 19019.8984375
241 18966.21875
361 18928.3808594
871 18552.0605469
2063 18163.5136719
2583 17813.1425781
2622 17787.9863281
2742 17790.4179688
2923 17676.0898438
3536 17333.9042969
3588 17330.0058594
4182 16953.3085938
4302 16894.1386719
4542 16789.4804688
4602 16764.3867188
4707 16715.1816406
4811 16666.90625
5051 16521.109375
5096 16501.890625
5186 16460.7265625
5291 16404.9160156
5592 16386.0214844
5747 16305.6005859
5758 16302.4853516
5793 16284.3271484
6094 16123.5722656
6154 16098.9931641
6309 16093.5566406
6683 15869.1611328
6721 15845.1816406
6781 15829.0390625
6961 15724.3076172
7021 15698.4199219
7074 15678.4736328
7126 15655.9228516
7306 15621.7939453
7366 15598.7402344
7426 15572.0292969
7486 15544.6845703
7727 15429.4296875
7963 15309.3242188
8083 15252.7353516
8143 15228.6367188
8324 15210.8271484
8564 15089.1835938
8865 14938.1162109
8983 14891.1162109
9043 14862.8085938
9104 14834.2392578
9164 14808.0996094
9284 14803.7119141
9344 14777.2646484
9464 14709.890625
9762 14562.2304688
9867 14505.5390625
9911 14497.6191406
9971 14473.9082031
10024 14448.3496094
10076 14419.3583984
10197 14370.390625
10317 14356.3818359
10377 14339.4150391
10437 14318.8046875
10472 14303.9423828
10507 14283.1171875
10568 14257.8457031
10688 14205.3535156
10808 14137.1162109
10868 14112.8955078
10929 14085.7480469
11049 14023.8457031
11109 14009.6162109
11152 13998.8222656
11375 13948.1923828
11436 13925.0644531
11483 13914.0712891
11652 13831.2851562
11712 13804.0048828
11892 13712.0830078
11952 13692.4394531
11989 13678.3291016
12008 13670.9667969
12049 13644.0
12169 13575.5791016
12590 13579.3095703
12650 13553.4482422
12710 13530.5107422
12770 13518.5283203
12879 13464.578125
12927 13458.6337891
13168 13348.2802734
13228 13320.4941406
13288 13294.1279297
13348 13274.9033203
13408 13251.0859375
13469 13234.1914062
13529 13216.3476562
13589 13198.4082031
13649 13171.6992188
13769 13127.4931641
13829 13106.4794922
13889 13083.6728516
13950 13055.8603516
14010 13033.8496094
14069 13019.5957031
14128 12998.2470703
14188 12978.6015625
14248 12958.0791016
14308 12938.1552734
14369 12913.6591797
14429 12892.4892578
14481 12873.2060547
14533 12855.0791016
14593 12830.6269531
14653 12808.5478516
14714 12785.2128906
14774 12767.1318359
14834 12745.1708984
14894 12727.4941406
14954 12700.0917969
15015 12677.2421875
15075 12658.8427734
15135 12640.8427734
15195 12612.6494141
15255 12595.6855469
15315 12571.5087891
15375 12547.4833984
15436 12536.7333984
15471 12518.5371094
15506 12507.9306641
15566 12487.4765625
15627 12467.7119141
15687 12442.4169922
15747 12430.0039062
15807 12403.0625
15867 12376.8271484
15928 12366.4042969
15988 12346.1396484
16048 12327.4804688
16108 12308.5400391
16168 12287.9179688
16228 12273.8125
16288 12250.3349609
16348 12230.5576172
16385 12216.0839844
16422 12208.2246094
16482 12186.8964844
16542 12162.6083984
16602 12141.8046875
16662 12120.3046875
16723 12098.6650391
16783 12082.7226562
16843 12062.8505859
16883 12058.5087891
16923 12039.0615234
16983 12020.03125
17043 12006.1425781
17104 11984.7539062
17164 11965.2958984
17224 11948.9619141
17284 11928.7558594
17344 11904.5498047
17404 11893.8671875
17465 11876.3574219
17525 11859.4658203
17585 11841.8828125
17645 11816.9814453
17705 11795.8144531
17765 11778.5322266
17825 11760.7490234
17885 11742.9208984
17946 11720.0273438
18006 11703.7431641
18066 11684.1816406
18126 11664.4560547
18186 11649.9931641
18246 11636.265625
18306 11620.3271484
18366 11601.5888672
18427 11582.4111328
18466 11576.3603516
18505 11557.1582031
18566 11537.9228516
18626 11522.1396484
18686 11502.3037109
18746 11485.6923828
18806 11463.3242188
18866 11450.1474609
18926 11434.8212891
18986 11416.9189453
19047 11393.1982422
19107 11382.5419922
19167 11364.3544922
19227 11347.8222656
19287 11328.7890625
19347 11313.1035156
19407 11292.2724609
19467 11280.1728516
19528 11261.5390625
19588 11248.7675781
19648 11225.8867188
19708 11212.8486328
19768 11199.34375
19828 11181.4648438
19889 11164.6123047
19949 11149.7705078
20009 11131.0419922
20069 11111.1953125
20112 11098.7363281
20155 11077.7568359
20215 11062.4794922
20276 11044.6445312
20696 11225.7285156
20757 11206.9375
21117 11134.0039062
21177 11115.1552734
21238 11099.4423828
21298 11075.3896484
21358 11049.8144531
21418 11038.6982422
21478 11023.7773438
21538 11004.1171875
21598 10989.9121094
21658 10965.5449219
21719 10948.5322266
21779 10925.7158203
21899 10932.0947266
21959 10911.3486328
22019 10896.9003906
22079 10878.1152344
22139 10869.9414062
22200 10847.4638672
22260 10834.6806641
22320 10815.6611328
22380 10797.9833984
22440 10779.1103516
22501 10762.1044922
22561 10752.4130859
22621 10730.1630859
22681 10702.3730469
22741 10685.4970703
22801 10671.0605469
22861 10656.5195312
22915 10634.6914062
23030 10642.1259766
23090 10622.2392578
23147 10610.5537109
23204 10597.9824219
23264 10580.5400391
23324 10562.0302734
23384 10544.8417969
23444 10527.0703125
23505 10506.6279297
23565 10493.9326172
23625 10473.9326172
23685 10457.0117188
23746 10431.1992188
23806 10422.6923828
23866 10398.6367188
23926 10387.2080078
23986 10371.1181641
24046 10351.3779297
24107 10334.5498047
24167 10314.7753906
24287 10311.5898438
24347 10301.7119141
24390 10291.6103516
24434 10273.7490234
24494 10265.2177734
24554 10243.7910156
24614 10220.7382812
24674 10207.6357422
24735 10183.6738281
24795 10176.0771484
24849 10158.4345703
24903 10141.4726562
24963 10141.2607422
25023 10120.5888672
25084 10094.6884766
25144 10088.4228516
25204 10059.4863281
25264 10051.1123047
25324 10030.1923828
25384 10008.9072266
25445 10000.2070312
25565 9992.49511719
25625 9990.62304688
25685 9981.10351562
25745 9959.29394531
25805 9938.36425781
25865 9934.08398438
25926 9909.69726562
25986 9889.90429688
26046 9876.50976562
26106 9867.26074219
26166 9853.54882812
26226 9836.19238281
26286 9819.30273438
26346 9800.15820312
26394 9789.98535156
26442 9774.99121094
26502 9762.39648438
26563 9748.40039062
26623 9732.90722656
26683 9722.11328125
26743 9709.04394531
26863 9709.36230469
26923 9686.05566406
26980 9680.21289062
27036 9661.72265625
27096 9644.359375
27157 9630.75
27217 9615.58886719
27277 9593.58398438
27337 9579.16601562
27397 9561.1328125
27457 9555.72949219
27518 9541.07226562
27578 9523.87402344
27638 9508.72070312
27698 9494.10742188
27758 9480.66503906
27818 9463.88476562
27878 9450.65039062
28299 9382.97949219
28359 9374.59472656
28420 9361.70410156
28480 9349.4296875
28540 9333.86914062
28600 9318.56738281
28660 9302.01074219
28720 9287.41992188
28780 9273.2265625
28840 9260.40917969
28901 9244.06542969
28961 9233.81445312
29021 9219.50195312
29081 9204.48730469
29141 9191.22753906
29192 9177.21777344
29244 9169.3828125
29304 9152.13574219
29365 9138.171875
29485 9132.08886719
29545 9121.81640625
29605 9112.14550781
29665 9098.20410156
29721 9078.66894531
29777 9069.09082031
29837 9055.18945312
29897 9039.06640625
29957 9026.52539062
30017 9012.23144531
30078 8995.98339844
30138 8984.04296875
30198 8971.84277344
30258 8958.03613281
30318 8947.82714844
30378 8930.14257812
30439 8919.56152344
30499 8903.73632812
30559 8891.19824219
30619 8875.91113281
30679 8862.87304688
30739 8850.95800781
30859 8856.80175781
30920 8842.06054688
30980 8822.46777344
31040 8814.84082031
31100 8797.46875
31160 8782.33007812
31220 8769.52734375
31281 8756.6484375
31326 8746.54492188
31371 8740.83105469
31432 8728.06640625
31492 8712.38574219
31552 8696.31445312
31612 8684.78515625
31672 8669.66992188
31732 8656.625
31793 8640.32128906
31853 8625.91015625
31913 8611.86230469
31973 8598.97753906
32034 8584.51757812
32094 8571.29394531
32154 8568.4140625
32454 8375.55371094
32515 8368.21972656
32575 8367.57714844
32635 8352.55761719
32695 8345.05761719
32755 8330.79296875
32815 8312.94628906
33056 8883.91699219
33116 8865.5625
33176 8850.66503906
33236 8832.58203125
33296 8810.10058594
33487 8784.22460938
33547 8773.52246094
33607 8755.29589844
33848 8536.45898438
33908 8518.80273438
33968 8505.86132812
34029 8489.28613281
34089 8468.93652344
34149 8455.01074219
34209 8437.41113281
34269 8419.33203125
34329 8406.99609375
34389 8393.26855469
34449 8376.13769531
34510 8360.65136719
34570 8344.94140625
34630 8330.18261719
34690 8310.27050781
34750 8294.2421875
34810 8275.37597656
34870 8262.59667969
34907 8252.43457031
34943 8243.80371094
35004 8225.28613281
35064 8213.30273438
35124 8196.12109375
35184 8184.96630859
35244 8167.88330078
35304 8152.75488281
35364 8134.52734375
35425 8118.38037109
35485 8107.62744141
35545 8087.33935547
35605 8073.43261719
35665 8056.0703125
35725 8041.06298828
35785 8025.23632812
35845 8007.27050781
35905 8001.39599609
35966 7986.38183594
36026 7973.54248047
36086 7955.98046875
36146 7940.81347656
36206 7929.35449219
36266 7917.17089844
36326 7901.63037109
36386 7884.13330078
36447 7869.63720703
36507 7850.37841797
36567 7835.51416016
36627 7822.31787109
36687 7810.08349609
36747 7798.94775391
36807 7785.18310547
36845 7777.12353516
36882 7768.01367188
36942 7750.80078125
37002 7736.57128906
37063 7716.2265625
37123 7699.76367188
37183 7689.06542969
37243 7673.66015625
37303 7658.88769531
37363 7644.70117188
37423 7620.65136719
37483 7609.05859375
37543 7592.1015625
37604 7580.92041016
37664 7566.04638672
37724 7554.95898438
37784 7542.8203125
37844 7528.42431641
37904 7509.30859375
37964 7496.34667969
38024 7481.91552734
38505 7800.44091797
38566 7785.81689453
38626 7768.65722656
38686 7749.64111328
38746 7733.95849609
38806 7716.61132812
38867 7698.65869141
38927 7682.08496094
38987 7662.79394531
39047 7645.85107422
39107 7630.10644531
39167 7613.52880859
39227 7595.72949219
39287 7580.48632812
39348 7564.55078125
39408 7550.06835938
39468 7535.00390625
39528 7518.45947266
39588 7501.46289062
39649 7484.49511719
39709 7468.11669922
39769 7451.31982422
39829 7436.22851562
39889 7420.32324219
39949 7408.73876953
40009 7390.14404297
40069 7378.45898438
40130 7364.29199219
40190 7347.05859375
40250 7341.03564453
40310 7326.62988281
40370 7313.61425781
40430 7292.37841797
40491 7288.31787109
40551 7272.96875
40606 7256.07666016
40662 7244.31494141
40723 7229.60791016
40783 7211.04833984
40843 7198.70849609
40903 7183.04492188
40963 7170.91357422
41024 7156.34912109
41084 7141.65478516
41144 7129.54199219
41204 7113.59179688
41264 7097.49707031
41324 7082.13916016
41385 7070.32714844
41445 7056.88378906
41505 7042.18310547
41565 7026.80761719
41625 7014.62304688
41685 6999.99658203
41745 6987.92041016
41805 6972.94873047
41866 6957.14013672
41926 6941.55908203
41986 6929.42529297
42046 6915.72314453
42106 6900.6328125
42166 6889.74414062
42226 6873.43408203
42286 6862.43798828
42347 6848.45068359
42407 6834.55957031
42467 6819.55419922
42516 6812.17724609
42674 6774.34179688
42734 6758.92626953
42794 6747.125
42854 6729.03515625
42914 6716.83496094
42974 6707.50341797
43034 6694.80615234
43095 6682.41796875
43155 6674.45214844
43215 6658.6875
43275 6649.80175781
43335 6640.28808594
43395 6630.79492188
43455 6618.19628906
43515 6608.06933594
43576 6598.57617188
43636 6582.53564453
43696 6572.22460938
43756 6561.50195312
43816 6550.35742188
43876 6543.54980469
43936 6527.68701172
43996 6518.37353516
44057 6504.96582031
44117 6489.85253906
44177 6481.83789062
44237 6469.88623047
44297 6460.79296875
44357 6448.91503906
44417 6437.84228516
44477 6423.16699219
44537 6413.95166016
44598 6404.62548828
44658 6389.08007812
44718 6376.30322266
44778 6368.75341797
44838 6358.98388672
44898 6348.06494141
44958 6336.61230469
45002 6327.19238281
45046 6317.29248047
45107 6308.47802734
45167 6293.05810547
45227 6282.60986328
45287 6270.58984375
45347 6263.11181641
45408 6254.07617188
45468 6241.90820312
45528 6228.13769531
45588 6217.60595703
45648 6206.63085938
45708 6194.88964844
45769 6185.63085938
45829 6177.1796875
45889 6167.65722656
45949 6155.68896484
46009 6147.63525391
46069 6138.84277344
46130 6125.89404297
46172 6119.83740234
46214 6108.83691406
46274 6093.95410156
46334 6087.99511719
46394 6080.26953125
46454 6070.62402344
46514 6057.46728516
46575 6043.03417969
46635 6029.9140625
46695 6017.83251953
46755 6013.77099609
47283 5926.84765625
47343 5917.70263672
47403 5905.93701172
47464 5900.39160156
47524 5897.10449219
47584 5882.0703125
47644 5873.69775391
47704 5866.86376953
47764 5857.26611328
47800 5852.88720703
47835 5845.81201172
47895 5838.65722656
47956 5828.41064453
48016 5808.38378906
48136 5761.73583984
48196 5741.09960938
48256 5730.63867188
48306 5717.17285156
48396 5716.98339844
48435 5706.57861328
48495 5681.04638672
48593 5637.01220703
48690 5632.74609375
48751 5629.57519531
48811 5622.93261719
48931 5617.35595703
49051 5614.93896484
49111 5607.99023438
49171 5590.72753906
49232 5587.66064453
49292 5575.87597656
49352 5559.18017578
49412 5553.02832031
49472 5542.109375
49532 5536.24316406
49592 5516.10888672
49652 5509.29736328
49712 5495.33886719
49773 5484.14160156
49833 5473.06445312
49893 5458.63085938
49953 5442.26416016
50063 5423.28515625
50123 5416.79443359
50244 5403.13232422
50304 5395.15380859
50364 5390.40527344
50424 5385.66113281
50544 5381.29785156
50604 5374.27001953
50664 5356.15234375
50725 5351.5703125
50785 5345.59472656
