0 17907.6640625
363 17470.0351562
1470 18033.8105469
2072 17626.0546875
2372 17399.3339844
2493 17369.5253906
2974 16966.765625
3069 16885.4121094
3345 16739.9765625
3706 16973.4980469
3826 16918.8847656
4247 16729.6015625
4345 16663.1621094
4383 16644.4648438
4443 16612.0273438
4504 16581.5507812
4684 16486.7949219
4744 16461.5488281
4787 16431.4765625
4830 16406.1953125
4890 16382.6416016
5071 16328.2304688
5131 16319.0849609
5251 16256.8007812
5431 16157.9033203
5612 16059.5517578
5732 15996.1513672
5792 15972.4423828
5844 15940.9277344
5977 15880.3271484
6097 15871.4267578
6277 15777.7832031
6337 15749.2050781
6398 15726.4921875
6578 15620.234375
6638 15587.2568359
6758 15538.1982422
7052 15464.0507812
7172 15401.6005859
7413 15274.8095703
7473 15254.2539062
7593 15202.6123047
7954 15045.7646484
8014 15022.3554688
8134 15016.8349609
8194 15001.1328125
8269 14933.8193359
8450 14843.046875
8570 14783.8398438
8630 14757.3798828
8690 14728.2509766
8751 14708.3398438
8811 14678.0107422
8871 14667.1865234
8931 14644.5058594
9051 14637.7792969
9112 14616.5029297
9232 14558.0917969
9342 14492.5439453
9393 14487.8798828
9513 14415.9902344
9573 14392.7236328
9634 14376.125
9694 14354.3242188
9754 14324.0263672
9814 14301.2041016
9874 14271.5908203
9934 14239.4287109
9994 14218.4365234
10115 14222.2304688
10235 14153.0166016
10295 14140.3271484
10355 14124.3789062
10475 14076.7841797
10573 14022.9443359
10610 14017.4501953
10670 14004.5615234
10791 13934.8984375
10851 13907.8984375
10911 13880.5546875
11031 13826.9335938
11091 13807.2177734
11211 13787.5195312
11272 13761.8369141
11332 13747.9160156
11392 13731.2304688
11452 13699.4765625
11513 13681.5839844
11573 13660.6757812
11693 13600.0996094
11753 13580.0556641
11813 13554.1533203
11869 13529.9677734
11924 13502.2548828
11984 13480.7880859
12044 13467.9755859
12105 13442.3730469
12165 13428.7402344
12285 13421.4121094
12586 13367.9541016
12646 13351.2294922
12706 13330.0927734
12766 13305.109375
12826 13289.0039062
12886 13268.6259766
12946 13239.765625
13007 13219.0957031
13067 13196.8574219
13120 13185.3994141
13174 13164.3251953
13234 13141.2314453
13294 13115.0107422
13414 13120.3457031
13474 13093.4638672
13535 13073.3115234
13583 13054.6015625
13631 13043.4960938
13692 13019.8408203
13752 12995.1845703
13812 12978.2158203
13852 12959.1748047
13893 12940.7099609
13928 12927.6054688
13945 12919.4082031
13986 12902.1103516
14046 12882.2685547
14106 12858.7021484
14166 12840.9208984
14227 12813.9570312
14287 12793.5302734
14347 12777.9677734
14407 12752.1777344
14467 12750.1826172
14527 12748.1699219
14588 12733.53125
14648 12707.4599609
14708 12693.0039062
14768 12674.5263672
14819 12648.2568359
14871 12620.4140625
14931 12602.2392578
14982 12590.1074219
15033 12571.6240234
15094 12552.8349609
15154 12528.6015625
15214 12504.515625
15274 12473.7558594
15334 12467.0341797
15395 12438.2832031
15455 12410.5966797
15515 12397.7109375
15635 12384.8457031
15695 12381.8125
15755 12355.4912109
15816 12339.765625
15876 12318.5771484
15936 12301.9746094
15996 12277.2412109
16056 12253.9628906
16116 12236.6962891
16176 12206.0742188
16236 12195.4726562
16297 12163.6113281
16357 12141.3857422
16417 12126.7207031
16471 12106.6728516
16524 12088.0126953
16585 12064.9853516
16645 12042.4785156
16705 12024.6025391
16825 12036.2783203
16885 12007.5732422
16945 11976.6044922
17066 11947.0117188
17126 11917.1357422
17186 11890.8818359
17246 11873.2177734
17306 11848.3789062
17366 11828.6171875
17426 11799.8369141
17487 11797.3056641
17547 11779.5185547
17607 11756.2519531
17667 11743.2958984
17727 11723.6757812
17787 11695.5048828
17847 11672.9707031
17907 11652.3212891
18028 11652.0166016
18083 11634.1992188
18199 11608.9462891
18259 11584.9150391
18319 11567.8544922
18379 11548.7451172
18440 11527.2558594
18500 11503.5849609
18560 11489.3466797
18620 11464.2246094
18680 11449.15625
18740 11422.2841797
18800 11407.1650391
18921 11379.5810547
18981 11351.5332031
19041 11337.5195312
19101 11315.9296875
19221 11323.2675781
19274 11304.4296875
19326 11286.8339844
19386 11268.5634766
19446 11255.53125
19507 11231.5732422
19567 11211.1933594
19627 11188.7138672
19687 11161.640625
19743 11155.5742188
19799 11128.9746094
19859 11123.3964844
19919 11099.9648438
19980 11082.9550781
20040 11061.3496094
20160 11044.7597656
20220 11025.8808594
20280 11005.2431641
20341 10988.25
20461 10983.9091797
20521 10956.7587891
20581 10941.5986328
20641 10922.2802734
20688 10907.6767578
20734 10897.1367188
20795 10881.5322266
20855 10865.8300781
21095 10869.5048828
21155 10850.8623047
21215 10834.8691406
21261 10818.5380859
21306 10801.8671875
21367 10793.6044922
21427 10779.8095703
21487 10761.2167969
21547 10743.5947266
21607 10724.6953125
21727 10724.4228516
21787 10703.8544922
21848 10689.7802734
21908 10677.9013672
21968 10659.4580078
22018 10649.3027344
22069 10632.4941406
22129 10618.9472656
22189 10597.2802734
22250 10579.9560547
22310 10558.6591797
22370 10552.8242188
22430 10528.6181641
22490 10507.7275391
22550 10494.5449219
22611 10479.6982422
22671 10457.6953125
22727 10446.7441406
22784 10426.7402344
22844 10410.6806641
22964 10408.2138672
23024 10406.8818359
23084 10380.6191406
23145 10365.9150391
23205 10338.4072266
23265 10324.4013672
23325 10309.6513672
23385 10295.1484375
23445 10276.5820312
23505 10256.7363281
23565 10242.0019531
23626 10224.1767578
23686 10209.0644531
23739 10193.5185547
23792 10178.3515625
23852 10157.2490234
23912 10145.2402344
23963 10132.5966797
24015 10116.3417969
24075 10105.2763672
24135 10086.0087891
24255 10084.1416016
24315 10073.3212891
24375 10061.2714844
24436 10041.3720703
24496 10027.6640625
24556 10008.5341797
24616 9991.0859375
24676 9975.25683594
24736 9961.37109375
24796 9945.72265625
24856 9928.88476562
24917 9915.38671875
24977 9894.56054688
25037 9875.87597656
25097 9858.12304688
25157 9846.18945312
25217 9828.11328125
25277 9805.8671875
25338 9794.46679688
25398 9775.7578125
25518 9766.51855469
25578 9765.49121094
25638 9751.77148438
25698 9737.05761719
25756 9716.40917969
25814 9704.08789062
25874 9683.91894531
25934 9668.33496094
25994 9653.82128906
26035 9644.88964844
26075 9637.31738281
26135 9623.46972656
26195 9608.82714844
26255 9592.30957031
26315 9576.00878906
26375 9567.37597656
26436 9553.60449219
26496 9538.09082031
26556 9518.7421875
26616 9500.98632812
26676 9483.42089844
26736 9475.47167969
26917 9460.64355469
26977 9445.9921875
27277 9396.109375
27337 9381.27832031
27398 9365.65429688
27458 9350.69140625
27518 9335.734375
27578 9320.09960938
27638 9301.86328125
27698 9293.73632812
27758 9277.79980469
27818 9267.97070312
27879 9254.45605469
27939 9242.39355469
27980 9231.73535156
28021 9216.83300781
28082 9199.49609375
28202 9200.48828125
28262 9197.92480469
28322 9176.96191406
28383 9169.17480469
28443 9151.9921875
28503 9140.89648438
28563 9127.58007812
28623 9113.37695312
28683 9097.66015625
28743 9084.14160156
28804 9068.52539062
28864 9052.79589844
28924 9041.57617188
28984 9025.22265625
29044 9004.66210938
29104 8998.80761719
29164 8984.41699219
29224 8966.67773438
29285 8954.640625
29345 8941.4609375
29405 8924.63476562
29465 8916.94921875
29585 8917.81542969
29645 8900.06640625
29706 8884.98339844
29766 8879.31835938
29826 8865.5234375
29886 8848.96875
29946 8833.60546875
30006 8818.70605469
30066 8802.72167969
30127 8791.75
30187 8778.83496094
30247 8767.88476562
30282 8760.19238281
30317 8751.60058594
30378 8734.41796875
30438 8723.8203125
30498 8707.97558594
30558 8687.828125
30618 8679.984375
30678 8656.11621094
31099 8595.14160156
31160 8594.17871094
31220 8583.58007812
31280 8571.47851562
31332 8560.68554688
31383 8544.82714844
31443 8529.81542969
31503 8521.0078125
31564 8513.63574219
31839 9115.37988281
32115 9030.38476562
32356 8585.66503906
32416 8571.18847656
32476 8554.25195312
32536 8537.02539062
32596 8521.94042969
32656 8504.56933594
32717 8485.16210938
32777 8469.62890625
32837 8456.07519531
32897 8446.09667969
32957 8426.62988281
33017 8407.39355469
33077 8393.47363281
33138 8373.95996094
33198 8356.79589844
33258 8343.875
33318 8332.37011719
33378 8312.22363281
33438 8296.97070312
33498 8276.65722656
33559 8263.55078125
33619 8248.02441406
33679 8231.4609375
33739 8217.68066406
33799 8207.44042969
33856 8191.42431641
33912 8176.25732422
33972 8161.05419922
34032 8149.72412109
34093 8132.66601562
34153 8117.64160156
34213 8104.52148438
34273 8090.39453125
34333 8073.90332031
34393 8059.53515625
34453 8039.74414062
34514 8025.125
34574 8012.35205078
34634 8000.60449219
34694 7986.60546875
34754 7969.90283203
34814 7954.21533203
34874 7941.61767578
34934 7931.93359375
34995 7919.11865234
35055 7901.25732422
35115 7886.62255859
35175 7872.95214844
35235 7858.98583984
35296 7843.74755859
35356 7832.87744141
35416 7819.11279297
35468 7803.78955078
35520 7789.46191406
35580 7778.59716797
35640 7762.37353516
35701 7748.58300781
35761 7742.17285156
35821 7726.09277344
35881 7711.36523438
35941 7697.41943359
36002 7681.37109375
36062 7666.82226562
36362 7604.86669922
36422 7587.78808594
36483 7574.18505859
36543 7561.37744141
36603 7550.69238281
36652 7539.49609375
36701 7527.53808594
36761 7516.49951172
36821 7501.26367188
36881 7483.77783203
36941 7476.01660156
37001 7465.02392578
37061 7447.72021484
37122 7428.97705078
37182 7419.37353516
37242 7405.91796875
37302 7396.06005859
37362 7382.44287109
37422 7371.05126953
37482 7356.37451172
37542 7342.87402344
37603 7329.09375
37652 7315.72363281
37702 7309.47265625
37763 7298.11425781
37823 7282.57421875
37884 7272.01269531
37944 7257.99023438
38004 7248.99804688
38064 7234.80078125
38124 7221.18310547
38184 7211.28808594
38244 7200.12841797
38305 7190.81591797
38365 7176.52636719
38425 7165.04345703
38485 7151.97412109
38545 7130.35644531
38605 7118.03320312
38665 7108.15576172
38725 7095.05566406
38786 7091.22216797
38846 7079.72460938
38906 7067.70751953
38966 7054.02148438
39026 7038.87890625
39086 7026.48632812
39146 7016.11914062
39207 7003.38964844
39267 6994.3359375
39327 6982.94189453
39387 6971.44384766
39422 6963.77734375
39458 6955.10791016
39518 6947.41455078
39578 6930.04589844
39638 6921.72070312
39698 6900.99511719
39758 6898.59716797
39999 7236.70654297
40057 7223.9921875
40116 7208.86083984
40176 7194.33544922
40236 7181.56201172
40296 7168.9140625
40356 7155.65625
40416 7141.15820312
40477 7125.36279297
40537 7112.77929688
40597 7101.55908203
40657 7087.45800781
40717 7073.63867188
40764 7064.57763672
40806 7051.70751953
40862 7040.46923828
40922 7025.50878906
40982 7013.11328125
41042 6999.76611328
41102 6989.98632812
41162 6971.45458984
41223 6962.89013672
41283 6949.24902344
41331 6938.42041016
41379 6929.70556641
41439 6917.93652344
41499 6902.1484375
41559 6887.08984375
41619 6876.73242188
41680 6863.59472656
41715 6858.8125
41750 6852.18798828
41810 6838.53808594
41870 6823.56103516
41930 6808.71728516
41966 6803.12841797
42001 6794.27880859
42061 6780.97558594
42121 6770.06152344
42182 6760.91796875
42242 6747.39306641
42302 6738.70458984
42362 6726.93066406
42422 6715.90625
42482 6700.04589844
42542 6688.46582031
42603 6676.87548828
42663 6667.00585938
42723 6655.15722656
42783 6640.15478516
42843 6629.56835938
42903 6618.15917969
42964 6604.18798828
43024 6593.88574219
43084 6583.16064453
43144 6571.5546875
43204 6557.89501953
43264 6548.88232422
43325 6537.81982422
43385 6523.79833984
43686 6461.56591797
43746 6451.54931641
43806 6440.10400391
43866 6424.88085938
43926 6414.99951172
43986 6400.92822266
44046 6389.44482422
44106 6383.16894531
44167 6371.97070312
44227 6362.70410156
44287 6349.37744141
44322 6346.95605469
44358 6336.56201172
44418 6325.65625
44478 6307.28222656
44538 6293.92333984
44598 6286.58007812
44659 6280.71630859
44719 6266.90625
44779 6255.52490234
44839 6247.17529297
44899 6236.49462891
44959 6225.91943359
45019 6213.08740234
45080 6200.03222656
45140 6191.36962891
45200 6180.34179688
45260 6170.92822266
45320 6159.99169922
45380 6149.63378906
45440 6138.44140625
45501 6136.08056641
45561 6122.07714844
45621 6116.66943359
45681 6102.51953125
45741 6096.08349609
46208 6002.56347656
46268 5989.5625
46328 5975.8359375
