0 16881.1992188
195 16638.84375
784 16972.6347656
1000 16822.9433594
1662 16647.8261719
1722 16622.4082031
1782 16602.7363281
1902 16538.9550781
2083 16407.78125
2235 16289.2558594
2596 16102.1699219
2717 16039.3222656
3091 15757.6591797
3151 15744.9619141
3572 15489.0859375
3686 15406.0810547
4100 15621.2392578
4220 15607.5585938
4280 15603.5810547
4521 15461.5703125
4641 15394.7714844
4881 15271.6972656
4942 15242.0878906
5062 15247.6826172
5182 15179.3271484
5242 15150.7646484
5302 15128.015625
5362 15099.4140625
5483 15044.2324219
5603 14978.6796875
5723 14921.1152344
5821 14883.4785156
6062 14827.0546875
6302 14704.8505859
6337 14680.7060547
6373 14666.6357422
6433 14642.7978516
6553 14581.8642578
6613 14561.0654297
6733 14511.1875
6854 14448.2275391
6893 14427.8320312
6993 14438.8955078
7113 14372.9599609
7233 14325.3085938
7268 14304.9570312
7304 14290.0146484
7357 14264.8066406
7410 14236.9335938
7471 14220.1455078
7591 14162.3369141
7651 14136.953125
7711 14106.5810547
7832 14050.4335938
7952 14044.9462891
8012 14029.7529297
8122 13971.1054688
8412 13918.1835938
8472 13892.6201172
8532 13867.2851562
8592 13838.6240234
8652 13815.1699219
8712 13792.1025391
8833 13728.2685547
8953 13727.7382812
9013 13708.5810547
9073 13683.6914062
9133 13661.6318359
9194 13637.0205078
9249 13612.0107422
9305 13589.6513672
9365 13565.5205078
9425 13537.4570312
9486 13517.4599609
9546 13490.4863281
9606 13464.4853516
9652 13447.2304688
9699 13429.3779297
9759 13399.7890625
9819 13379.3652344
9879 13360.3046875
10000 13356.1582031
10060 13339.4482422
10120 13315.6386719
10180 13287.0849609
10240 13264.4541016
10300 13239.3681641
10360 13216.0205078
10421 13194.2333984
10481 13181.5810547
10541 13155.3320312
10661 13095.4150391
10718 13071.4472656
10775 13057.1357422
10835 13035.2900391
10896 13009.2001953
11026 13011.6728516
11087 12981.3261719
11147 12962.6425781
11207 12937.7753906
11267 12916.7119141
11327 12890.8535156
11387 12864.8486328
11447 12841.4238281
11507 12819.3154297
11628 12759.3271484
11688 12739.1044922
11748 12721.1005859
11808 12693.2197266
11868 12665.0029297
11989 12649.5751953
12109 12605.53125
12169 12585.1015625
12204 12571.7773438
12239 12557.9267578
12300 12538.5341797
12360 12513.5527344
12420 12486.0302734
12480 12480.7412109
12540 12452.59375
12600 12428.5693359
12661 12405.2802734
12721 12383.03125
12841 12331.5087891
12901 12316.2080078
12961 12290.890625
13081 12271.0498047
13142 12267.5527344
13202 12246.0722656
13262 12224.53125
13382 12181.1416016
13503 12123.6367188
13563 12099.8857422
13623 12076.8310547
13898 12079.1201172
13958 12054.0185547
14018 12034.5859375
14138 12018.1123047
14198 12017.2382812
14258 11997.5087891
14318 11978.5039062
14379 11957.7988281
14416 11951.7158203
14453 11928.546875
14488 11913.4394531
14524 11904.3554688
14582 11883.4882812
14640 11862.9677734
14689 11844.7802734
14738 11822.109375
14798 11800.1904297
14858 11782.2333984
14918 11762.9287109
14978 11743.4404297
15038 11722.7744141
15099 11699.8818359
15159 11672.5595703
15260 11696.6552734
15302 11678.6992188
15362 11660.984375
15423 11639.3310547
15483 11620.9013672
15543 11597.4931641
15603 11570.5595703
15663 11563.3574219
15723 11535.3037109
15783 11515.9404297
15843 11494.0693359
15904 11472.0527344
15964 11448.9257812
16024 11436.6064453
16084 11413.2011719
16144 11387.5419922
16204 11370.0986328
16264 11351.0341797
16385 11353.6884766
16445 11343.2138672
16505 11314.5722656
16565 11291.0048828
16685 11231.5068359
16745 11226.9013672
16805 11217.7050781
16866 11198.0527344
16926 11175.7529297
16986 11162.3056641
17026 11143.2714844
17067 11126.8759766
17127 11097.9345703
17188 11080.8574219
17248 11062.2998047
17308 11042.0244141
17428 11049.0166016
17488 11029.8935547
17548 11007.0429688
17669 10979.2167969
17729 10960.2851562
17789 10943.0390625
17849 10919.4863281
17909 10897.3867188
17969 10888.1503906
18029 10866.796875
18089 10849.5117188
18150 10830.1728516
18210 10802.6152344
18270 10785.6171875
18330 10764.6699219
18390 10748.4169922
18450 10726.5478516
18510 10725.9121094
18570 10724.1611328
18631 10721.4404297
18691 10704.7978516
18751 10676.9541016
18811 10671.4121094
18871 10642.7158203
18931 10624.5029297
18991 10607.0166016
19033 10593.7675781
19075 10586.59375
19136 10570.8017578
19196 10553.0898438
19256 10528.4599609
19316 10520.6923828
19376 10494.0390625
19436 10469.0429688
19496 10448.171875
19557 10432.203125
19617 10413.3798828
19737 10415.1630859
19797 10388.6376953
19857 10370.2333984
19917 10354.0576172
19977 10336.3876953
20038 10321.3398438
20098 10309.8876953
20158 10291.3222656
20218 10274.3339844
20278 10252.5888672
20338 10234.6699219
20398 10215.0048828
20434 10214.7519531
20469 10201.0283203
20529 10181.1064453
20564 10175.3994141
20599 10159.2792969
20660 10140.8945312
20720 10125.4902344
20840 10117.6669922
20960 10075.5732422
21081 10005.5283203
21141 9997.42089844
21201 9972.58691406
21261 9955.97949219
21321 9947.5078125
21381 9938.10644531
21441 9927.04394531
21502 9912.99511719
21562 9897.86816406
21863 9889.92382812
21923 9875.56640625
21983 9857.91796875
22095 9858.71679688
22146 9851.82910156
22206 9836.04785156
22266 9818.01757812
22326 9801.921875
22387 9782.23339844
22447 9766.16503906
22507 9749.17578125
22567 9737.02441406
22619 9721.26953125
22671 9710.19238281
22732 9691.40136719
22792 9675.921875
22852 9658.125
22912 9638.421875
22972 9623.08203125
23032 9612.54101562
23092 9598.19921875
23152 9577.35742188
23273 9574.28222656
23333 9560.61621094
23393 9534.78808594
23453 9524.40917969
23513 9512.984375
23573 9499.68261719
23634 9482.73925781
23694 9461.05664062
23754 9450.71484375
23814 9437.64160156
23874 9426.00097656
23934 9410.90429688
23995 9395.95800781
24055 9375.33398438
24115 9359.25488281
24175 9343.88476562
24235 9329.79882812
24296 9311.6953125
24416 9321.40722656
24476 9299.82519531
24514 9293.0859375
24552 9280.34765625
24612 9262.32519531
24672 9248.84277344
24708 9238.00390625
24743 9230.09472656
24803 9213.00976562
24863 9199.546875
24924 9184.07910156
24984 9163.33398438
25044 9150.50292969
25104 9132.55273438
25164 9114.22265625
25224 9101.11132812
25285 9084.765625
25345 9066.97460938
25405 9054.28417969
25465 9043.56347656
25525 9023.92578125
25585 9010.82519531
25705 9017.41894531
25766 9000.72070312
25826 8983.86132812
25886 8965.47949219
25946 8947.3984375
26006 8936.56445312
26066 8921.61328125
26126 8902.48144531
26187 8886.03125
26247 8867.63085938
26307 8857.6328125
26367 8842.78320312
26427 8825.77050781
26487 8811.54882812
26547 8798.15820312
26608 8783.85351562
26668 8766.59667969
26728 8749.05957031
26788 8736.12890625
26939 8736.12890625
26999 8720.07910156
27059 8705.83007812
27119 8691.06152344
27179 8673.234375
27239 8655.33789062
27299 8642.38867188
27359 8630.5859375
27420 8613.37597656
27480 8603.01855469
27540 8581.64941406
27600 8565.19238281
27660 8550.52441406
27720 8534.73730469
27780 8517.20507812
27841 8503.65039062
27901 8492.39648438
27961 8476.39257812
28021 8456.09375
28081 8444.06054688
28141 8426.6328125
28262 8435.15917969
28322 8414.015625
28622 8388.08984375
28683 8384.10546875
28923 8977.34960938
28983 8956.77539062
29044 8936.41894531
29104 8919.70214844
29163 8901.14550781
29222 8884.23828125
29262 8874.80566406
29302 8863.40820312
29362 8844.53417969
29422 8828.78515625
29482 8808.61914062
29542 8788.49609375
29602 8768.76171875
29662 8747.30175781
29722 8730.6328125
29783 8716.28417969
29843 8700.59960938
29903 8680.07519531
29963 8665.53320312
30023 8648.17773438
30083 8630.05078125
30143 8610.95019531
30203 8594.11621094
30264 8581.57714844
30324 8565.62304688
30384 8551.03320312
30444 8532.11425781
30504 8517.21582031
30564 8498.85839844
30624 8484.20507812
30685 8463.42285156
30745 8451.62695312
30805 8431.12011719
30865 8413.265625
30925 8395.61230469
30985 8383.97558594
31045 8366.55761719
31105 8353.08203125
31165 8335.98242188
31226 8320.28710938
31286 8305.16796875
31346 8288.78613281
31406 8273.80957031
31466 8258.26074219
31526 8243.32519531
31586 8225.00585938
31647 8213.34863281
31707 8195.91601562
31768 8181.48828125
31828 8164.99902344
31888 8150.68261719
31948 8134.51416016
32008 8116.88183594
32068 8101.03125
32129 8087.03857422
32189 8074.45996094
32249 8057.68017578
32309 8044.07958984
32369 8029.05566406
32429 8012.93652344
32489 7997.99658203
32550 7985.94824219
32610 7972.98046875
32670 7956.53271484
32730 7941.44775391
32790 7929.51220703
32850 7912.90332031
32910 7899.8984375
32971 7887.85253906
33031 7872.16162109
33091 7860.58886719
33151 7847.19921875
33211 7829.06884766
33271 7816.00292969
33332 7802.36376953
33392 7791.08251953
33452 7775.23388672
33512 7764.00292969
33572 7745.41845703
33632 7731.59179688
33692 7717.10058594
33753 7704.74707031
33813 7691.4296875
33874 7676.57226562
33935 7661.90283203
33995 7648.39257812
34055 7634.54589844
34116 7616.15527344
34176 7600.99951172
34236 7588.83300781
34296 7581.23681641
34356 7566.5
34416 7555.06982422
34452 7552.12402344
34488 7541.24755859
34548 7522.43603516
34608 7509.77832031
34668 7492.85693359
34728 7480.36181641
34788 7465.88671875
34848 7454.60253906
34909 7439.80615234
34969 7429.38134766
35029 7414.56787109
35089 7398.8671875
35149 7382.60009766
35210 7367.70605469
35270 7354.24414062
35330 7341.94726562
35390 7327.41503906
35450 7319.09765625
35511 7307.72802734
35571 7291.953125
35631 7277.30419922
35691 7262.03564453
35751 7250.23828125
35809 7235.65136719
35867 7229.96923828
35927 7210.05371094
35987 7204.66748047
36048 7197.57470703
36108 7184.04736328
36168 7168.51513672
36228 7157.24755859
36288 7143.62646484
36348 7133.56982422
36589 7469.96777344
37070 7210.15820312
37130 7194.828125
37190 7184.12255859
37250 7169.35498047
37311 7149.421875
37371 7131.19238281
37431 7117.97558594
37491 7107.29736328
37551 7093.4765625
37611 7076.18945312
37671 7061.71484375
37731 7050.16748047
37792 7035.34277344
37852 7026.04003906
37912 7007.55664062
37972 6990.53369141
38032 6978.83105469
38092 6964.61865234
38153 6951.71337891
38213 6937.55810547
38273 6927.88378906
38333 6915.46972656
38393 6901.35400391
38453 6881.35791016
38514 6868.50195312
38574 6852.79394531
38634 6842.61279297
38694 6829.66650391
38754 6816.87695312
38815 6802.60791016
38875 6785.68359375
38935 6770.06884766
38995 6761.94482422
39055 6748.26123047
39115 6729.11425781
39156 6717.79003906
39197 6708.07128906
39257 6699.16064453
39438 6551.16552734
39498 6542.09716797
39558 6530.79492188
39618 6517.55273438
39678 6500.33251953
39738 6483.54052734
39798 6470.24560547
39858 6461.91455078
39919 6451.57080078
39979 6437.8515625
40039 6425.75195312
40099 6411.40966797
40159 6395.92529297
40220 6384.72705078
40280 6371.55029297
40339 6360.24560547
40398 6349.53662109
40459 6337.04199219
40519 6326.57519531
40556 6318.95849609
40594 6312.06591797
40654 6302.04052734
40715 6288.078125
40775 6271.38232422
40835 6259.51220703
40895 6244.70703125
40955 6231.48242188
41015 6219.36621094
41075 6208.00244141
41136 6198.89355469
41196 6185.82324219
41256 6177.22021484
41316 6163.65869141
41376 6152.02929688
41436 6137.96875
41496 6125.61962891
41556 6118.29052734
41617 6107.08251953
41677 6095.04248047
41737 6079.39355469
41797 6066.75146484
41857 6054.70361328
41917 6044.90820312
41977 6036.47265625
42030 6025.55908203
42082 6011.04443359
42143 6001.28759766
42203 5990.73681641
42263 5977.91845703
42323 5967.77294922
42383 5958.31152344
42443 5946.00048828
42504 5933.30224609
42564 5922.76123047
42624 5910.86230469
42684 5901.09375
42744 5889.40625
42804 5876.03759766
42865 5866.63476562
42925 5857.76416016
42985 5848.64599609
43045 5839.60595703
43105 5826.06884766
43166 5817.61279297
43218 5809.82617188
43271 5795.27783203
43331 5784.82177734
43391 5773.97314453
43452 5762.5625
43512 5752.14160156
43572 5743.50244141
43632 5743.19042969
43692 5735.68115234
43752 5724.92773438
43812 5716.57714844
43872 5705.61767578
43933 5697.39453125
43993 5685.61083984
44053 5675.72167969
44113 5664.12255859
44173 5656.06884766
44233 5646.54980469
44293 5635.56396484
44354 5623.41357422
44414 5614.93896484
44474 5606.9375
44534 5595.66992188
44594 5588.09570312
44654 5580.82910156
44714 5568.03466797
44774 5559.00244141
44835 5549.10498047
44895 5538.26367188
44955 5529.29541016
45015 5522.32666016
45075 5512.91259766
45135 5505.14892578
45195 5488.03710938
45256 5482.11669922
45316 5475.95605469
45376 5469.31689453
45436 5457.62597656
45496 5450.59912109
45556 5436.84375
45616 5425.99609375
45677 5420.17919922
45737 5410.42236328
45797 5402.96240234
45857 5393.73925781
45917 5381.95898438
45977 5375.59130859
46038 5365.88330078
46098 5355.67431641
46158 5345.19970703
46218 5336.12988281
46278 5328.65380859
46338 5317.31347656
46398 5309.99267578
46458 5298.6484375
46519 5290.11181641
46991 5233.9375
47051 5232.01171875
47111 5221.78417969
47171 5213.67382812
47231 5202.90820312
47292 5191.43457031
47352 5184.91699219
47412 5173.12841797
47472 5165.52099609
47532 5157.79296875
