0 17694.578125
44 17672.890625
345 17580.5566406
405 17560.9199219
989 17846.6992188
1050 17833.9082031
1110 17820.9082031
1392 17629.5058594
1435 17628.1953125
1806 17312.3535156
1850 17287.4179688
1895 17269.6757812
1955 17250.3085938
2195 17124.0878906
2376 16965.8027344
2569 16850.5097656
2597 16832.2304688
2635 16803.3417969
2720 16731.8691406
3020 16576.9882812
3214 16408.2695312
3249 16384.7714844
3309 16358.4101562
3550 16180.1220703
3790 16014.3994141
3931 15902.3115234
3991 15879.3896484
4172 15786.2988281
4271 15714.5800781
4588 16172.6582031
4629 16150.1835938
4731 16164.2587891
4852 16106.3974609
4912 16075.8056641
5141 15941.40625
5190 15920.2363281
5310 15867.0722656
5671 15730.0253906
5722 15701.5498047
5773 15674.5009766
5954 15579.8056641
6074 15517.4931641
6134 15495.3095703
6234 15435.1367188
6274 15415.5039062
6395 15351.5146484
6555 15313.8886719
6597 15288.4414062
6640 15268.2470703
6701 15245.9541016
6744 15227.9228516
6785 15218.5302734
6842 15191.5175781
7082 15061.5576172
7304 14933.3339844
7364 14913.6953125
7544 14885.0546875
7665 14813.7929688
7845 14702.3994141
7905 14689.7607422
8026 14633.8867188
8086 14621.7753906
8206 14552.0996094
8266 14528.4287109
8369 14473.3212891
8387 14460.2900391
8422 14444.3027344
8766 14506.4931641
8826 14483.5478516
8886 14461.1269531
8946 14442.9169922
9006 14412.9042969
9066 14384.4824219
9126 14358.7070312
9186 14338.7060547
9232 14314.5810547
9277 14296.9082031
9337 14271.3144531
9518 14256.3681641
9578 14230.7050781
9638 14208.4199219
9698 14186.5849609
9758 14158.7509766
9818 14135.0175781
9879 14107.921875
9999 14058.5117188
10059 14029.3994141
10114 14008.1533203
10169 13986.3554688
10229 13955.9111328
10350 13900.8310547
10470 13892.7011719
10530 13876.1435547
10590 13852.1679688
10650 13836.7148438
10710 13812.4179688
10770 13787.3134766
10831 13763.3671875
10891 13739.6992188
10951 13712.4804688
11011 13687.3457031
11054 13673.2392578
11098 13655.6386719
11158 13639.2050781
11218 13613.8779297
11278 13589.3544922
11338 13560.71875
11398 13532.6464844
11447 13512.9394531
11557 13513.484375
11617 13487.2402344
11677 13467.3251953
11737 13444.3710938
11798 13419.4130859
11858 13400.0429688
11918 13373.6318359
11978 13343.0771484
12038 13324.4726562
12098 13307.6660156
12158 13289.2158203
12219 13266.0761719
12339 13217.5224609
12459 13153.4121094
12700 13129.5517578
12760 13103.5683594
12879 13049.0195312
12939 13021.0263672
12999 12994.5800781
13119 12938.4589844
13180 12917.6884766
13300 12855.4355469
13360 12830.5263672
13420 12803.7353516
13480 12778.3867188
13540 12758.4296875
13661 12766.4189453
13781 12705.2353516
13841 12679.4345703
13901 12650.3974609
14022 12597.5126953
14082 12574.3808594
14120 12553.5253906
14159 12533.6376953
14219 12510.6298828
14339 12455.7226562
14700 12462.3867188
14735 12452.28125
14784 12463.0048828
14844 12458.7080078
14905 12433.3886719
14965 12411.1865234
15025 12391.2988281
15085 12368.2451172
15145 12346.7705078
15205 12326.3144531
15265 12303.8037109
15326 12283.5253906
15386 12262.0097656
15446 12240.8867188
15506 12216.2861328
15566 12191.140625
15626 12166.1552734
15686 12151.1777344
15867 12137.2158203
15927 12107.0703125
15987 12091.3066406
16026 12079.1298828
16064 12064.5039062
16124 12043.5898438
16185 12021.2177734
16245 11999.578125
16305 11981.9785156
16365 11959.1201172
16425 11939.1582031
16486 11925.7060547
16546 11902.8613281
16606 11880.9902344
16666 11858.4355469
16726 11835.4257812
16786 11808.8378906
16846 11790.3027344
16934 11799.5683594
16994 11787.7646484
17055 11763.0039062
17175 11715.0371094
17235 11703.8876953
17295 11683.8613281
17355 11664.7675781
17415 11649.2626953
17476 11631.7041016
17536 11612.3867188
17572 11604.4277344
17608 11586.6298828
17669 11565.0244141
17729 11547.1455078
17789 11529.7207031
17849 11511.65625
17895 11497.8916016
17942 11482.0644531
18062 11485.6201172
18122 11467.8125
18182 11442.2539062
18242 11418.9814453
18302 11397.8085938
18362 11381.0322266
18423 11364.5488281
18483 11343.0869141
18543 11318.3984375
18603 11296.9833984
18663 11281.9570312
18723 11267.5634766
18784 11247.7177734
18844 11237.140625
18904 11217.5927734
18964 11198.1435547
19024 11170.2646484
19084 11153.6074219
19248 11146.6699219
19309 11131.1425781
19369 11113.7685547
19429 11096.3320312
19489 11078.0146484
19549 11050.9589844
19609 11026.5683594
19669 11009.6357422
19730 10993.3408203
19790 10985.875
19850 10972.7880859
19910 10951.7666016
20030 10885.9863281
20090 10866.6972656
20151 10860.7626953
20211 10847.1435547
20331 10834.8535156
20391 10820.7714844
20451 10797.0605469
20512 10784.0976562
20572 10763.5283203
20632 10748.9052734
20692 10731.0527344
20752 10717.5175781
20812 10701.6328125
20872 10677.6923828
20933 10662.9238281
20982 10643.3544922
21031 10633.2402344
21092 10607.8369141
21152 10595.2451172
21212 10578.3974609
21272 10561.6445312
21312 10549.6591797
21352 10542.3330078
21412 10517.8945312
21533 10525.6640625
21593 10507.5263672
21713 10465.5400391
21773 10454.7958984
21833 10442.8271484
21893 10421.4169922
21954 10403.6289062
22014 10390.6943359
22074 10366.6113281
22134 10343.5634766
22194 10332.3144531
22254 10318.5234375
22315 10301.6435547
22375 10280.1425781
22435 10271.8574219
22495 10257.3251953
22546 10240.5673828
22597 10227.8935547
22634 10214.9433594
22731 10216.7001953
22791 10198.9462891
22851 10181.28125
22906 10168.7587891
22961 10150.0019531
23022 10126.6259766
23082 10114.4150391
23142 10099.3349609
23202 10075.3476562
23262 10066.2597656
23322 10052.1494141
23382 10029.4404297
23442 10015.4667969
23502 9989.76367188
23563 9976.87890625
23623 9956.52050781
23683 9945.01074219
23743 9937.50097656
23803 9913.15429688
23924 9917.10351562
24044 9866.81445312
24104 9857.2109375
24164 9840.28320312
24224 9834.06152344
24284 9813.22949219
24345 9802.44140625
24405 9783.51855469
24465 9761.6875
24525 9748.90917969
24585 9725.30078125
24645 9708.4453125
24705 9684.0078125
24804 9671.47558594
24842 9659.15917969
24903 9650.12109375
24963 9638.35253906
25023 9621.40722656
25384 9573.23730469
25444 9558.19433594
25504 9543.37011719
25564 9528.8984375
25624 9509.46582031
25684 9491.34082031
25744 9475.37304688
25805 9458.05273438
25865 9439.57226562
25925 9424.84082031
25985 9410.375
26045 9390.85253906
26105 9371.09277344
26165 9354.73242188
26226 9341.33203125
26286 9328.24707031
26627 9131.82226562
26667 9122.671875
26727 9105.71484375
26779 9092.609375
26830 9080.63671875
26891 9066.24511719
26951 9050.140625
27011 9034.3359375
27071 9015.63085938
27131 9000.38964844
27191 8982.43261719
27251 8970.9375
27312 8949.06738281
27372 8926.90039062
27432 8910.54785156
27492 8898.98046875
27613 8899.11328125
27673 8893.28417969
27733 8877.87304688
27793 8855.85644531
27853 8839.00097656
27913 8826.13476562
27973 8813.91992188
28023 8802.296875
28072 8791.48144531
28132 8778.65820312
28192 8766.12109375
28252 8750.62109375
28312 8738.25
28360 8726.88769531
28408 8712.51074219
28468 8701.65820312
28529 8686.44140625
28589 8673.53222656
28649 8661.06054688
28709 8649.96386719
28829 8636.43945312
28889 8629.10644531
28950 8613.58203125
29010 8598.0234375
29070 8584.00292969
29130 8568.26074219
29190 8553.19824219
29250 8540.08984375
29310 8526.56542969
29370 8510.16503906
29431 8496.32226562
29491 8480.72851562
29551 8469.72265625
29611 8453.00195312
29671 8438.61425781
29731 8427.04003906
29792 8412.04589844
29852 8398.49023438
29912 8376.8984375
29972 8357.95605469
30333 8344.76171875
30393 8331.20410156
30584 8926.3828125
30644 8909.0703125
30704 8893.0078125
30764 8873.27246094
30824 8855.48046875
30885 8835.93847656
30945 8818.45117188
31125 8634.55371094
31185 8620.24707031
31245 8602.13964844
31306 8583.42285156
31366 8569.8203125
31426 8551.95996094
31486 8537.23242188
31546 8518.93945312
31606 8500.31933594
31666 8481.21289062
31727 8464.91210938
31787 8446.88476562
31847 8429.25195312
31907 8410.36035156
31967 8383.17285156
32027 8368.95898438
32087 8356.70605469
32147 8350.38378906
32208 8333.53515625
32268 8319.91796875
32328 8296.20605469
32388 8278.33984375
32448 8259.56933594
32508 8248.12207031
32549 8237.47265625
32591 8223.90039062
32651 8207.70703125
32711 8187.83105469
32771 8170.77099609
32832 8153.09179688
32892 8136.78808594
32952 8117.27148438
33012 8092.39794922
33072 8076.58203125
33132 8070.40673828
33252 8044.72851562
33313 8034.85644531
33373 8019.47558594
33433 8002.94726562
33493 7986.80566406
33553 7965.01757812
33613 7949.06396484
33673 7933.0546875
33734 7916.66064453
33794 7898.24365234
33854 7886.51123047
33914 7873.45507812
33974 7860.09814453
34034 7841.13818359
34095 7828.66601562
34155 7813.08154297
34215 7797.70605469
34275 7779.86083984
34321 7768.44677734
34367 7755.37695312
34427 7738.16796875
34462 7725.05566406
34498 7718.88330078
34539 7708.15820312
34580 7697.25097656
34641 7681.75
34701 7670.33203125
34761 7654.31835938
34821 7642.25097656
34881 7629.1875
34941 7613.95751953
35002 7599.65673828
35062 7582.88720703
35122 7566.82470703
35182 7544.30810547
35242 7536.11572266
35302 7519.37792969
35362 7496.94628906
35422 7487.97021484
35483 7481.41259766
35856 7842.60644531
35916 7822.78222656
35976 7805.60791016
36037 7788.43652344
36097 7769.34912109
36157 7751.00878906
36217 7732.97900391
36277 7715.03857422
36337 7701.00683594
36397 7684.24023438
36458 7668.83789062
36518 7651.7890625
36578 7639.96044922
36638 7621.31445312
36698 7602.88134766
36758 7588.86914062
36818 7573.82226562
36878 7556.64892578
36939 7541.69482422
36999 7525.66992188
37059 7507.62109375
37119 7491.48535156
37179 7473.58154297
37239 7456.88476562
37299 7440.53564453
37360 7426.4921875
37420 7411.3828125
37480 7397.26513672
37540 7380.74169922
37600 7360.10498047
37660 7342.8125
37721 7331.53369141
37781 7317.53515625
37841 7305.31738281
37901 7288.88720703
37952 7274.16796875
38003 7269.27587891
38063 7253.29150391
38123 7236.01855469
38183 7225.6328125
38243 7210.88232422
38303 7197.203125
38363 7181.69433594
38424 7166.61083984
38483 7153.52636719
38542 7134.92480469
38602 7117.34570312
38662 7104.8203125
38722 7093.68798828
38782 7076.62988281
38842 7063.85058594
38903 7054.79882812
38963 7039.62060547
39023 7026.86816406
39083 7012.34863281
39143 6995.359375
39203 6980.79345703
39264 6967.61962891
39324 6953.90722656
39384 6941.18603516
39444 6929.93847656
39504 6917.12988281
39565 6902.0
39625 6891.0546875
39685 6872.95019531
39745 6858.00927734
39805 6847.83251953
39866 6834.50488281
39926 6818.921875
39986 6807.33740234
40046 6790.05859375
40092 6780.02099609
40138 6773.66699219
40198 6762.37060547
40258 6750.64208984
40319 6736.27392578
40379 6719.73095703
40439 6708.16259766
40499 6692.37890625
40559 6681.36523438
40619 6668.35888672
40679 6653.76464844
40740 6640.42138672
40800 6626.01904297
40860 6615.97998047
40920 6604.93896484
40980 6589.21386719
41040 6575.78076172
41101 6564.87207031
41161 6553.4140625
41221 6539.91845703
41281 6526.78369141
41341 6513.22607422
41402 6502.6328125
41462 6488.49853516
41522 6476.76855469
41582 6464.94238281
41642 6451.98583984
41702 6440.63232422
41762 6428.22558594
41823 6417.70849609
41883 6402.31494141
41943 6391.95800781
42003 6380.50195312
42063 6369.82763672
42123 6359.79638672
42183 6348.07910156
42244 6336.27978516
42304 6326.40429688
42344 6315.96191406
42385 6306.3046875
42445 6296.80517578
42506 6286.32226562
42566 6274.07080078
42626 6262.515625
42686 6249.44921875
42746 6239.29443359
42806 6227.82080078
42866 6214.89257812
42926 6202.55126953
42987 6195.61328125
43047 6179.88134766
43107 6169.88427734
43167 6158.99121094
43227 6142.51171875
43287 6129.62841797
43347 6116.41210938
43408 6113.00585938
43468 6105.03320312
43528 6093.82128906
43588 6085.69726562
43648 6073.47460938
43708 6063.71386719
43768 6055.73291016
43829 6045.62158203
43889 6035.546875
43949 6022.68212891
44009 6014.12548828
44069 6001.84472656
44129 5992.40917969
44189 5978.28759766
44250 5969.1640625
44310 5961.25439453
44370 5950.55419922
44430 5939.20068359
44490 5928.38525391
44550 5918.27197266
44610 5906.05371094
44671 5895.29394531
44731 5882.69970703
44791 5872.30957031
44851 5861.89599609
45377 5794.26953125
45437 5780.19482422
45497 5763.91455078
45557 5758.74853516
45617 5741.32568359
45678 5731.97363281
45738 5719.82568359
45798 5707.60302734
45858 5698.72070312
45918 5686.23681641
45978 5671.07421875
46038 5657.62939453
46099 5646.60644531
