0 18182.7324219
327 17946.2597656
842 17899.2734375
963 17857.8300781
1023 17833.4433594
1592 17365.6777344
1629 17344.8769531
1689 17339.6191406
2050 17052.5957031
2823 16979.1230469
3184 16761.9980469
3364 16731.609375
3705 16520.2890625
3746 16492.3769531
3861 16416.6445312
4212 16233.2636719
4494 16079.9658203
4517 16059.3671875
4536 16048.6113281
4573 16028.078125
4609 16003.5048828
4646 15988.9990234
4767 15918.8535156
4802 15910.8691406
4837 15885.125
5138 15772.4355469
5258 15715.1337891
5439 15614.8916016
5619 15511.0458984
5779 15417.8837891
5926 15320.4521484
6032 15340.7304688
6272 15184.25
6867 15184.8476562
6927 15157.0742188
7048 15152.3203125
7108 15130.0185547
7228 15072.8984375
7288 15050.1416016
7348 15027.0029297
7408 14998.9306641
7469 14974.5253906
7508 14945.9326172
7548 14929.1757812
7668 14876.5419922
7728 14853.4023438
7788 14831.2695312
7969 14794.1699219
8029 14784.8076172
8149 14724.9257812
8209 14699.2353516
8269 14672.5703125
8329 14652.5029297
8389 14630.15625
8510 14580.1855469
8570 14552.8076172
8746 14469.6279297
8803 14449.2939453
8863 14427.9160156
8923 14403.9511719
9043 14403.3369141
9163 14345.3837891
9224 14330.5654297
9464 14229.703125
9584 14176.4277344
9705 14112.1396484
9825 14066.4238281
9945 14022.3642578
10083 14019.7744141
10203 13963.1132812
10324 13908.9667969
10384 13886.1933594
10504 13842.6210938
10564 13814.7382812
10624 13786.90625
10685 13759.3984375
10745 13758.1318359
10865 13702.6298828
10925 13684.046875
10985 13663.1669922
11462 13564.5537109
11522 13536.3173828
11586 13515.6191406
11627 13498.1933594
11687 13469.6923828
11747 13443.9970703
11785 13437.3603516
11822 13419.6748047
11882 13401.8720703
11927 13380.5595703
11971 13364.9101562
12151 13330.5908203
12212 13308.2470703
12272 13295.0195312
12392 13239.9697266
12452 13212.5322266
12512 13193.3554688
12572 13168.7324219
12612 13155.6005859
12651 13138.5244141
12712 13114.6582031
12832 13061.5927734
12877 13040.2304688
12923 13020.3476562
12983 13003.3642578
13043 12974.6777344
13103 12950.0371094
13284 12941.0292969
13404 12886.3017578
13464 12860.1113281
13524 12832.4082031
13584 12811.9824219
13645 12797.015625
13705 12768.8652344
13825 12720.7978516
13885 12701.0498047
13945 12692.9472656
14005 12674.4462891
14064 12654.6357422
14123 12631.4443359
14184 12613.5595703
14244 12596.2226562
14346 12588.4003906
14406 12570.9912109
14466 12546.0976562
14526 12528.390625
14586 12501.0947266
14646 12480.1220703
14707 12463.2949219
14767 12440.9189453
14887 12385.5996094
14947 12370.5214844
15006 12363.4091797
15065 12345.4169922
15125 12328.7363281
15245 12298.5048828
15366 12239.1826172
15486 12249.8466797
15547 12229.9072266
15607 12213.2226562
15727 12160.6132812
15787 12142.2597656
15847 12120.4619141
15907 12102.8300781
15967 12084.4902344
16003 12071.2255859
16038 12060.5341797
16098 12042.9296875
16158 12025.9013672
16219 12001.2822266
16279 11978.4492188
16339 11959.3066406
16399 11946.4140625
16459 11924.0429688
16580 11933.9697266
16640 11916.6347656
16700 11889.5576172
16760 11866.1367188
16880 11829.5175781
16940 11811.7939453
17001 11804.0107422
17061 11788.6728516
17121 11770.2402344
17181 11754.6953125
17241 11737.6972656
17482 11650.7939453
17542 11634.671875
17602 11614.7558594
17913 11625.4589844
17974 11608.2714844
18034 11586.2412109
18094 11564.1640625
18154 11550.8867188
18214 11531.5234375
18274 11508.7861328
18334 11490.1767578
18394 11478.2255859
18455 11459.8271484
18515 11443.0136719
18575 11423.1708984
18635 11404.5869141
18695 11388.4833984
18755 11370.5439453
18815 11347.4921875
18936 11348.9296875
18996 11331.2001953
19056 11314.1240234
19116 11301.7080078
19176 11280.4179688
19236 11261.6152344
19296 11243.1455078
19356 11229.3847656
19417 11209.3378906
19477 11189.4765625
19537 11172.3730469
19597 11154.671875
19657 11138.0761719
19692 11132.9443359
19728 11118.1416016
19788 11096.796875
19848 11079.7861328
19908 11060.7392578
19968 11043.0791016
20028 11026.6748047
20149 11034.0117188
20209 11015.4101562
20269 10994.8925781
20329 10976.5224609
20389 10956.8613281
20427 10947.4912109
20464 10934.4082031
20524 10913.8779297
20584 10900.1748047
20645 10884.625
20705 10866.0800781
20765 10850.9941406
20825 10832.0898438
20885 10818.0351562
20945 10795.3681641
21005 10776.8310547
21065 10764.3642578
21126 10749.2724609
21186 10729.578125
21306 10721.6904297
21366 10704.8105469
21426 10680.7265625
21486 10670.9853516
21546 10653.8271484
21597 10637.0625
21647 10621.1923828
21707 10605.0683594
21767 10585.7255859
21828 10570.0410156
21888 10557.9179688
21948 10539.6132812
22008 10526.4091797
22068 10512.5859375
22128 10490.8349609
22189 10478.4501953
22249 10451.9199219
22309 10443.4052734
22369 10433.7705078
22429 10418.9619141
22549 10420.0332031
22610 10393.0820312
22670 10378.8613281
22730 10355.9960938
22790 10344.4716797
22850 10331.5556641
23211 10247.7695312
23271 10235.9287109
23331 10216.40625
23391 10200.0888672
23452 10186.0449219
23500 10169.9335938
23549 10154.6103516
23609 10137.5673828
23790 10131.3183594
23889 10107.4619141
23929 10096.5253906
23989 10076.8066406
24049 10060.4267578
24109 10041.2871094
24169 10020.171875
24229 10009.2207031
24290 9997.58203125
24350 9981.46386719
24410 9970.29003906
24470 9954.31542969
24530 9941.40917969
24590 9925.46875
24650 9912.1015625
24711 9894.12988281
24771 9876.29785156
24831 9856.78027344
24951 9845.16796875
25012 9840.55664062
25072 9827.36621094
25132 9807.35351562
25192 9789.22558594
25252 9766.8203125
25312 9756.69433594
25372 9744.25195312
25432 9731.47558594
25493 9719.65332031
25553 9698.90820312
25601 9683.38769531
25649 9671.05761719
25710 9652.42285156
25770 9629.55566406
25830 9619.78222656
25890 9602.41894531
25950 9589.625
26010 9575.55859375
26070 9558.0078125
26131 9536.96484375
26311 9530.92480469
26371 9513.15527344
26431 9494.61621094
26491 9483.12207031
26792 9253.65722656
26852 9241.33496094
26912 9223.98339844
26972 9206.46679688
27019 9198.23828125
27067 9186.52636719
27127 9167.74414062
27187 9151.29394531
27247 9143.26464844
27307 9126.97851562
27367 9106.50683594
27428 9092.7421875
27548 9099.45800781
27608 9081.28808594
27668 9062.74023438
27728 9048.46484375
27789 9034.3125
27849 9020.62402344
27909 9010.5703125
27969 8993.52734375
28029 8978.83398438
28149 8958.31640625
28209 8935.59960938
28270 8918.39550781
28330 8904.95214844
28390 8891.55957031
28450 8876.74902344
28751 8862.25195312
28871 8859.77441406
28931 8848.65039062
28991 8828.05761719
29051 8817.65722656
29112 8807.24707031
29172 8793.01757812
29232 8782.34765625
29292 8768.44726562
29352 8742.19921875
29412 8726.33300781
29448 8718.40820312
29483 8711.1015625
29543 8692.57421875
29603 8682.15625
29664 8668.50097656
29724 8653.25195312
29784 8641.46386719
29844 8629.10742188
29904 8617.73535156
29964 8604.99804688
30024 8586.25390625
30145 8592.25390625
30205 8577.67773438
30265 8565.64453125
30325 8550.09472656
30385 8543.18359375
30446 8522.30371094
30506 8511.92089844
30566 8495.90039062
30626 8485.546875
30686 8479.02832031
30746 8465.890625
30806 8450.08007812
30867 8436.7421875
30927 8423.92675781
30987 8409.84667969
31047 8389.72265625
31107 8384.47753906
31167 8368.80957031
31228 8357.19042969
31288 8347.05664062
31348 8335.02832031
31408 8320.68066406
31864 8149.7734375
31900 8143.94628906
32140 8709.48046875
32200 8690.83007812
32260 8672.67382812
32321 8651.31054688
32381 8633.98828125
32441 8619.1015625
32501 8605.70703125
32561 8586.39941406
32621 8567.53320312
32681 8553.44140625
32742 8542.90527344
32802 8523.68359375
32862 8510.27636719
32922 8494.59667969
32982 8475.32617188
33042 8457.03125
33102 8444.83105469
33163 8431.61230469
33223 8416.40234375
33283 8396.19726562
33343 8379.01855469
33403 8361.71777344
33463 8344.71679688
33523 8326.73828125
33584 8312.36230469
33644 8297.8515625
33704 8278.92675781
33764 8259.63085938
33825 8251.56640625
33885 8235.87695312
33945 8222.34960938
34005 8207.28515625
34065 8191.2265625
34125 8178.16064453
34186 8165.13525391
34239 8147.62109375
34292 8137.66650391
34352 8117.05810547
34412 8106.16601562
34472 8093.54931641
34532 8081.36572266
34593 8062.56103516
34653 8046.03759766
34713 8033.06347656
34773 8019.03320312
34833 8008.16992188
34894 7993.16259766
34954 7975.57128906
35014 7956.328125
35074 7941.76464844
35134 7929.04248047
35194 7917.33984375
35254 7904.74267578
35314 7888.56640625
35358 7880.26367188
35402 7869.25878906
35462 7856.09423828
35522 7845.00341797
35582 7823.51757812
35642 7808.77685547
35703 7798.31201172
35763 7785.39550781
35823 7772.09472656
35858 7759.88769531
35893 7755.71044922
36134 8111.86035156
36194 8095.02392578
36255 8075.89501953
36315 8061.47705078
36375 8046.74169922
36435 8027.6640625
36495 8013.5703125
36555 7995.89941406
36591 7982.62353516
36601 7980.59082031
36637 7971.62695312
36697 7954.12841797
36757 7936.01855469
36818 7922.70117188
36878 7903.86865234
36938 7889.43359375
36998 7872.92626953
37058 7858.44726562
37118 7840.76904297
37178 7826.50830078
37238 7805.43310547
37299 7783.55664062
37359 7770.60498047
37419 7759.2421875
37479 7743.04101562
37539 7724.83007812
37599 7709.24951172
37659 7697.43554688
37720 7681.80859375
37780 7667.2421875
37840 7650.62988281
37900 7632.94238281
37960 7616.83398438
38020 7601.48925781
38080 7586.14208984
38140 7566.55224609
38190 7552.72216797
38239 7541.26708984
38299 7530.35546875
38359 7519.04785156
38419 7506.78417969
38477 7490.87646484
38535 7475.47216797
38596 7461.453125
38656 7442.52880859
38716 7432.70410156
38776 7413.33056641
38836 7397.07714844
38888 7384.48388672
38939 7374.20410156
38999 7360.73242188
39059 7344.98486328
39119 7327.26367188
39180 7314.67822266
39240 7300.85351562
39300 7288.14453125
39339 7276.79980469
39379 7269.24707031
39439 7244.40136719
39499 7240.43017578
39559 7226.11328125
39619 7213.60839844
39679 7198.39599609
39740 7185.53564453
39800 7174.29931641
39860 7161.24755859
39920 7147.10498047
39980 7130.33691406
40040 7118.82958984
40100 7103.75341797
40160 7087.08642578
40221 7074.25390625
40281 7062.17431641
40341 7050.41894531
40401 7039.67333984
40461 7027.63232422
40521 7014.95458984
40582 6996.17480469
40642 6982.22265625
40702 6968.72070312
40762 6952.34326172
40822 6946.69238281
40882 6933.45019531
40942 6920.45361328
41003 6906.82666016
41338 6838.89306641
41398 6822.60400391
41458 6811.71972656
41518 6800.39599609
41568 6790.58349609
41618 6779.78759766
41679 6768.08251953
41739 6754.35205078
41799 6740.85205078
41859 6725.95068359
41919 6715.09326172
41979 6704.36621094
42040 6691.37890625
42100 6677.32666016
42160 6663.88232422
42200 6654.67480469
42241 6645.94042969
42301 6635.28808594
42361 6619.14550781
42421 6608.09667969
42481 6597.26757812
42542 6587.13623047
42602 6573.97216797
43058 6526.21191406
43118 6518.00683594
43178 6506.46337891
43239 6504.92822266
43299 6491.15625
43359 6480.33056641
43419 6471.59619141
43479 6462.046875
43539 6453.12792969
43600 6443.45605469
43660 6432.67919922
43720 6424.85400391
43780 6415.49853516
43840 6403.19775391
43900 6392.33349609
43960 6382.19726562
44020 6373.95605469
44081 6365.40917969
44141 6355.18212891
44201 6345.09570312
44261 6332.94580078
44321 6322.16894531
44356 6313.703125
44392 6310.22900391
44452 6300.85253906
44512 6292.39306641
44572 6278.76904297
44632 6268.29589844
44693 6254.67431641
44753 6232.46191406
44813 6213.04443359
44873 6199.4609375
44933 6186.43798828
44993 6173.10253906
45053 6159.85595703
45113 6151.29638672
45174 6142.34863281
45234 6131.76464844
