0 17203.2871094
251 17267.4824219
1485 17539.4628906
1666 17389.7070312
1825 17333.0253906
1866 17309.34375
2082 17143.3984375
2097 17125.0917969
2111 17108.5878906
2146 17088.1582031
2207 17048.1210938
2267 17006.2363281
2327 16964.828125
2372 16931.4648438
2455 16890.7675781
2515 16851.0546875
2575 16836.6972656
2635 16816.1308594
2696 16803.5917969
2756 16762.9511719
2936 16623.7695312
2996 16596.5722656
3056 16566.3027344
3092 16543.9667969
3128 16521.4492188
3188 16482.296875
3246 16448.5957031
3279 16426.3457031
3314 16409.2988281
3374 16368.9736328
3462 16369.8564453
3582 16295.7402344
3643 16268.7011719
3703 16229.7744141
3745 16213.5380859
3781 16193.2949219
3837 16158.6835938
4198 16258.0283203
4258 16219.28125
4378 16226.1064453
4439 16187.8398438
4499 16148.125
4559 16106.3408203
4619 16074.8310547
4679 16045.1240234
4739 16021.7539062
4799 15991.1552734
4859 15960.7880859
4902 15947.9931641
4944 15924.3427734
5004 15892.0253906
5064 15857.3066406
5124 15824.4560547
5305 15791.1337891
5425 15717.3076172
5485 15684.9736328
5545 15658.2685547
5606 15629.7548828
5666 15604.4003906
5726 15565.4785156
5786 15539.4951172
5846 15524.7880859
5906 15487.8652344
5953 15473.2138672
5999 15447.0507812
6037 15428.9951172
6074 15409.6269531
6194 15422.7646484
6254 15384.8886719
6314 15355.7060547
6374 15327.7910156
6434 15299.1503906
6494 15272.3769531
6555 15253.1210938
6615 15216.4931641
6675 15193.9550781
6735 15160.3515625
6795 15137.3066406
6855 15105.0800781
6915 15084.3388672
6953 15061.78125
6991 15033.7177734
7051 15009.8945312
7158 14997.4726562
7218 14976.9550781
7278 14948.1347656
7338 14925.4970703
7398 14891.8505859
7458 14867.1240234
7519 14838.3476562
7879 14727.2001953
7939 14696.2470703
8000 14664.3945312
8060 14653.4853516
8120 14628.0322266
8240 14622.0810547
8300 14598.90625
8360 14572.1757812
8420 14542.5869141
8480 14512.5576172
8524 14492.4257812
8567 14479.6025391
8628 14458.9873047
8688 14429.0888672
8748 14402.2861328
8808 14381.9521484
8868 14356.3476562
8928 14327.9179688
8989 14297.4345703
9049 14272.0927734
9204 14265.3515625
9239 14244.0751953
9276 14228.4560547
9313 14218.2695312
9373 14193.1064453
9433 14171.4199219
9494 14145.5488281
9554 14125.0019531
9614 14090.8300781
9674 14061.5351562
9734 14034.1542969
9770 14026.3642578
9805 14005.2607422
9866 13978.1875
9926 13952.9580078
9986 13931.3027344
10047 13899.3574219
10107 13876.8466797
10227 13851.4228516
10287 13847.1621094
10347 13823.1328125
10407 13815.0283203
10467 13786.4609375
10528 13763.6191406
10588 13739.5292969
10648 13718.6572266
10708 13703.5234375
10768 13683.0488281
10828 13661.6269531
10888 13638.4267578
10949 13613.1044922
11009 13588.5654297
11069 13565.7646484
11129 13544.4316406
11171 13531.7978516
11212 13518.1328125
11273 13488.7802734
11393 13493.0185547
11453 13468.2421875
11513 13446.1728516
11573 13421.3242188
11633 13401.4570312
11694 13379.3789062
11754 13360.703125
11814 13338.7792969
11874 13317.9140625
11934 13292.3222656
11994 13274.3994141
12054 13249.2998047
12115 13220.4472656
12150 13201.296875
12170 13195.7587891
12215 13184.2050781
12275 13162.1542969
12335 13141.0380859
12455 13138.625
12516 13130.8251953
12876 12996.3574219
12936 12974.2890625
12996 12946.2578125
13044 12930.1474609
13067 12925.3710938
13089 12917.5107422
13137 12893.2919922
13197 12874.2958984
13257 12852.0537109
13317 12831.5654297
13377 12805.3046875
13437 12794.9599609
13498 12771.8085938
13618 12772.9707031
13678 12754.4882812
13738 12736.2431641
13798 12710.1708984
13858 12688.015625
13919 12663.6757812
13979 12636.3769531
14039 12617.5283203
14099 12592.6689453
14156 12570.984375
14214 12551.3876953
14274 12530.2529297
14334 12504.2421875
14376 12495.7021484
14418 12475.2705078
14479 12457.8623047
14539 12440.7578125
14575 12429.8916016
14612 12413.8300781
14672 12397.3398438
14792 12395.3144531
14852 12372.1347656
14912 12356.0078125
14973 12337.6035156
15033 12317.0253906
15093 12295.9794922
15153 12276.0869141
15190 12268.9482422
15227 12253.2421875
15287 12231.3271484
15347 12211.9511719
15407 12187.3115234
15467 12168.5810547
15527 12147.4785156
15588 12130.4755859
15648 12110.6494141
15686 12102.2041016
15725 12085.5820312
15785 12065.0878906
15905 12064.2089844
15965 12048.7519531
16025 12027.7080078
16086 12006.3632812
16146 11986.0205078
16206 11962.9951172
16266 11945.9931641
16326 11929.6542969
16386 11908.1386719
16446 11880.8945312
16506 11869.3964844
16567 11853.0244141
16627 11827.9433594
16687 11811.0039062
16747 11789.4355469
16807 11771.640625
16867 11742.1816406
16927 11721.8525391
17048 11731.6064453
17108 11713.6171875
17168 11694.4667969
17209 11677.5810547
17250 11666.2246094
17311 11645.5488281
17371 11634.5703125
17425 11614.8632812
17480 11598.2675781
17540 11582.3261719
17600 11553.8701172
17660 11529.2675781
17720 11512.6220703
17781 11497.5595703
17841 11483.65625
17901 11466.1503906
17961 11440.3613281
18021 11423.2958984
18081 11407.0664062
18141 11389.8115234
18262 11389.4619141
18322 11369.7929688
18382 11349.1035156
18432 11333.0283203
18482 11313.8623047
18543 11298.4394531
18603 11273.0556641
18663 11264.9707031
18723 11237.2314453
18784 11220.4423828
18844 11207.015625
18904 11187.7285156
18964 11170.9453125
19024 11154.6494141
19059 11144.6015625
19095 11134.1152344
19155 11119.0419922
19215 11096.4267578
19275 11071.6064453
19335 11061.3320312
19395 11046.1484375
19516 11045.8359375
19576 11026.5517578
19636 11011.2382812
19696 10987.5107422
19756 10977.6894531
19817 10960.9326172
19877 10938.5429688
19937 10918.9257812
19997 10893.2099609
20057 10880.9511719
20117 10872.4951172
20177 10850.7958984
20298 10806.3837891
20358 10777.9628906
20418 10773.2285156
20478 10756.4248047
20538 10735.5654297
20598 10715.9072266
20719 10716.5507812
20779 10705.2382812
20839 10681.6044922
20899 10663.2529297
20959 10645.7138672
21007 10633.53125
21056 10611.1318359
21116 10605.4042969
21176 10586.3857422
21236 10569.8798828
21297 10558.5986328
21357 10547.7597656
21417 10533.6240234
21477 10512.7832031
21537 10489.7666016
21597 10475.7861328
21658 10457.4667969
21718 10441.0019531
21778 10424.7148438
21923 10428.5673828
22043 10366.2617188
22103 10346.7832031
22163 10321.828125
22224 10311.7226562
22284 10293.6777344
22344 10274.6679688
22404 10253.2568359
22464 10249.9394531
22524 10235.9638672
22584 10221.0732422
22644 10207.5126953
22705 10185.9267578
22748 10171.7734375
22791 10158.5986328
22851 10146.7724609
22912 10133.7763672
22972 10118.5224609
23032 10101.015625
23092 10087.8007812
23152 10078.0117188
23273 10078.5869141
23333 10058.7958984
23393 10040.4511719
23453 10017.8525391
23513 10011.7871094
23573 9993.17773438
23633 9973.23925781
23694 9965.73144531
23754 9942.66113281
23814 9934.67382812
23874 9921.65527344
23934 9904.92675781
23994 9893.03515625
24055 9874.54101562
24115 9868.44433594
24175 9845.44824219
24235 9837.97851562
24295 9828.01464844
24355 9807.32910156
24415 9783.82519531
24776 9793.92285156
24836 9774.89648438
24896 9762.77734375
24957 9746.87207031
25017 9730.3359375
25077 9717.03222656
25137 9698.07714844
25196 9685.38476562
25256 9674.95410156
25316 9660.125
25377 9643.5859375
25437 9627.9296875
25497 9615.38769531
25557 9600.875
25617 9582.91210938
25678 9561.93164062
25738 9550.953125
25858 9553.28417969
25918 9539.49511719
25978 9522.91796875
26038 9509.40820312
26099 9497.24414062
26159 9482.66796875
26219 9467.77832031
26279 9450.87988281
26339 9441.16992188
26399 9424.16503906
26459 9410.43164062
26520 9396.6875
26820 9044.75195312
26880 9038.99902344
26940 9024.984375
27001 9012.84082031
27055 9005.45410156
27171 9005.703125
27231 8997.77636719
27284 8980.56054688
27338 8967.9609375
27398 8955.62207031
27458 8944.47949219
27519 8931.40917969
27579 8916.51953125
27639 8908.05859375
27699 8890.34082031
27759 8875.47070312
27819 8859.93359375
27880 8847.8046875
27940 8826.32617188
28000 8810.89355469
28060 8800.96484375
28120 8791.34277344
28180 8777.27246094
28240 8764.75292969
28301 8751.1640625
28361 8741.38085938
28473 8745.09960938
28534 8725.55078125
28594 8711.67480469
28654 8691.28808594
28714 8675.25097656
28774 8668.86914062
28834 8659.65332031
28894 8654.89746094
28955 8629.50195312
29015 8617.10742188
29075 8601.93554688
29135 8584.53417969
29195 8575.49414062
29255 8564.66210938
29315 8552.6015625
29376 8538.26074219
29436 8534.25
29482 8518.11816406
29528 8510.71875
29588 8499.08789062
29649 8485.015625
29709 8472.49023438
29829 8471.48046875
29889 8451.13867188
29949 8442.12402344
30009 8432.65722656
30069 8423.57421875
30130 8409.66015625
30190 8400.48632812
30250 8389.97558594
30310 8373.48144531
30370 8358.34960938
30430 8340.3671875
30490 8325.26367188
30551 8312.52734375
30611 8305.49707031
30671 8289.66894531
30731 8275.87792969
30791 8263.24023438
30827 8261.78417969
30862 8250.63085938
30922 8240.43652344
30982 8230.79492188
31043 8218.63085938
31163 8219.10449219
31223 8202.95214844
31283 8190.13867188
31344 8166.27490234
31885 8705.63964844
31945 8688.94335938
32005 8671.85351562
32065 8653.37207031
32125 8639.22363281
32185 8619.60253906
32246 8605.44140625
32306 8587.83203125
32366 8575.53417969
32426 8557.17773438
32486 8544.1328125
32546 8527.72167969
32606 8511.27636719
32667 8494.94824219
32727 8480.52441406
32787 8462.50585938
32847 8446.64453125
32907 8431.10058594
32967 8416.24804688
33027 8395.45800781
33087 8382.05175781
33148 8368.55078125
33208 8354.71191406
33268 8340.65917969
33328 8331.15722656
33388 8316.28515625
33448 8299.45214844
33508 8283.77636719
33568 8270.67578125
33629 8256.078125
33689 8238.00195312
33739 8230.54394531
33789 8216.26953125
33834 8205.25
33866 8198.46972656
33914 8188.57226562
33951 8181.41064453
33989 8170.11132812
34049 8156.62646484
34109 8141.0390625
34169 8125.89794922
34229 8112.82324219
34289 8091.74560547
34349 8076.39746094
34410 8069.71435547
34470 8059.45751953
34530 8042.82080078
34590 8025.65820312
34651 8009.22705078
34711 7997.01416016
34771 7984.70166016
34831 7971.33496094
34891 7956.61230469
34951 7943.875
35011 7930.09179688
35072 7915.71777344
35132 7901.84375
35192 7887.51855469
35252 7870.84326172
35312 7857.76611328
35372 7843.37255859
35432 7829.21679688
35492 7816.24121094
35553 7804.82324219
35611 7790.50927734
35670 7776.12109375
35731 7766.82275391
35791 7754.17041016
35851 7741.57763672
35911 7731.4453125
35971 7718.91699219
36031 7703.65429688
36091 7691.91064453
36152 7676.38134766
36212 7661.43701172
36272 7648.69189453
36332 7634.76318359
36392 7623.05273438
36452 7611.13330078
36512 7598.71875
36572 7585.85888672
36633 7570.27636719
36693 7558.34375
36753 7545.38623047
36813 7529.38476562
36873 7515.99121094
36933 7500.83886719
36993 7486.04882812
37053 7471.53076172
37113 7459.54052734
37174 7450.78613281
37234 7436.59912109
37294 7424.77978516
37354 7409.921875
37414 7399.10986328
37474 7387.15039062
37534 7375.12011719
37595 7360.53759766
37655 7347.23339844
37715 7331.70117188
37775 7323.37451172
37835 7311.46337891
37895 7298.70458984
37966 7289.13134766
38026 7274.20019531
38086 7265.57373047
38146 7252.39599609
38207 7235.06787109
38267 7223.96923828
38327 7213.42138672
38387 7204.73144531
38447 7195.16015625
38507 7183.39404297
38567 7171.01904297
38628 7159.94482422
38688 7151.76611328
38748 7136.62744141
38808 7123.59082031
38868 7111.07861328
38928 7100.99023438
38988 7088.82177734
39048 7079.19775391
39109 7065.14941406
39169 7055.56640625
39229 7045.72753906
39289 7028.27441406
39341 7020.43798828
39393 7014.16064453
39454 7005.20654297
39514 6994.19970703
39574 6983.25292969
39634 6970.36328125
39694 6958.18261719
39754 6946.26660156
39815 6929.30078125
39875 6914.76611328
39935 6908.77832031
39995 6898.75732422
40055 6888.30224609
40115 6881.73876953
40176 6871.43359375
40236 6853.82275391
40296 6840.29541016
40356 6836.49267578
40416 6825.45898438
40476 6818.01367188
40536 6805.45751953
40571 6800.38574219
40607 6792.92089844
40667 6781.64550781
40727 6769.85009766
40787 6758.52294922
41376 6925.81347656
41437 6922.14111328
41497 6907.79833984
41557 6895.25341797
41617 6887.06201172
41677 6873.27685547
41737 6860.03662109
41797 6849.43164062
41857 6834.70703125
41918 6822.22509766
41978 6808.046875
42038 6796.96484375
42098 6784.96337891
42158 6766.26074219
42219 6755.65527344
42279 6735.80029297
42339 6725.30615234
42399 6716.83496094
42459 6707.85839844
42519 6698.59765625
42579 6686.68310547
42639 6674.2890625
42700 6660.18212891
42760 6651.43310547
42820 6637.61279297
42880 6621.55810547
42940 6613.81054688
43000 6599.19628906
43060 6584.7890625
43121 6575.10693359
43181 6564.10546875
43241 6552.84960938
43301 6537.13476562
43361 6525.88232422
43421 6514.25683594
43481 6500.41308594
43541 6487.75097656
43601 6474.11523438
43662 6465.08007812
43722 6451.93554688
43782 6432.77978516
43842 6425.97412109
44287 6386.32177734
44347 6377.18359375
44407 6371.17626953
44468 6359.78173828
44528 6353.57177734
44588 6344.64550781
44629 6329.77587891
44671 6326.59960938
44731 6310.20263672
44791 6295.88769531
44852 6289.60693359
44912 6275.12353516
45092 6126.80810547
45152 6105.18994141
45212 6089.07421875
45272 6078.26123047
45333 6064.49560547
45393 6054.37646484
45453 6040.99951172
45513 6033.20507812
45573 6024.01660156
45633 6014.55615234
45693 6000.75146484
45754 5984.27294922
45814 5970.93505859
45874 5961.51367188
45934 5951.44873047
45994 5937.41308594
46054 5933.07568359
46114 5918.62207031
46175 5907.40576172
46235 5898.7734375
46295 5886.08447266
46355 5874.88232422
46415 5864.29296875
46475 5852.61572266
46535 5846.49462891
46574 5843.68066406
46613 5836.11962891
46673 5812.70703125
46733 5805.88085938
46787 5803.10595703
46840 5796.04492188
46900 5787.43603516
