0 17570.6113281
88 17568.9023438
488 17666.3828125
620 17568.0351562
797 17453.2949219
1022 17288.3378906
1419 17195.1601562
1479 17184.0878906
1947 16820.8984375
2007 16799.5976562
2067 16789.9433594
2592 16420.2070312
3503 16226.6992188
3563 16202.6513672
3804 16121.5185547
4044 15992.4023438
4225 15898.3105469
4465 15757.3710938
4586 15731.4628906
4887 15580.1630859
4947 15554.1826172
5050 15508.9873047
5231 15418.4316406
5291 15395.6259766
5532 15334.7822266
5712 15239.9960938
5808 15192.6513672
5843 15169.3710938
5963 15105.0048828
6023 15080.53125
6083 15060.6708984
6144 15033.0634766
6179 15013.3632812
6214 14995.7773438
6335 14932.0292969
6455 14932.8515625
6635 14836.625
6755 14781.8173828
6816 14754.46875
6936 14697.8691406
7056 14645.6005859
7176 14587.1660156
7220 14573.1113281
7264 14549.4609375
7324 14523.3837891
7445 14515.0322266
7625 14404.1201172
7685 14379.8056641
7741 14357.8574219
7796 14340.6386719
8037 14320.8164062
8097 14312.0371094
8217 14260.5722656
8277 14235.8886719
8458 14195.6132812
8518 14183.9980469
8629 14133.1015625
8675 14106.8671875
8729 14084.3828125
8790 14061.2138672
8910 14006.4179688
8970 13980.2871094
9030 13953.9306641
9090 13934.2080078
9151 13912.3896484
9211 13890.0429688
9391 13847.7958984
9451 13837.1894531
9512 13816.0546875
9632 13766.9667969
9692 13743.8046875
9752 13716.5810547
9933 13637.1396484
9993 13609.8466797
10033 13602.3515625
10073 13582.8710938
10133 13558.484375
10193 13532.2841797
10254 13507.2529297
10314 13482.6513672
10434 13485.6933594
10554 13433.6943359
10614 13419.7460938
10735 13365.6884766
10791 13342.3203125
10847 13321.5644531
10907 13301.9384766
10967 13274.2890625
11027 13251.0800781
11088 13225.3486328
11187 13176.3076172
11225 13165.5878906
11285 13149.7675781
11345 13130.3369141
11381 13108.4882812
11417 13096.8623047
11537 13102.140625
11597 13082.2998047
11778 12997.7148438
11838 12987.5664062
11958 12947.6015625
12078 12887.4599609
12137 12873.6621094
12197 12853.3857422
12257 12834.6640625
12317 12811.7851562
12378 12791.359375
12438 12763.3857422
12558 12765.5029297
12618 12739.7714844
12678 12718.9257812
12738 12700.2910156
12798 12678.9628906
12859 12661.4785156
12919 12634.0761719
12979 12618.3466797
13084 12570.9814453
13129 12550.7529297
13189 12537.7861328
13249 12516.9267578
13309 12496.6230469
13369 12473.9921875
13429 12451.3701172
13490 12432.4277344
13670 12408.25
13730 12386.8261719
13790 12369.0957031
13851 12344.8466797
13911 12316.1660156
13971 12297.2646484
14031 12276.4257812
14087 12259.9619141
14117 12247.2314453
14138 12247.8320312
14173 12234.4121094
14233 12205.6875
14294 12186.0
14354 12168.8310547
14414 12150.2548828
14456 12133.5166016
14800 12013.0800781
14920 12001.0146484
14980 11996.4541016
15040 11978.2099609
15100 11955.7998047
15160 11936.8466797
15221 11915.5742188
15281 11894.2792969
15341 11882.3310547
15401 11858.3632812
15461 11832.5869141
15521 11815.8242188
15581 11789.6025391
15642 11773.953125
15702 11760.21875
15737 11755.1171875
15772 11737.1445312
15815 11724.7666016
15902 11722.3818359
15947 11718.3476562
16008 11700.2148438
16068 11674.1064453
16122 11658.8066406
16177 11642.1826172
16238 11617.109375
16298 11593.3945312
16358 11580.2070312
16418 11561.8261719
16478 11538.5205078
16538 11520.0478516
16598 11498.3720703
16659 11481.7646484
16719 11463.6191406
16779 11446.3789062
16839 11430.1894531
16888 11412.3203125
17058 11395.5419922
17118 11373.9433594
17166 11354.1992188
17214 11337.7109375
17275 11319.7197266
17335 11305.8896484
17395 11284.9814453
17455 11261.9882812
17515 11238.5361328
17575 11228.8876953
17635 11211.7226562
17696 11189.0830078
17749 11165.1142578
17803 11158.8330078
17863 11139.3691406
17924 11119.7734375
17984 11102.8554688
18164 11047.0019531
18224 11041.0009766
18284 11017.9794922
18344 10993.6962891
18405 10974.7246094
18465 10958.2851562
18525 10939.1865234
18585 10922.3398438
18645 10903.0478516
18705 10883.0917969
18766 10866.4267578
18826 10849.4951172
18946 10809.3701172
18985 10798.765625
19024 10786.6621094
19085 10768.9931641
19145 10753.0703125
19205 10729.0898438
19265 10718.2636719
19325 10717.4931641
19385 10716.3662109
19445 10697.1533203
19492 10679.6650391
19515 10670.9042969
19550 10662.7363281
19610 10645.5263672
19645 10636.3994141
19680 10626.4375
19734 10616.4755859
19788 10604.4033203
19848 10587.2851562
19908 10568.0771484
19968 10547.2412109
20028 10532.8222656
20089 10511.6640625
20149 10485.2763672
20209 10481.1074219
20269 10458.6757812
20329 10437.5341797
20389 10421.9492188
20449 10406.5419922
20509 10404.1220703
20569 10403.7949219
20630 10394.7568359
20690 10373.0107422
20750 10355.5439453
20810 10331.9179688
20870 10315.9003906
20930 10299.9423828
20991 10278.1767578
21051 10268.1416016
21111 10251.4609375
21171 10228.2900391
21231 10224.6357422
21291 10207.4951172
21351 10186.3291016
21412 10167.4121094
21447 10154.9169922
21482 10142.6855469
21542 10137.3925781
21783 10102.1992188
21843 10088.4541016
21903 10068.7626953
21963 10061.3857422
22024 10048.2011719
22084 10023.6279297
22144 10005.8730469
22204 9986.05761719
22264 9970.55761719
22324 9958.49707031
22384 9936.65332031
22444 9922.15722656
22504 9915.77246094
22565 9905.08691406
22625 9884.96582031
22682 9865.19824219
22739 9845.33984375
22859 9816.94433594
22919 9805.953125
22979 9799.27050781
23040 9786.76269531
23100 9776.89550781
23160 9753.57519531
23220 9737.37597656
23280 9722.59765625
23340 9700.36816406
23376 9690.33300781
23411 9676.66699219
23471 9672.22265625
23532 9651.10449219
23592 9637.65625
23652 9622.58203125
23712 9601.25488281
23772 9580.40917969
23832 9571.89160156
23893 9562.40429688
23953 9554.00097656
24013 9530.81933594
24073 9510.67285156
24133 9498.00585938
24253 9494.61621094
24313 9472.73730469
24374 9453.63378906
24434 9428.53125
24494 9427.765625
24554 9402.84960938
24614 9390.3203125
24674 9376.54589844
24735 9361.57519531
24795 9333.36425781
24855 9331.91503906
25156 9352.18652344
25216 9339.97070312
25276 9318.89160156
25336 9306.73925781
25396 9293.66699219
25576 9278.58886719
25637 9266.77246094
25697 9250.15429688
25732 9237.70996094
25767 9227.71777344
25828 9212.44824219
25888 9199.94824219
25948 9190.03027344
26008 9176.23535156
26068 9160.41015625
26128 9138.08496094
26188 9119.24902344
26248 9105.15039062
26309 9087.61328125
26369 9069.08203125
26429 9053.17578125
26489 9043.4453125
26549 9021.79980469
26609 9013.02832031
26669 8990.11035156
26850 8986.22070312
26910 8970.59179688
26970 8954.6171875
27030 8937.63574219
27090 8928.11328125
27150 8910.05078125
27211 8896.68554688
27271 8881.25488281
27331 8866.98730469
27391 8847.54394531
27451 8837.94042969
27511 8820.54101562
27557 8807.0703125
27578 8801.44824219
27588 8800.13378906
27598 8795.23925781
27634 8790.9296875
27694 8778.59082031
27754 8765.14746094
27814 8751.69335938
27849 8743.98242188
27885 8735.53027344
27945 8719.34863281
28005 8708.38574219
28126 8704.10644531
28186 8687.99023438
28246 8673.80078125
28306 8657.48242188
28366 8650.25683594
28426 8634.8125
28727 8329.50976562
28787 8318.23339844
28847 8307.59277344
28908 8294.99609375
28959 8278.69726562
29010 8271.27929688
29071 8259.27929688
29131 8234.70605469
29191 8231.10546875
29251 8215.34082031
29371 8204.31738281
29672 8186.20263672
29733 8174.2421875
29973 8739.75585938
30033 8727.58398438
30093 8711.875
30139 8697.48144531
30185 8684.98339844
30246 8666.38769531
30306 8647.18359375
30366 8629.74609375
30426 8613.15917969
30486 8592.41796875
30546 8576.98925781
30607 8560.30273438
30667 8546.3828125
30727 8527.07617188
30787 8512.36425781
30847 8497.18359375
30907 8473.38867188
30967 8457.46679688
31027 8441.52636719
31088 8426.72753906
31148 8409.03613281
31208 8398.19433594
31268 8378.13378906
31328 8361.83691406
31388 8348.4296875
31448 8335.7734375
31508 8317.79199219
31569 8303.29296875
31626 8286.1171875
31683 8269.23046875
31743 8258.78515625
31803 8243.81152344
31863 8224.85644531
31923 8207.96484375
31983 8194.90722656
32044 8180.5
32096 8165.49365234
32149 8154.22216797
32209 8139.88769531
32269 8126.02685547
32329 8109.80224609
32389 8094.19726562
32450 8079.00585938
32510 8063.01025391
32570 8046.21142578
32630 8029.12744141
32690 8017.51660156
32750 8003.59423828
32810 7987.69775391
32870 7972.03222656
32931 7960.2265625
32991 7943.92871094
33051 7928.23095703
33111 7913.94482422
33171 7900.88671875
33231 7884.30078125
33291 7869.39257812
33351 7855.51708984
33412 7839.30175781
33472 7823.26904297
33532 7813.23828125
33592 7802.21044922
33627 7794.04150391
33662 7787.16943359
33723 7770.32861328
33783 7752.0234375
33843 7738.75292969
33903 7726.44921875
33963 7712.29931641
34023 7696.48095703
34084 7677.83984375
34144 7668.94433594
34204 7654.29443359
34264 7642.41552734
34324 7628.21435547
34384 7612.46191406
34444 7602.41894531
34504 7587.546875
34565 7573.76708984
34625 7563.52880859
34685 7548.19287109
34745 7534.12744141
34805 7522.48486328
34865 7513.58886719
34925 7496.59375
34986 7487.97900391
35046 7473.17333984
35106 7460.28955078
35166 7448.49169922
35226 7432.68701172
35286 7413.37304688
35346 7403.37890625
35406 7392.70019531
35467 7373.95703125
35527 7364.29150391
35587 7351.39697266
35647 7339.60302734
35707 7326.20068359
35767 7314.75097656
35803 7302.95263672
35838 7295.74658203
35898 7285.32373047
35959 7269.80078125
36019 7258.75390625
36079 7248.51074219
36139 7232.25634766
36199 7219.95019531
36259 7207.88476562
36319 7194.99023438
36380 7181.28369141
36440 7170.60986328
36500 7156.58740234
36560 7141.66552734
36620 7133.70019531
36680 7123.81933594
36981 7065.2109375
37041 7055.47460938
37101 7039.01464844
37162 7028.4140625
37222 7015.04589844
37282 7007.76318359
37342 6994.84960938
37402 6982.33935547
37462 6973.74560547
37703 7298.45214844
37763 7285.76757812
37823 7270.56982422
37883 7257.33984375
37943 7239.4921875
38004 7223.23486328
38064 7212.02001953
38124 7197.26171875
38184 7183.59179688
38244 7169.12548828
38304 7155.26464844
38364 7145.48242188
38425 7129.65820312
38485 7110.78271484
38545 7097.09667969
38605 7088.99609375
38665 7073.89501953
38726 7057.13525391
38786 7044.58398438
38846 7029.3359375
38906 7017.88769531
38966 7006.3828125
39026 6995.83398438
39086 6984.19335938
39147 6970.64453125
39207 6955.68945312
39267 6944.62207031
39327 6931.20703125
39387 6916.86328125
39447 6902.71435547
39507 6888.23193359
39568 6879.31005859
39628 6865.70605469
39688 6851.28808594
39748 6838.26660156
39798 6828.35595703
39849 6815.70214844
39909 6802.86376953
39969 6788.43212891
40030 6777.46142578
40090 6763.20654297
40150 6749.66455078
40210 6737.00927734
40270 6726.86767578
40330 6715.87744141
40391 6703.08007812
40451 6682.55712891
40511 6671.53076172
40571 6657.4921875
40631 6651.31347656
40691 6630.92285156
40752 6621.76660156
40812 6608.09765625
40872 6602.43359375
40932 6588.50830078
40992 6576.00537109
41052 6565.17333984
41112 6550.65332031
41172 6536.95947266
41233 6528.41992188
41293 6512.46484375
41353 6497.47802734
41413 6491.30664062
41473 6479.52880859
41533 6470.63818359
41593 6457.27685547
41653 6441.24902344
41714 6426.97070312
41774 6426.37988281
41834 6411.73632812
41894 6404.19775391
41954 6391.61669922
42015 6382.65332031
42075 6369.31787109
42176 6350.44042969
42217 6337.98730469
42278 6326.86035156
42338 6310.66113281
42398 6300.01220703
42458 6288.87939453
42518 6278.93701172
42819 6239.85839844
42879 6230.17382812
42939 6219.2421875
42999 6208.16455078
43059 6198.29248047
43120 6188.31933594
43180 6178.91210938
43240 6166.91601562
43300 6156.76660156
43360 6143.40771484
43420 6135.03662109
43480 6124.3125
43541 6111.34326172
43601 6101.93457031
43661 6089.59130859
43721 6080.27294922
43781 6071.33007812
43841 6061.09765625
43901 6048.76074219
43961 6038.11376953
44022 6028.26367188
44082 6019.80615234
44142 6007.94873047
44202 5993.91064453
44262 5977.09667969
44322 5973.02783203
44382 5967.59082031
44442 5958.77099609
44502 5947.48876953
44563 5938.90039062
44623 5928.98535156
44683 5915.24414062
44718 5907.44677734
44753 5901.61132812
44813 5895.75195312
44874 5882.86865234
44934 5872.51171875
44969 5869.45996094
45004 5853.17773438
45065 5849.23046875
45125 5847.25
45185 5834.25195312
45245 5825.83837891
45305 5818.13037109
45365 5811.87890625
45426 5802.05029297
45486 5790.67529297
45546 5780.31787109
45606 5771.95214844
45666 5761.10791016
45726 5753.99804688
45786 5745.66748047
45847 5737.37304688
45907 5726.97851562
45967 5719.73876953
46027 5708.85302734
46087 5697.75341797
46147 5689.13769531
46207 5679.83691406
46268 5673.17675781
46328 5663.95019531
46388 5652.27929688
46448 5644.65478516
46508 5637.84521484
46568 5625.82958984
46629 5615.00732422
46689 5605.18505859
46749 5598.99804688
46809 5589.22851562
46869 5581.56591797
46929 5574.25927734
46989 5564.64257812
47050 5556.5859375
47110 5546.59033203
47170 5538.15576172
47230 5531.85498047
47290 5523.7734375
47350 5515.36572266
47410 5507.33837891
47905 5439.74365234
47965 5426.98242188
48025 5416.37158203
48086 5410.89599609
48146 5398.43505859
48206 5384.00585938
48266 5373.28417969
48326 5369.96386719
48386 5361.67675781
48446 5350.14404297
48567 5349.36132812
48627 5347.0703125
48669 5342.2109375
