0 18315.1660156
1324 17778.1269531
2052 17405.6386719
2100 17396.2636719
3038 16880.7988281
4309 16212.4394531
6053 15617.5029297
6785 15267.7519531
7026 15220.3808594
7545 14981.625
7945 14859.8759766
8125 14771.5566406
8245 14730.4111328
8666 14545.9082031
8764 14498.2607422
8802 14484.1699219
8922 14482.0576172
9163 14388.0126953
9945 14098.9013672
10898 13744.0185547
11319 13576.3867188
11450 13503.9833984
11941 13335.9208984
12001 13322.0068359
12362 13299.4550781
12422 13284.8193359
12903 13105.484375
13056 13086.0761719
13117 13070.0527344
13177 13054.2119141
13538 12911.0791016
13652 12882.203125
13741 12853.5986328
14077 12741.1015625
14137 12726.5009766
14671 12530.2402344
14912 12449.25
15092 12388.1953125
15212 12385.8886719
15513 12286.8505859
15969 12106.4970703
16271 12045.1728516
16692 11906.2148438
17413 11685.140625
17571 11621.4326172
17730 11571.4726562
17850 11543.921875
18271 11383.859375
18451 11335.6650391
18572 11347.8310547
18993 11208.140625
19283 11116.8945312
19343 11106.4462891
19403 11099.6826172
19704 11026.9257812
19764 11012.9277344
19944 10951.7050781
20065 10908.4384766
20245 10861.8417969
20305 10858.0556641
20486 10797.6591797
20666 10735.9179688
20726 10725.5292969
21073 10778.0488281
21134 10762.3134766
21254 10761.4482422
21314 10749.8417969
21374 10736.5947266
21434 10722.8671875
21476 10715.6894531
21518 10703.203125
21698 10646.2080078
21879 10598.3242188
22120 10570.6748047
22360 10497.1347656
22420 10481.5947266
22541 10443.40625
22601 10432.0771484
22661 10416.5859375
22781 10379.6708984
23082 10298.4052734
23142 10285.1523438
23263 10284.9023438
23323 10271.4130859
23503 10215.9560547
23555 10206.4599609
23583 10194.5273438
23618 10191.4326172
23738 10162.5068359
23979 10090.5371094
24099 10057.1376953
24159 10041.0048828
24219 10026.3417969
24279 10015.3359375
24339 10002.2392578
24460 9970.12207031
24565 9967.73535156
24611 9953.83496094
24852 9889.80371094
24912 9877.4140625
24972 9864.80761719
25092 9831.23535156
25152 9818.74609375
25273 9784.23535156
25393 9749.97558594
25453 9734.40625
25513 9726.13085938
25569 9712.48925781
25625 9698.51171875
25746 9662.73144531
25866 9663.375
25926 9648.25585938
25986 9633.13476562
26046 9618.82128906
26107 9604.09570312
26167 9592.46679688
26227 9579.64550781
26287 9567.69824219
26347 9553.21875
26468 9515.44726562
26648 9463.56933594
26768 9432.80957031
26829 9423.79589844
26889 9412.22265625
27009 9380.80957031
27249 9206.95703125
27302 9197.09179688
27475 9034.53710938
27836 8947.42382812
27896 8936.29589844
27956 8921.98828125
28016 8911.37695312
28077 8897.27050781
28137 8882.11328125
28317 8868.65625
28377 8856.859375
28437 8840.96777344
28558 8812.57324219
28618 8797.00292969
28678 8785.24121094
28738 8771.08203125
28798 8756.84179688
28859 8744.42089844
28919 8730.45996094
28979 8716.16699219
29040 8703.12695312
29100 8687.62207031
29220 8659.66894531
29280 8648.19238281
29341 8635.8671875
29401 8620.39648438
29521 8629.30761719
29701 8583.23535156
29882 8540.58203125
30002 8512.00097656
30062 8495.83007812
30122 8485.41601562
30182 8475.43066406
30242 8459.95214844
30363 8428.38476562
30423 8416.46972656
30483 8400.89453125
30543 8392.33886719
30664 8367.56445312
30784 8362.47851562
30844 8354.84375
31024 8309.50976562
31084 8293.80175781
31145 8278.32128906
31195 8269.30957031
31246 8262.12597656
31306 8255.48339844
31366 8241.64648438
31486 8214.52050781
31547 8200.17089844
31607 8191.83544922
31667 8180.58935547
31787 8152.69628906
31847 8136.64111328
31907 8127.59570312
32028 8128.79199219
32088 8118.20800781
32208 8084.91992188
32268 8069.625
32749 8575.94824219
32930 8528.58789062
33050 8494.63867188
33350 8406.26171875
33411 8392.4921875
33531 8361.77246094
33651 8332.52246094
33711 8317.10546875
33879 8264.6953125
33926 8256.57421875
34047 8227.44140625
34227 8182.76367188
34287 8169.59423828
34468 8115.09960938
34588 8086.2421875
34648 8074.17138672
34708 8060.74267578
34768 8050.83007812
34949 7997.31054688
35009 7982.46679688
35069 7968.93212891
35189 7936.50683594
35249 7920.93798828
35309 7914.24365234
35430 7887.23779297
35490 7877.11083984
35730 7809.76318359
35791 7797.83056641
35911 7768.27832031
35971 7754.70703125
36031 7740.28027344
36092 7726.49072266
36152 7713.10058594
36212 7701.53662109
36272 7686.14111328
36332 7671.35644531
36392 7656.69775391
36452 7643.54296875
36513 7633.53271484
36573 7623.0
36633 7607.90039062
36693 7597.75292969
36753 7584.10058594
36813 7569.29394531
36873 7556.48535156
36933 7544.50390625
37114 7498.10888672
37174 7490.65576172
37234 7482.08789062
37354 7451.29101562
37414 7439.57568359
37475 7427.36230469
37535 7415.08740234
37595 7403.96630859
37655 7388.7734375
37715 7376.63720703
37775 7362.28417969
37835 7347.40283203
37896 7334.88964844
37956 7321.93164062
38012 7310.49658203
38069 7300.44091797
38104 7294.75585938
38139 7289.63623047
38193 7277.15966797
38246 7266.40283203
38306 7254.90429688
38366 7245.46630859
38427 7231.60595703
38487 7217.56103516
38547 7203.60839844
38607 7192.26855469
38667 7181.41259766
38727 7170.07568359
38787 7157.84472656
38848 7147.50927734
38908 7134.00488281
38968 7123.33691406
39028 7111.18359375
39088 7096.26708984
39148 7085.38330078
39208 7076.47265625
39269 7066.33398438
39329 7053.64257812
39389 7041.19580078
39449 7026.91015625
39509 7016.24658203
39569 7004.33007812
39629 6991.99755859
39690 6984.28515625
39750 6971.97167969
39810 6956.90478516
39870 6942.77929688
39930 6930.49951172
39990 6919.58789062
40050 6908.92138672
40110 6895.68701172
40171 6882.35302734
40231 6870.67285156
40291 6856.69482422
40351 6845.94873047
40411 6840.11669922
40471 6830.328125
40521 6819.20703125
40571 6811.96728516
40632 6798.60302734
40692 6785.46582031
40752 6771.66552734
40812 6761.84326172
40872 6748.41601562
40933 6741.08496094
40993 6730.85351562
41053 6719.21289062
41113 6707.56982422
41173 6696.99609375
41233 6684.97802734
41293 6675.44726562
41353 6669.83349609
41414 6661.08935547
41654 6970.91162109
41714 6961.35595703
41774 6948.05859375
41835 6934.41943359
41895 6921.140625
41955 6910.02050781
42015 6896.85742188
42075 6886.4375
42136 6870.27246094
42196 6857.98681641
42256 6846.84570312
42316 6835.54052734
42376 6820.41699219
42436 6811.45214844
42496 6796.46484375
42557 6781.86865234
42617 6772.22851562
42677 6760.31054688
42737 6746.37988281
42797 6735.45800781
42857 6719.99755859
42917 6710.49560547
42978 6698.92285156
43038 6689.98291016
43098 6675.29345703
43158 6664.74462891
43218 6657.05273438
43278 6642.90039062
43338 6633.13671875
43399 6620.81152344
43459 6609.19433594
43519 6596.04345703
43639 6568.23632812
43699 6565.18847656
43759 6553.97412109
43819 6540.06542969
43880 6527.68554688
43940 6517.5546875
43975 6512.94921875
44010 6503.2578125
44070 6493.64355469
44130 6478.33154297
44191 6468.00537109
44251 6456.79003906
44311 6446.54931641
44371 6434.73193359
44431 6425.34326172
44491 6415.93652344
44551 6405.29833984
44611 6392.74853516
44672 6381.43164062
44732 6370.65576172
44792 6360.61132812
44851 6345.140625
44910 6331.81201172
44970 6322.95996094
45030 6313.26318359
45090 6302.86865234
45150 6293.79882812
45211 6284.03955078
45271 6272.66943359
45331 6261.63671875
45391 6250.03662109
45451 6237.13964844
45511 6225.57861328
45571 6217.19433594
45631 6206.97558594
45692 6199.41748047
45752 6186.48779297
45812 6179.33691406
45872 6169.52490234
45992 6140.91552734
46052 6130.328125
46112 6124.21386719
46173 6116.30273438
46233 6107.32226562
46293 6098.23046875
46353 6086.70019531
46413 6073.37597656
46473 6064.45166016
46533 6054.91699219
46593 6046.30957031
46654 6037.19677734
46714 6025.93310547
46774 6017.96337891
47520 5923.53466797
47581 5915.06445312
47641 5909.20654297
47701 5903.28466797
47761 5891.80371094
47821 5881.26171875
47881 5871.78369141
47941 5864.23828125
47995 5857.18603516
48049 5847.078125
48109 5838.07275391
48170 5828.79052734
48230 5818.53369141
48290 5808.17724609
48350 5800.07275391
48410 5790.33789062
48470 5778.41162109
48530 5771.22900391
