0 18513.6894531
176 18280.9667969
361 18252.9414062
701 17816.6152344
1561 17971.625
1789 17848.25
2086 17640.0097656
2384 17406.3398438
2533 17332.4511719
2593 17326.3261719
3353 16757.84375
3533 16632.3828125
3653 16576.5878906
3774 16494.46875
4014 16326.765625
4074 16298.046875
4255 16224.1933594
4773 16383.09375
5014 16250.4697266
5074 16228.8359375
5194 16226.0927734
5315 16157.8007812
5615 15990.9707031
5726 15936.5283203
5768 15915.8798828
6060 15813.3457031
6181 15751.9804688
6456 15603.3583984
6492 15574.1992188
6552 15544.7529297
6612 15518.3457031
6672 15493.0664062
6793 15426.4599609
6846 15400.5302734
6959 15390.8916016
7019 15378.5576172
7140 15315.3427734
7260 15270.7949219
7500 15142.6826172
7561 15116.2617188
7681 15048.0117188
7741 15023.0673828
7801 14997.4169922
7840 14979.7578125
7940 14972.3310547
8121 14890.8984375
8181 14862.046875
8361 14774.1308594
8421 14757.6279297
8481 14737.8720703
8541 14718.4238281
8842 14560.2041016
9143 14595.4238281
9263 14536.2578125
9383 14482.6074219
9443 14461.9394531
9504 14437.5253906
9539 14411.3535156
9574 14397.5361328
9634 14378.4365234
9695 14348.7246094
9755 14328.1777344
9935 14248.2373047
10055 14252.546875
10115 14230.3828125
10176 14205.4824219
10236 14180.1904297
10296 14159.9238281
10416 14103.3232422
10536 14050.6679688
10597 14023.0878906
10657 13995.8466797
10709 13975.3974609
10761 13957.9902344
10822 13936.7324219
11002 13909.6708984
11122 13869.1005859
11303 13790.6191406
11423 13734.7851562
11483 13713.5
11543 13685.2529297
11603 13664.5957031
11784 13588.7265625
11844 13571.7734375
11904 13556.5429688
12085 13530.4296875
12137 13508.6230469
12189 13496.9160156
12249 13479.8613281
12309 13455.2841797
12369 13436.1894531
12430 13411.4169922
12490 13391.7148438
12550 13370.3544922
12610 13355.5175781
12730 13299.7929688
12790 13278.9960938
12886 13237.0097656
12921 13214.8183594
12981 13206.8183594
13041 13184.4824219
13222 13163.7070312
13282 13139.6660156
13342 13115.4306641
13402 13095.3222656
13462 13072.5869141
13510 13056.1474609
13558 13037.5654297
13618 13020.953125
13678 12998.2675781
13738 12971.1533203
13798 12944.3681641
13918 12895.7939453
13979 12877.4638672
14039 12859.4580078
14099 12842.4960938
14159 12831.6621094
14279 12827.1796875
14339 12800.5351562
14400 12777.78125
14460 12753.4931641
14519 12742.1513672
14558 12727.7431641
14598 12713.8447266
14659 12687.6308594
14719 12667.5498047
14779 12640.6445312
14839 12625.5830078
14899 12598.2890625
14959 12583.8017578
14994 12569.4882812
15030 12554.7900391
15090 12534.8017578
15150 12507.5673828
15211 12483.8007812
15416 12461.3847656
15476 12444.3144531
15536 12422.3701172
15596 12405.0664062
15656 12387.4609375
15716 12366.59375
15776 12347.5878906
15836 12331.1025391
15897 12310.0517578
15940 12289.9970703
15983 12268.1767578
16043 12246.0898438
16103 12225.7998047
16164 12202.4462891
16224 12179.2460938
16284 12159.1660156
16319 12141.7753906
16347 12132.4873047
16376 12113.7226562
16411 12108.7226562
16471 12083.7041016
16577 12088.1669922
16637 12068.0605469
16697 12047.5605469
16757 12022.3896484
16817 12002.5859375
16878 11985.6953125
16938 11960.8535156
16998 11956.0439453
17058 11929.2021484
17419 11899.2724609
17479 11876.546875
17539 11853.8974609
17599 11837.8466797
17659 11820.2783203
17780 11820.9736328
17840 11805.7871094
17900 11783.1875
17960 11759.40625
18020 11740.5947266
18080 11714.6357422
18141 11692.3212891
18201 11680.3330078
18261 11662.4208984
18321 11645.3652344
18381 11623.5449219
18423 11611.9287109
18465 11599.34375
18525 11582.1582031
18585 11562.0625
18646 11542.8662109
18706 11522.8427734
18766 11504.7363281
18826 11486.3212891
18946 11492.9658203
19007 11469.7744141
19067 11455.0332031
19127 11432.0673828
19187 11412.7451172
19247 11400.7109375
19307 11377.0166016
19368 11358.9726562
19428 11336.7851562
19488 11320.7724609
19548 11306.1171875
19608 11293.1347656
19728 11228.9892578
19789 11214.6308594
19849 11192.9423828
19909 11174.0058594
19969 11152.9570312
20029 11143.140625
20100 11163.28125
20160 11146.1328125
20220 11127.2529297
20280 11106.3535156
20340 11087.3808594
20398 11072.3232422
20455 11049.6728516
20515 11036.1337891
20575 11020.5605469
20636 11006.1767578
20696 10988.6933594
20756 10971.7373047
20816 10957.9960938
20876 10941.3808594
20936 10921.4970703
20996 10906.4736328
21056 10889.2246094
21117 10869.8896484
21177 10857.28125
21237 10840.6777344
21357 10839.9589844
21417 10821.6835938
21477 10802.1005859
21537 10791.0849609
21598 10775.8779297
21658 10759.9638672
21718 10741.2939453
21778 10721.8447266
21838 10706.9228516
22108 10650.0507812
22168 10632.3896484
22229 10617.9111328
22289 10600.3603516
22349 10585.1933594
22409 10569.6474609
22469 10554.5292969
22529 10536.0498047
22650 10538.4560547
22710 10517.7802734
22770 10501.2597656
22830 10488.6601562
22890 10471.4023438
22950 10457.2333984
23010 10438.5683594
23070 10422.4160156
23131 10407.7109375
23191 10390.8330078
23251 10375.9892578
23311 10359.0576172
23371 10341.8945312
23431 10326.9042969
23491 10304.9316406
23552 10294.9199219
23612 10277.5673828
23672 10259.7880859
23732 10243.2519531
23852 10246.5166016
23912 10235.3212891
23973 10219.9980469
24033 10206.8740234
24074 10191.6923828
24115 10183.3144531
24176 10168.7226562
24236 10156.328125
24283 10138.828125
24329 10121.9121094
24390 10107.5791016
24450 10087.0742188
24510 10083.2226562
24570 10064.7304688
24630 10045.7792969
24691 10033.3544922
24751 10014.3085938
24811 10004.0683594
24871 9988.86621094
24931 9971.890625
24991 9956.0
25111 9956.44726562
25172 9945.53808594
25232 9927.02246094
25292 9910.68066406
25352 9903.29394531
25412 9888.14746094
25472 9870.03222656
25532 9853.14257812
25592 9843.08203125
25653 9827.015625
25713 9809.31347656
25773 9791.16015625
25833 9774.57128906
25893 9758.91796875
25953 9742.24023438
26013 9732.46191406
26074 9710.65429688
26134 9695.51269531
26181 9688.00195312
26228 9670.55957031
26289 9656.95214844
26349 9640.92773438
26529 9629.29101562
26589 9617.02539062
26649 9604.47460938
26710 9590.34667969
26770 9574.31542969
26830 9560.40039062
26890 9545.02734375
26950 9522.91796875
27010 9509.77148438
27070 9490.63964844
27191 9465.68261719
27251 9442.15039062
27311 9421.1953125
27371 9416.41796875
27431 9404.35253906
27491 9393.0
27551 9381.96679688
27612 9363.0625
27672 9349.91210938
27732 9344.05371094
27843 9350.43066406
27890 9334.18164062
27945 9315.84472656
28006 9301.32617188
28066 9287.84082031
28126 9277.61328125
28186 9263.44628906
28246 9248.84863281
28306 9237.24316406
28362 9223.05273438
28419 9206.00488281
28479 9185.3984375
28539 9170.26660156
28599 9155.40039062
28648 9146.29199219
28696 9140.88574219
28756 9128.47363281
28816 9113.32617188
28876 9099.98046875
28937 9081.59082031
28997 9061.72167969
29038 9050.00390625
29078 9036.56347656
29220 9050.86230469
29280 9031.74316406
29340 9017.69726562
29400 9002.55664062
29461 8990.85449219
29521 8980.10839844
29581 8964.63378906
29641 8946.66699219
29701 8934.37109375
29761 8920.39453125
29822 8907.49707031
30122 8850.60546875
30182 8835.88867188
30243 8819.10546875
30303 8807.34765625
30363 8796.05371094
30423 8784.33398438
30543 8772.65625
30603 8768.08203125
30658 8758.328125
30712 8746.69238281
30772 8732.83105469
30833 8719.74023438
30893 8705.08105469
31074 8501.59179688
31134 8496.84082031
31194 8478.62011719
31254 8464.67871094
31314 8452.85546875
31375 8441.21777344
31435 8428.54492188
31495 8417.0703125
31555 8401.73828125
31615 8389.23730469
31675 8378.69335938
31735 8361.79199219
31964 8245.61132812
32013 8230.88574219
32073 8213.57714844
32133 8197.91992188
32193 8184.59619141
32254 8164.32421875
32314 8151.17285156
32374 8141.44042969
32434 8133.32861328
32494 8120.04150391
32554 8105.42333984
32615 8094.03369141
32675 8078.39453125
32735 8066.4140625
33019 8644.94433594
33079 8630.91503906
33139 8612.49902344
33199 8599.74511719
33259 8579.84375
33319 8563.08789062
33379 8551.68457031
33440 8532.58007812
33500 8522.63085938
33560 8504.20703125
33620 8489.73730469
33680 8473.86230469
33740 8455.38671875
33801 8439.19238281
33861 8429.671875
33910 8413.27539062
33954 8397.36230469
34009 8384.54882812
34070 8370.71582031
34130 8350.72265625
34190 8338.55371094
34250 8325.62011719
34310 8312.51367188
34345 8304.77734375
34381 8294.19140625
34441 8276.74609375
34493 8264.35351562
34546 8251.00585938
34606 8234.64746094
34726 8180.70849609
34786 8174.23046875
34838 8160.07177734
34890 8143.22949219
34950 8127.54931641
35010 8116.20703125
35070 8103.38916016
35130 8091.03515625
35190 8068.80371094
35251 8054.04736328
35311 8046.88623047
35371 8034.73876953
35431 8016.96777344
35491 8005.76074219
35551 7993.93261719
35611 7981.57080078
35672 7969.55273438
35732 7949.47509766
35792 7929.49462891
35852 7926.34814453
35912 7913.73974609
35972 7900.37255859
36033 7886.95996094
36093 7867.609375
36153 7859.79052734
36213 7846.44628906
36273 7829.3046875
36333 7810.34326172
36393 7796.42431641
36441 7787.18945312
36490 7776.49316406
36550 7762.42578125
36610 7744.34423828
36670 7739.39599609
36731 7720.59472656
36791 7707.38525391
36851 7694.36621094
36911 7667.25439453
36971 7667.140625
37031 7658.97460938
37091 7639.58544922
37152 7636.72460938
37212 7625.42041016
37452 7992.29589844
37753 7914.76220703
37813 7900.70410156
37873 7887.56591797
37933 7873.46337891
37994 7859.00634766
38054 7845.09912109
38114 7830.58251953
38174 7814.10449219
38234 7798.75195312
38294 7785.68505859
38354 7766.42480469
38415 7749.828125
38475 7736.3828125
38535 7721.87939453
38595 7706.66259766
38655 7689.65869141
38715 7674.20605469
38775 7661.07568359
38835 7644.12695312
38896 7629.59716797
38956 7614.54101562
39016 7597.77929688
39076 7587.94775391
39136 7573.20996094
39196 7559.75683594
39256 7542.81201172
39297 7529.61425781
39338 7517.72070312
39398 7507.93505859
39459 7498.3203125
39519 7481.31640625
39579 7472.03466797
39639 7453.82470703
39699 7435.296875
39759 7420.13769531
39819 7404.40332031
39879 7385.50927734
39940 7367.08935547
40000 7351.60546875
40060 7336.41845703
40120 7328.10986328
40180 7311.12597656
40240 7304.16064453
40300 7290.46679688
40356 7274.50878906
40412 7260.39550781
40472 7246.86523438
40533 7233.796875
40593 7220.27050781
40653 7206.59472656
40713 7185.57373047
40773 7175.16064453
40833 7161.19824219
40893 7155.87011719
40954 7143.109375
41014 7126.88671875
41074 7116.59277344
41134 7099.99804688
41194 7093.12646484
41254 7076.57910156
41314 7061.12695312
41374 7047.81103516
41435 7035.53662109
41495 7021.86230469
41555 7007.87011719
41615 6992.51269531
41675 6980.5234375
41736 6967.93359375
41796 6951.07275391
41856 6930.27880859
41916 6923.18701172
41976 6918.53173828
42036 6902.16162109
42096 6893.41992188
42156 6876.87011719
42217 6865.64404297
42277 6847.23876953
42337 6826.49755859
42381 6818.52148438
42425 6811.86132812
42485 6801.71337891
42524 6796.81787109
42564 6789.37841797
42624 6777.18945312
42684 6757.48291016
42744 6747.08203125
42804 6736.10449219
42865 6729.33496094
42925 6714.58349609
42985 6708.88183594
43045 6696.14990234
43105 6681.44970703
43165 6669.20751953
43225 6654.97119141
43734 6596.65478516
43794 6583.95458984
43853 6578.62451172
43972 6566.61425781
44032 6541.47265625
44092 6528.03466797
44152 6518.00976562
44213 6509.14306641
44273 6496.59375
44333 6485.36035156
44393 6475.10009766
44453 6466.15478516
44513 6456.31054688
