0 17681.7792969
241 17534.1699219
744 16961.7285156
1414 17453.3886719
1474 17409.7851562
1534 17376.7597656
1594 17340.0351562
1654 17311.9570312
1775 17288.8105469
1835 17270.9609375
1895 17236.3398438
1955 17194.3652344
2015 17154.4296875
2075 17127.6289062
2135 17102.0039062
2195 17062.390625
2256 17034.2265625
2316 17004.9140625
2376 16967.7890625
2436 16932.0507812
2496 16896.265625
2617 16893.3457031
2677 16867.3867188
2737 16835.0449219
2797 16807.5761719
2857 16798.6757812
2900 16764.2324219
2960 16720.8164062
3141 16592.2324219
3201 16554.9960938
3254 16532.8691406
3306 16508.3886719
3366 16480.5429688
3487 16449.5917969
3537 16433.6328125
3587 16404.9082031
3622 16390.890625
3657 16366.4501953
3692 16347.7333984
3704 16343.3994141
3740 16325.3466797
3800 16282.765625
3845 16265.8691406
3890 16227.3583984
3950 16183.7373047
4071 16122.0068359
4312 15979.0009766
4347 15961.2978516
4382 15942.0498047
4503 15964.1806641
4623 15885.7578125
4683 15851.8388672
4803 15755.5205078
4863 15712.0898438
4924 15668.5039062
4984 15644.3203125
5044 15620.6923828
5104 15592.8681641
5139 15577.0761719
5150 15575.8232422
5185 15552.1689453
5245 15527.0302734
5601 15413.9921875
5661 15393.6386719
5721 15361.5263672
5791 15347.5693359
5852 15328.0693359
5912 15295.3310547
6032 15226.3300781
6092 15187.0732422
6131 15158.1904297
6170 15137.6162109
6231 15125.0410156
6351 15109.4111328
6411 15071.1875
6471 15040.3300781
6515 15003.0205078
6559 14965.8105469
6620 14945.1318359
6680 14940.0869141
6740 14930.0185547
6800 14888.5546875
6860 14869.5429688
6920 14841.0205078
6980 14804.4052734
7040 14768.90625
7101 14739.7773438
7401 14662.9785156
7461 14623.2597656
7521 14588.4345703
7582 14555.0742188
7930 14784.9619141
7966 14758.5361328
8002 14754.9785156
8062 14728.4882812
8122 14707.2099609
8183 14671.7314453
8243 14646.7695312
8303 14627.9667969
8423 14626.8730469
8483 14598.0205078
8543 14570.1035156
8603 14552.5986328
8663 14526.6132812
8724 14497.0078125
8784 14470.4599609
8844 14443.2539062
8904 14432.4755859
8965 14407.3603516
9025 14375.4453125
9085 14347.0185547
9145 14336.3330078
9205 14314.3779297
9260 14285.5585938
9314 14259.4013672
9434 14287.5537109
9495 14255.0029297
9555 14221.8691406
9615 14193.4726562
9675 14168.1816406
9735 14142.9072266
9795 14119.6523438
9856 14093.9433594
9916 14071.09375
9969 14048.0546875
10022 14021.8564453
10082 13996.5244141
10142 13968.7421875
10198 13953.1357422
10253 13925.7099609
10313 13898.2412109
10373 13877.9404297
10494 13889.7480469
10614 13807.1201172
10674 13805.2480469
10734 13786.8222656
10794 13771.5371094
10854 13747.3408203
10915 13706.5322266
10975 13677.3671875
11035 13657.3291016
11095 13638.3085938
11156 13614.1054688
11213 13595.3027344
11259 13577.453125
11307 13556.3056641
11368 13542.4873047
11428 13518.0253906
11548 13499.65625
11608 13497.765625
11668 13471.234375
11729 13449.4589844
11789 13425.1035156
11849 13409.8710938
11909 13384.9414062
11969 13365.9121094
12029 13333.8388672
12089 13309.6435547
12149 13286.8945312
12210 13263.0625
12270 13245.8261719
12330 13224.8144531
12369 13206.8867188
12408 13195.7626953
12468 13172.0585938
12528 13159.0722656
12648 13167.4892578
12709 13136.9873047
12769 13104.1357422
12825 13084.5390625
12881 13065.4570312
12942 13046.1806641
13002 13015.6259766
13062 12997.5957031
13122 12974.2363281
13182 12951.6621094
13242 12926.9248047
13303 12892.1738281
13363 12879.8222656
13423 12871.0371094
13483 12859.0839844
13543 12839.765625
13603 12819.1865234
13724 12828.4462891
13784 12809.8789062
13844 12775.3359375
13904 12746.4863281
13964 12734.4541016
14024 12713.2753906
14084 12687.1035156
14144 12660.5751953
14204 12635.7011719
14265 12610.6035156
14304 12591.78125
14343 12584.6845703
14404 12570.640625
14464 12550.7626953
14524 12526.0263672
14584 12512.7460938
14644 12498.9902344
14704 12481.578125
14824 12462.421875
14920 12435.7773438
14955 12393.6689453
14992 12374.0830078
15065 12376.2568359
15100 12366.1201172
15160 12345.7900391
15200 12339.5244141
15240 12316.2666016
15293 12295.4072266
15336 12279.1005859
15359 12266.3369141
15406 12252.7099609
15454 12241.9941406
15502 12230.4267578
15562 12206.9804688
15622 12182.9667969
15682 12166.5146484
15742 12148.8642578
15791 12132.4853516
15815 12120.7480469
15851 12111.7050781
15960 12127.1777344
16010 12100.1972656
16070 12068.2353516
16124 12042.2675781
16178 12015.046875
16237 11989.2392578
16296 11969.9326172
16356 11958.3417969
16416 11938.7597656
16477 11927.3847656
16537 11919.7880859
16597 11899.6523438
16657 11894.6630859
16717 11886.2236328
16777 11871.5048828
16838 11860.8759766
16898 11845.5214844
16958 11831.1074219
17333 11865.1757812
17393 11843.6230469
17453 11825.1767578
17513 11805.6064453
17573 11786.5
17633 11768.5947266
17693 11751.4130859
17754 11733.8808594
17814 11716.125
17874 11698.5742188
17934 11683.7109375
17994 11661.8007812
18045 11647.6767578
18096 11629.9257812
18156 11608.765625
18277 11599.5117188
18337 11592.4072266
18397 11569.5263672
18457 11558.5283203
18517 11538.7939453
18577 11522.9228516
18638 11509.4101562
18698 11492.6201172
18758 11475.6660156
18818 11458.5625
18878 11435.734375
18938 11420.4199219
18998 11403.4052734
19058 11379.0673828
19119 11357.8769531
19179 11339.4179688
19239 11319.5029297
19299 11301.0566406
19419 11312.9111328
19479 11297.7978516
19540 11277.0507812
19600 11256.4199219
19660 11239.4072266
19720 11228.3701172
19780 11210.2226562
19841 11186.6777344
19901 11171.8896484
19939 11162.8574219
19978 11144.8056641
20038 11131.5712891
20098 11110.5322266
20158 11090.8613281
20218 11075.7236328
20279 11059.4345703
20339 11042.4082031
20399 11025.9453125
20459 11001.2177734
20519 10984.1044922
20700 10974.2421875
20760 10955.4169922
20820 10944.8896484
20880 10932.2041016
20940 10912.4941406
21000 10899.0791016
21060 10882.2148438
21120 10863.6679688
21180 10848.6054688
21241 10828.2285156
21276 10820.0488281
21311 10812.8115234
21372 10794.1816406
21432 10775.0908203
21492 10757.3642578
21552 10738.5644531
21612 10719.0947266
21673 10702.8095703
21733 10688.5166016
21913 10682.8261719
21973 10658.8339844
22033 10642.640625
22094 10624.6748047
22154 10604.0488281
22214 10584.5654297
22274 10570.0537109
22334 10551.7265625
22394 10538.7099609
22438 10526.3378906
22482 10515.5390625
22542 10499.7382812
22602 10485.4423828
22663 10466.7041016
22723 10449.6669922
22783 10432.3613281
22843 10415.2226562
22903 10400.15625
22963 10385.7451172
23023 10369.9306641
23094 10381.4550781
23154 10355.9140625
23214 10345.2460938
23274 10322.6191406
23334 10312.5712891
23394 10289.9560547
23454 10274.6601562
23514 10256.8789062
23575 10244.7597656
23635 10228.8876953
23695 10213.53125
23755 10194.8222656
23815 10180.453125
23875 10163.2294922
23935 10145.8378906
23995 10135.6210938
24056 10121.5292969
24116 10103.4824219
24176 10088.9072266
24236 10073.2392578
24357 10074.3164062
24417 10053.6044922
24477 10037.6083984
24537 10031.1376953
24597 10016.1855469
24657 10006.0917969
24717 9990.50488281
24778 9969.08203125
24838 9950.67480469
24898 9935.28222656
24958 9916.37695312
25018 9899.18945312
25078 9886.69726562
25138 9869.12402344
25198 9855.50585938
25259 9842.36816406
25319 9822.203125
25379 9807.37304688
25439 9790.77636719
25499 9776.41894531
25619 9779.64648438
25679 9761.07617188
25740 9747.94140625
25800 9734.66015625
25860 9719.77929688
25920 9706.6640625
25980 9691.81347656
26040 9684.54003906
26100 9661.12988281
26161 9631.20117188
26221 9627.40429688
26256 9619.09667969
26291 9604.50976562
26352 9592.36914062
26412 9576.80273438
26472 9565.39746094
26532 9542.43359375
26592 9534.19140625
26652 9518.18457031
26712 9503.390625
26772 9486.33105469
26832 9468.03320312
26953 9474.72167969
27013 9458.82324219
27073 9441.37207031
27133 9421.13964844
27194 9411.26757812
27254 9400.97265625
27314 9387.00585938
27374 9370.06738281
27434 9356.99023438
27494 9341.61132812
27554 9328.67285156
27615 9313.19628906
27675 9297.28320312
27735 9285.40820312
27795 9267.95605469
27855 9251.32226562
27915 9238.88964844
27976 9223.48828125
28036 9208.5
28096 9194.10644531
28131 9185.703125
28227 9187.09375
28287 9174.06835938
28347 9163.23339844
28407 9145.32128906
28444 9140.0078125
28480 9128.90820312
28541 9106.50878906
28601 9102.08496094
28661 9086.92285156
28721 9069.828125
28781 9050.5703125
28841 9042.59667969
28901 9028.03808594
28962 9014.296875
29022 8999.26953125
29082 8987.88476562
29142 8971.59765625
29202 8956.32128906
29262 8942.91308594
29322 8929.29003906
29382 8915.96582031
29443 8902.30664062
29503 8889.07421875
29563 8886.84863281
29623 8882.54101562
29683 8866.40332031
29803 8853.21289062
29863 8840.27050781
29924 8818.74804688
29984 8805.40429688
30044 8790.32128906
30104 8774.37890625
30164 8755.86523438
30224 8748.06738281
30284 8741.0234375
30344 8729.79980469
30405 8718.81738281
30465 8705.62304688
30525 8691.40527344
30585 8677.81738281
30645 8668.70996094
30705 8656.57617188
30763 8642.11230469
30881 8657.3828125
30941 8647.45214844
31002 8636.24316406
31062 8621.8359375
31122 8607.45605469
31182 8593.10058594
31242 8579.984375
31302 8565.63476562
31362 8543.46582031
31422 8529.9609375
31603 8384.50976562
31663 8377.8125
31723 8365.6015625
31783 8348.0703125
31843 8337.87792969
31903 8325.82421875
31963 8307.11230469
32024 8292.30566406
32084 8285.69921875
32204 8284.06933594
32264 8276.62890625
32324 8267.50488281
32384 8257.20800781
32445 8241.59472656
32505 8232.00390625
32540 8221.24902344
32575 8212.6171875
32635 8200.515625
32695 8186.90234375
32996 8635.07324219
33056 8614.84375
33116 8603.93261719
33176 8586.7265625
33297 8572.47265625
33598 8614.75976562
33658 8595.62792969
33718 8581.32714844
33778 8567.91308594
33838 8551.24902344
33898 8534.6328125
33958 8521.24609375
34019 8506.38867188
34079 8492.75292969
34139 8474.61230469
34199 8463.27539062
34259 8447.17578125
34319 8433.67382812
34379 8419.30664062
34440 8403.99804688
34500 8391.48632812
34560 8375.00390625
34620 8359.87402344
34680 8342.45410156
34740 8331.33496094
34801 8316.79296875
34861 8298.6953125
34921 8285.98046875
34981 8273.4453125
35041 8256.91308594
35101 8241.99316406
35161 8226.59277344
35222 8212.56738281
35282 8196.95117188
35317 8192.09667969
35352 8183.01171875
35412 8171.45703125
35473 8155.56201172
35533 8139.90380859
35593 8123.1875
35637 8114.40966797
35682 8102.93847656
35742 8091.85595703
35802 8076.92431641
35862 8063.58203125
35922 8053.44384766
35982 8037.73730469
36042 8015.62792969
36103 8005.40332031
36163 7993.125
36223 7981.77294922
36283 7965.83398438
36343 7955.53564453
36403 7942.98779297
36463 7932.29833984
36523 7919.46044922
36584 7908.59667969
36644 7896.31152344
36704 7881.20703125
36764 7866.04003906
36824 7854.30957031
36884 7841.23535156
36944 7828.03564453
37382 8144.04541016
37443 8127.62060547
37503 8112.51953125
37563 8098.44873047
37623 8080.93554688
37683 8059.28759766
37743 8043.43847656
37804 8029.60400391
37864 8020.26074219
37924 8010.30029297
37984 7992.91503906
38044 7977.57226562
38104 7966.09423828
38164 7948.84912109
38225 7936.36572266
38285 7920.64355469
38345 7903.30566406
38405 7889.19335938
38465 7873.89257812
38525 7858.09619141
38585 7843.78369141
38646 7828.24951172
38706 7817.07226562
38766 7800.85791016
38826 7785.23681641
38886 7770.19580078
38946 7754.83642578
38991 7742.93164062
39036 7735.1484375
39097 7715.82324219
39157 7702.93408203
39217 7693.04541016
39277 7677.02929688
39337 7663.22753906
39397 7650.75097656
39457 7633.35351562
39518 7613.92919922
39578 7604.47802734
39638 7597.80566406
39698 7578.48046875
39758 7563.04638672
39818 7555.42041016
39878 7541.86230469
39938 7528.08447266
39978 7517.6328125
40018 7509.58203125
40078 7482.24169922
40139 7456.05126953
40199 7448.84570312
40259 7429.44140625
40319 7425.52246094
40801 7303.03417969
40861 7286.25878906
40921 7282.01220703
40965 7276.64453125
