0 19907.34375
649 19280.3183594
881 19057.4160156
1768 18809.2304688
3435 17619.6855469
4020 17301.0566406
4184 17191.1796875
4244 17189.3359375
4905 17109.484375
5832 16634.4160156
6048 16529.3730469
6831 16157.421875
7251 15937.6064453
7467 15828.0263672
7743 15719.5546875
8155 15477.8222656
9094 15055.390625
9106 15054.7353516
9323 14947.4189453
9754 14748.2832031
9935 14677.4833984
10236 14541.8701172
10296 14527.6552734
10536 14433.5214844
11151 14153.09375
11271 14081.6708984
11331 14067.4746094
11451 14021.4609375
11740 13895.1259766
11860 13848.3017578
12642 13825.2617188
12823 13752.6445312
13003 13728.8623047
13123 13688.3056641
13304 13620.1279297
13785 13418.0068359
14074 13344.5595703
14135 13333.90625
14243 13290.1943359
14268 13274.5351562
14281 13271.7255859
14303 13263.7021484
14470 13200.9453125
15046 12958.9277344
15141 12957.7958984
15201 12946.5732422
15502 12834.1855469
15548 12820.9951172
15639 12780.8964844
15775 12731.8398438
15835 12717.7246094
16344 12571.3642578
16554 12489.9453125
16673 12462.9892578
16718 12456.9082031
16943 12373.6894531
17054 12332.2109375
17200 12274.9726562
17236 12269.4121094
17416 12209.3632812
17837 12134.2246094
17897 12120.6503906
17957 12106.9414062
18357 11971.6337891
18370 11967.7236328
18526 11904.2060547
18586 11895.2050781
19187 11738.4960938
19428 11639.8427734
19549 11611.3505859
19669 11578.5595703
19704 11567.3603516
19739 11552.8837891
19800 11537.0214844
19980 11518.8457031
20341 11405.7773438
20433 11378.3544922
20674 11313.6728516
20854 11259.3398438
21155 11203.0039062
21275 11156.9121094
21440 11125.4091797
21651 11045.9833984
21696 11030.9765625
21816 10999.3886719
21876 10984.3095703
21996 10937.2353516
22056 10925.7763672
22116 10912.7519531
22176 10897.1494141
22236 10884.65625
22417 10870.1005859
22597 10811.3798828
22778 10757.0419922
23486 10591.1542969
23547 10583.0517578
23667 10586.1328125
23777 10533.3486328
