0 19771.3847656
99 19725.9414062
2047 18682.9960938
2348 18426.4863281
2872 18146.9003906
3519 18055.7382812
3760 17970.5078125
4589 17508.6464844
4872 17311.4082031
5036 17224.7949219
5457 17061.5507812
6443 16522.0585938
6683 16380.7470703
7355 16005.0195312
7475 15954.3066406
7546 15916.8691406
7903 15731.1503906
8091 15589.8730469
8247 15531.4228516
8282 15521.7050781
8463 15482.0371094
8747 15319.7783203
8769 15307.9394531
8971 15207.1796875
9962 14676.3154297
10443 14447.96875
11585 14529.6367188
11958 14360.6103516
11993 14340.8466797
12114 14294.9140625
12174 14276.8242188
12390 14193.1699219
12545 14155.6318359
12605 14146.5732422
12846 14053.2382812
13290 13875.4716797
13318 13866.2460938
13550 13768.7509766
13610 13749.9599609
13730 13750.6142578
13910 13675.5107422
14271 13528.6503906
14444 13463.0556641
14488 13444.890625
14523 13430.7998047
14824 13356.6289062
14884 13337.5585938
15004 13288.7080078
15099 13250.8398438
15135 13234.5283203
15315 13166.125
15555 13082.6796875
15664 13037.5566406
15712 13017.7353516
15773 13000.4140625
16229 12880.6699219
16290 12863.5957031
16410 12813.8037109
16572 12754.7705078
17094 12590.4345703
17155 12574.4619141
17215 12557.0429688
17275 12540.6757812
17335 12523.3808594
17395 12504.1279297
17516 12466.1542969
17557 12456.9111328
17598 12438.5498047
17839 12357.6630859
17958 12291.8398438
18642 12142.9746094
18760 12141.1650391
