0 18746.8242188
38 18724.3027344
195 18453.6386719
549 18099.4296875
1497 17222.3691406
1858 18032.6621094
1918 17997.2363281
1978 17951.1152344
2039 17916.6699219
2099 17866.2539062
2159 17816.8476562
2279 17846.9804688
2339 17805.7070312
2399 17773.21875
2459 17735.421875
2520 17682.0429688
2580 17631.2578125
2640 17606.0957031
2700 17553.4785156
2760 17513.2539062
2820 17495.6875
2855 17476.8378906
2871 17459.0761719
2911 17429.0800781
2971 17377.5390625
3091 17362.4667969
3151 17346.8417969
3211 17301.3847656
3271 17250.7167969
3332 17207.9785156
3392 17195.5527344
3452 17145.2265625
3512 17107.5195312
3572 17088.8359375
3632 17031.5410156
3723 16969.9433594
3783 16912.6621094
3903 16904.8632812
3963 16876.3808594
4023 16840.7578125
4080 16799.7070312
4136 16772.578125
4196 16720.9003906
4256 16679.2714844
4557 16672.8632812
4617 16659.7285156
4652 16649.1269531
4688 16615.390625
4748 16568.1894531
4868 16567.3183594
4928 16545.2207031
4988 16506.4609375
5048 16465.7207031
5108 16446.0722656
5169 16407.9765625
5229 16370.0986328
5289 16363.1933594
5330 16332.4433594
5372 16295.6679688
5432 16270.2402344
5493 16235.1064453
5553 16203.9335938
5613 16174.8339844
5733 16166.0195312
5793 16153.2333984
5853 16120.2861328
5913 16067.3066406
5973 16037.2607422
6034 16007.6875
6094 15958.1279297
6154 15941.5810547
6194 15924.1347656
6234 15913.8388672
6291 15862.2587891
6348 15832.5556641
6383 15807.6386719
6418 15806.4140625
6478 15784.9199219
6538 15733.5019531
6598 15723.5087891
6719 15707.9462891
6779 15675.3134766
6839 15621.4345703
6899 15606.515625
7020 15563.4335938
7080 15532.8515625
7140 15529.0625
7200 15471.3017578
7260 15453.1328125
7320 15411.8066406
7357 15392.6064453
7393 15364.0585938
7454 15339.1611328
7514 15280.4726562
7574 15252.3076172
7755 15264.7363281
7815 15207.8574219
7875 15190.4638672
7935 15154.2158203
7995 15110.8359375
8055 15087.7714844
8091 15066.640625
8126 15034.1015625
8186 15001.0615234
8244 14971.4111328
8302 14905.9082031
8398 14889.8603516
8433 14879.6337891
8493 14845.8466797
8553 14808.9023438
8674 14794.2958984
8734 14748.6611328
8794 14726.4755859
8833 14710.4628906
8873 14684.6650391
8933 14660.3066406
8993 14626.1005859
9053 14591.0976562
9113 14572.3632812
9174 14536.9140625
9234 14499.2041016
9294 14476.0966797
9424 14421.0361328
9485 14393.8369141
9545 14381.9072266
9665 14370.3076172
9725 14365.0703125
10086 14480.1357422
10146 14454.6123047
10207 14433.6337891
10267 14403.4902344
10327 14377.4335938
10387 14354.8779297
10447 14334.6445312
10507 14309.0087891
10568 14284.5771484
10628 14259.1904297
10688 14230.8710938
10808 14233.4912109
10868 14204.2587891
10929 14181.3632812
10989 14154.5410156
11049 14131.5146484
11109 14112.1425781
11169 14078.9736328
11229 14052.5957031
11290 14020.9375
11350 14006.2822266
11410 13978.6181641
11446 13962.0439453
11483 13939.0517578
11543 13903.1884766
11603 13886.8896484
11663 13872.640625
11784 13877.2363281
11844 13846.8681641
11904 13821.703125
11964 13791.2421875
12024 13771.5605469
12084 13743.8759766
12144 13709.8896484
12205 13687.8857422
12265 13665.1728516
12325 13646.6132812
12385 13632.1123047
12445 13606.6914062
12505 13580.0039062
12565 13558.5263672
12625 13533.4453125
12686 13506.0371094
12856 13503.5800781
12916 13484.34375
12976 13454.5898438
13037 13423.984375
13097 13398.1660156
13157 13374.0302734
13217 13347.9023438
13277 13325.4443359
13337 13306.1308594
13397 13281.8681641
13458 13265.609375
13518 13246.4316406
13578 13213.8759766
13638 13202.2597656
13698 13176.9121094
13759 13147.1826172
13819 13123.4589844
13939 13152.3144531
13999 13119.1171875
14060 13092.9697266
14120 13073.7060547
14180 13049.4570312
14238 13030.4248047
14297 13007.9199219
14358 12992.3203125
14418 12973.8623047
14478 12952.3251953
14538 12925.8300781
14598 12899.5791016
14658 12873.78125
14718 12851.9189453
14779 12833.6542969
14839 12815.6298828
14899 12795.5664062
14959 12770.4785156
15260 12749.1455078
15320 12742.9179688
15380 12721.546875
15441 12695.0986328
15501 12675.4160156
15561 12650.4082031
15613 12642.0751953
15666 12621.6865234
15726 12603.4775391
15786 12579.390625
15846 12560.5273438
15906 12541.3496094
15967 12516.2714844
16010 12500.4775391
16054 12483.2519531
16115 12460.4501953
16235 12467.1464844
16295 12452.5283203
16355 12429.6337891
16415 12405.7392578
16475 12379.4433594
16535 12359.8496094
16596 12344.0742188
16656 12321.8662109
16716 12298.6142578
16776 12270.2138672
16836 12255.9853516
16896 12237.8662109
16956 12221.4814453
17016 12200.3066406
17057 12185.1757812
17089 12177.890625
17141 12164.5107422
17322 12146.6318359
17382 12121.1972656
17442 12101.3847656
17502 12090.3427734
17553 12066.3164062
17603 12053.8251953
17646 12035.4970703
17688 12026.7431641
17748 12003.4208984
17809 11980.3457031
17869 11956.4365234
17929 11939.6191406
17989 11928.3701172
18049 11913.5449219
18109 11892.1435547
18169 11870.7871094
18230 11848.2011719
18290 11829.0996094
18350 11794.1601562
18483 11813.7236328
18543 11790.5830078
18603 11770.171875
18664 11751.5517578
18724 11729.5117188
18784 11703.9658203
18844 11683.5478516
18904 11656.5078125
18964 11650.3310547
19025 11625.1435547
19085 11608.2324219
19144 11591.6953125
19203 11566.734375
19263 11529.2685547
19323 11520.9355469
19384 11510.4394531
19444 11496.8164062
19504 11481.0273438
19564 11455.3037109
19684 11466.4453125
19744 11448.7304688
19805 11430.6806641
19865 11409.9238281
19925 11390.8710938
19985 11374.0185547
20045 11357.8945312
20105 11330.3994141
20165 11318.7177734
20225 11303.0751953
20286 11293.5175781
20346 11273.4443359
20406 11252.171875
20466 11236.4140625
20526 11221.3652344
20586 11198.7763672
20646 11187.0332031
20706 11164.4179688
20767 11144.4765625
20827 11132.0625
20922 11152.453125
20957 11134.3095703
21018 11113.7509766
21078 11095.9736328
21138 11072.3544922
21198 11061.5869141
21258 11050.4990234
21306 11036.9199219
21353 11021.6982422
21414 11004.9140625
21474 10988.5791016
21534 10958.4951172
21594 10938.2753906
21654 10926.4228516
21714 10902.6855469
21774 10898.9042969
21835 10883.0166016
21895 10862.4951172
21955 10844.8955078
22015 10834.1513672
22195 10817.1552734
22256 10798.1425781
22316 10774.9384766
22376 10760.2490234
22436 10742.203125
22496 10723.0234375
22556 10717.3662109
22617 10696.6416016
22677 10677.6972656
22737 10660.453125
22797 10646.2685547
22857 10624.9345703
22914 10600.5097656
22972 10591.3369141
23032 10576.5351562
23092 10562.9375
23153 10554.2177734
23213 10536.5771484
23273 10518.5859375
23333 10502.3369141
23453 10508.6259766
23513 10483.6035156
23574 10463.7939453
23634 10450.6494141
23995 10390.109375
24055 10372.7695312
24115 10355.9726562
24175 10341.8632812
24235 10326.7871094
24295 10307.8662109
24355 10291.1445312
24415 10275.2294922
24476 10257.0419922
24536 10243.0195312
24596 10230.2421875
24776 10226.546875
24836 10210.2333984
24896 10189.4423828
24957 10175.8173828
25017 10155.6708984
25077 10136.0986328
25137 10121.5107422
25197 10106.8291016
25258 10092.4013672
25318 10072.8671875
25378 10058.3701172
25438 10045.3251953
25498 10025.8691406
25558 10011.6728516
25619 9994.99511719
25679 9976.79003906
25739 9962.22265625
25799 9948.60839844
25859 9936.87109375
25976 9933.26269531
26033 9927.34375
26093 9913.3046875
26153 9897.92089844
26214 9885.05761719
26274 9867.79785156
26334 9850.19140625
26394 9834.63183594
26454 9823.57617188
26514 9808.14648438
26574 9793.76269531
26634 9777.828125
26694 9765.27050781
26755 9749.16503906
26815 9732.47460938
26875 9719.87109375
26935 9707.77148438
26985 9690.83105469
27036 9677.97167969
27096 9664.37402344
27156 9652.94628906
27216 9636.91894531
27270 9626.875
27384 9619.45996094
27444 9611.47558594
27504 9599.93066406
27564 9584.11132812
27625 9569.76074219
27685 9554.85449219
27745 9536.5859375
27805 9522.43359375
27865 9506.38574219
27925 9494.50097656
27985 9480.94238281
28045 9467.72460938
28106 9450.56542969
28166 9434.36230469
28226 9422.75488281
28264 9411.25097656
28302 9407.24609375
28362 9392.59472656
28422 9373.91796875
28482 9360.83789062
28542 9345.82519531
28722 9340.19726562
28783 9328.50878906
28843 9311.3984375
28903 9293.67675781
28963 9280.01464844
29023 9260.76269531
29083 9235.5390625
29144 9225.125
29204 9212.54589844
29259 9200.77636719
29315 9184.84277344
29376 9166.96191406
29436 9157.22558594
29496 9145.60644531
29556 9132.41992188
29591 9122.18554688
29627 9120.48242188
29687 9107.31347656
29747 9091.95898438
29807 9073.32128906
29867 9062.2734375
29927 9042.984375
29987 9027.34765625
30048 9019.21484375
30168 9023.62011719
30228 9009.62988281
30288 8996.77832031
30348 8987.52148438
30409 8975.00683594
30469 8959.74121094
30529 8944.17382812
30574 8939.30859375
30585 8937.39160156
30595 8936.125
30613 8933.86621094
30655 8924.07714844
30715 8905.97460938
30776 8893.00683594
30836 8875.125
30896 8864.1328125
30956 8853.55957031
31016 8842.91308594
31076 8826.37792969
31132 8810.91894531
31187 8798.02929688
31248 8780.54101562
31296 8766.69238281
31344 8765.08300781
31404 8747.9375
31525 8752.09765625
31585 8740.12695312
31645 8723.45019531
31705 8718.19921875
31765 8703.98144531
31825 8688.2578125
31861 8681.1484375
31896 8672.609375
31956 8660.92675781
32017 8644.50195312
32077 8628.12402344
32137 8621.12402344
32197 8608.98730469
32257 8595.09375
32301 8583.54492188
32346 8572.92773438
32406 8561.20410156
32466 8550.44628906
32526 8536.04199219
32586 8529.33007812
32646 8516.99121094
32706 8507.94628906
32767 8498.75292969
32827 8485.890625
33127 8307.07519531
33308 8077.11083984
33355 8070.40478516
33403 8059.34619141
33463 8047.35742188
33704 8379.42285156
33764 8361.51855469
33824 8344.90332031
33884 8330.12597656
33944 8317.61132812
34004 8301.4296875
34365 8337.71582031
34425 8333.76660156
34485 8304.04394531
34546 8279.02441406
34606 8266.73242188
34666 8253.18554688
34726 8237.26171875
34786 8216.9609375
34846 8216.02148438
34906 8195.8359375
34966 8175.01269531
35027 8159.57275391
35087 8149.23974609
35147 8132.76904297
35207 8118.73193359
35267 8104.01220703
35315 8095.34619141
35362 8084.14306641
35422 8062.09667969
35482 8053.21289062
35543 8023.76757812
35603 8013.65136719
35663 7998.18457031
35723 7984.77587891
35783 7971.41015625
35843 7961.94433594
35904 7928.06152344
35964 7885.35400391
36024 7862.05859375
36084 7847.06152344
36144 7840.75732422
36239 7839.50097656
36275 7823.08447266
36335 7804.07470703
36395 7790.23632812
36451 7782.43408203
36807 7871.17578125
36867 7854.08105469
36927 7840.49804688
36987 7827.07617188
37047 7811.00878906
37108 7798.31591797
37168 7785.62011719
37228 7770.07324219
37288 7756.33496094
37348 7740.66210938
37409 7729.23632812
37469 7716.41357422
37529 7702.39013672
37589 7686.66845703
37649 7675.54003906
37709 7665.59472656
37769 7644.85498047
37829 7628.8046875
37890 7622.90283203
37950 7607.93798828
38010 7594.06591797
38070 7581.69921875
38130 7570.23681641
38190 7556.31005859
38251 7546.58642578
38311 7532.62060547
38371 7517.00830078
38431 7504.42626953
38491 7490.62060547
38552 7475.52880859
38612 7462.09472656
38672 7447.06494141
38732 7431.71875
38792 7417.66357422
38852 7398.48291016
38912 7387.19677734
38972 7374.96875
39033 7364.00683594
39093 7357.4765625
39153 7340.62548828
39213 7331.34521484
39273 7318.85839844
39334 7304.28320312
40105 7466.58398438
40345 7484.76367188
40406 7473.59765625
40466 7465.56005859
40526 7455.37011719
40586 7441.79199219
