0 18822.9726562
191 18610.9785156
817 18684.6191406
937 18671.59375
1538 18182.7617188
2005 17809.2792969
2186 17740.1992188
2484 17526.3613281
2542 17498.9101562
3432 17252.0410156
4485 16661.7617188
4528 16635.4941406
4709 16555.5683594
4769 16548.6601562
4949 16439.6054688
5172 16303.0898438
5215 16277.5898438
5576 16135.9111328
6364 15826.1445312
6484 15784.7470703
6544 15783.3789062
6773 15655.7607422
6821 15636.9208984
6881 15610.1826172
6941 15582.2539062
7002 15558.1826172
7062 15533.7724609
7423 15385.5078125
7483 15362.8271484
7644 15280.6494141
7686 15253.1845703
7866 15170.3515625
8227 14986.5449219
8407 14916.2929688
8467 14914.5087891
8588 14847.1591797
8708 14782.09375
8760 14762.2392578
8788 14743.5556641
8823 14732.3115234
8883 14708.9423828
9064 14627.1630859
9244 14533.3730469
9304 14517.1757812
9425 14544.2734375
9485 14520.3076172
9725 14404.6640625
9846 14355.3183594
9906 14335.7832031
10002 14322.9755859
10159 14238.6123047
10219 14211.5722656
10399 14181.2402344
10460 14153.8759766
10520 14137.9755859
10700 14047.0263672
10760 14023.5195312
10820 13999.8388672
10941 13945.8222656
10980 13928.7451172
11019 13918.09375
11200 13827.7167969
11260 13810.2255859
11320 13789.8955078
11441 13789.2128906
11501 13767.9658203
11621 13711.6103516
11741 13656.1757812
11801 13633.65625
11982 13540.28125
12042 13525.5166016
12102 13507.2226562
12162 13484.1513672
12403 13462.4941406
12449 13438.9912109
12555 13440.0009766
12615 13427.5654297
12676 13399.6220703
12796 13339.1582031
12856 13324.5527344
12916 13303.7529297
12976 13276.2558594
13036 13252.6542969
13096 13227.1337891
13157 13205.5332031
13217 13187.2851562
13277 13161.1416016
13337 13138.0214844
13397 13117.8457031
13517 13062.2255859
13612 13073.8828125
13672 13062.5068359
13792 13012.2734375
13853 12991.0546875
13913 12968.9775391
13973 12950.3544922
14032 12924.3095703
14092 12898.3447266
14152 12880.8193359
14212 12854.5810547
14272 12827.9345703
14332 12805.4921875
14392 12792.8662109
14513 12744.7958984
14573 12724.1210938
14693 12706.734375
14753 12703.0605469
14813 12676.3486328
14874 12654.9882812
14934 12634.1328125
14994 12614.9697266
15054 12588.9863281
15114 12566.0859375
15174 12550.2724609
15234 12523.5195312
15294 12504.9511719
15355 12487.9658203
15415 12463.3417969
15470 12442.0332031
15526 12419.0380859
15586 12404.0244141
15646 12385.3652344
15706 12362.7675781
15827 12359.46875
15887 12334.0957031
15947 12306.6435547
16067 12262.421875
16127 12249.7636719
16187 12232.8759766
16248 12212.4287109
16308 12193.8261719
16368 12170.2246094
16428 12145.1884766
16548 12098.0166016
16608 12074.0302734
16668 12054.7617188
16729 12037.3613281
16789 12015.8017578
16847 11991.921875
17026 11984.2792969
17086 11963.1376953
17146 11946.3496094
17207 11927.6689453
17267 11904.6445312
17327 11880.4306641
17387 11859.6054688
17447 11834.8925781
17507 11819.2822266
17567 11797.2705078
17627 11783.2294922
17688 11761.6669922
17808 11703.5722656
17868 11680.5048828
17928 11660.3496094
17988 11636.1591797
18109 11627.8828125
18144 11616.2724609
18155 11613.7412109
18192 11606.2509766
18252 11594.4482422
18351 11544.6289062
18390 11541.2851562
18450 11525.0800781
18510 11505.9794922
18570 11485.6201172
18630 11465.5605469
18690 11442.3369141
18750 11421.5195312
18810 11400.015625
18861 11398.0029297
18912 11383.7929688
18971 11363.9091797
19032 11338.7373047
19092 11320.6435547
19332 11295.3017578
19393 11276.0917969
19513 11280.9414062
19573 11266.9570312
19633 11251.8632812
19693 11233.6875
19754 11209.1914062
19814 11193.5830078
19874 11177.6220703
19934 11160.1748047
19994 11140.3876953
20054 11119.3798828
20114 11101.7548828
20174 11079.875
20223 11067.4326172
20272 11050.6669922
20332 11028.3613281
20392 11012.8447266
20452 10994.4990234
20572 10995.1542969
20632 10977.96875
20693 10959.4726562
20753 10940.8935547
20813 10917.4570312
20873 10901.5644531
20933 10889.3583984
20993 10870.5595703
21053 10854.1484375
21113 10826.3212891
21174 10806.1767578
21234 10795.828125
21294 10775.8623047
21354 10763.5097656
21414 10748.9482422
21474 10736.5166016
21534 10714.1992188
21594 10691.8935547
21715 10696.9765625
21775 10685.9033203
21835 10664.0878906
21895 10648.4462891
21955 10629.5263672
22015 10611.7402344
22075 10594.9746094
22128 10579.7763672
22182 10566.9130859
22242 10547.359375
22302 10530.0087891
22362 10512.1650391
22422 10496.0478516
22483 10477.4453125
22543 10460.71875
22603 10443.0605469
22663 10425.1992188
22723 10403.3076172
22783 10382.6269531
22844 10372.4726562
22904 10355.5361328
23024 10365.3105469
23084 10346.0771484
23144 10329.078125
23204 10311.6835938
23264 10290.6191406
23325 10275.6943359
23385 10254.4091797
23445 10240.0732422
23505 10223.2265625
23565 10204.2939453
23625 10188.5273438
23686 10172.4082031
23746 10158.5859375
23806 10139.3330078
23866 10119.2392578
23926 10102.1357422
23974 10088.4306641
24022 10073.5703125
24083 10057.9863281
24123 10045.8212891
24223 10058.2529297
24283 10039.8310547
24343 10027.6347656
24403 10008.7128906
24463 9990.31054688
24523 9973.24316406
24583 9962.4296875
24643 9942.44335938
24704 9927.53027344
24764 9915.48046875
24824 9898.12304688
24884 9881.24707031
24944 9865.27050781
25004 9849.71386719
25064 9833.99609375
25124 9820.35058594
25185 9806.875
25245 9790.14355469
25305 9771.22949219
25365 9753.26074219
25425 9740.18847656
25485 9728.46875
25546 9724.0703125
25606 9713.578125
25666 9696.15527344
25726 9683.10449219
25786 9668.95703125
25827 9654.21582031
25868 9646.33691406
25928 9635.05371094
25988 9619.44628906
26049 9601.94140625
26109 9580.04492188
26169 9569.77832031
26229 9554.28515625
26290 9542.54199219
26350 9527.5234375
26410 9511.81640625
26470 9494.37109375
26530 9482.13378906
26590 9471.26074219
26651 9459.80859375
26711 9444.69238281
26831 9428.72753906
26891 9417.01757812
26951 9404.72265625
27011 9385.94726562
27312 9343.03710938
27372 9331.1328125
27432 9316.40332031
27492 9297.77636719
27553 9282.83398438
27613 9268.94238281
27673 9254.86816406
27733 9241.08984375
27793 9228.01269531
27853 9211.18261719
27913 9194.67480469
27973 9175.25097656
28019 9163.41113281
28064 9153.63671875
28125 9140.25292969
28245 9136.796875
28305 9129.49609375
28365 9117.89941406
28425 9100.7265625
28485 9084.38867188
28545 9071.34082031
28606 9055.09570312
28666 9035.40039062
28726 9024.5625
28786 9012.70214844
28846 8997.59179688
28906 8986.22851562
28966 8973.9375
29026 8960.46386719
29087 8944.56738281
29147 8927.39941406
29207 8913.76855469
29267 8902.2734375
29327 8884.66210938
29387 8867.24902344
29568 8860.9921875
29628 8843.36035156
29688 8828.9609375
29748 8819.28515625
29808 8807.13964844
29868 8794.421875
29929 8782.15917969
29989 8768.21777344
30049 8749.91015625
30109 8738.08300781
30169 8723.58203125
30229 8710.1484375
30281 8695.88964844
30332 8686.64453125
30393 8676.20996094
30453 8664.43164062
30513 8648.24609375
30573 8632.12402344
30633 8618.66601562
30693 8602.25976562
30754 8594.71289062
30814 8578.82226562
30994 8573.765625
31054 8552.91894531
31115 8538.20507812
31175 8523.05175781
31235 8507.41796875
31295 8492.05761719
31777 9031.03710938
31837 9021.23046875
31897 9008.36523438
31957 8994.81738281
32017 8972.07519531
32077 8962.67773438
32137 8946.93457031
32198 8926.55957031
32258 8909.77539062
32318 8894.42675781
32378 8881.34082031
32438 8862.05664062
32498 8848.125
32558 8831.40820312
32619 8811.75976562
32679 8800.859375
32717 8795.99414062
32756 8771.11523438
32816 8746.10742188
32876 8738.63183594
32937 8717.03710938
32997 8694.49804688
33057 8685.375
33117 8669.88769531
33177 8651.31152344
33237 8641.59375
33297 8620.1328125
33358 8611.59863281
33418 8593.47558594
33478 8571.91210938
33538 8564.12597656
33598 8549.32910156
33658 8536.21679688
33718 8524.3828125
33778 8510.5078125
33839 8491.64160156
33899 8483.16113281
33959 8462.96582031
34019 8449.99609375
34080 8437.97460938
34140 8419.11230469
34200 8409.8359375
34260 8392.49023438
34320 8374.96777344
34380 8362.1484375
34440 8344.69140625
34500 8333.77734375
34560 8318.27246094
34621 8303.81542969
34681 8294.38183594
34741 8277.62988281
34801 8258.07421875
34861 8242.20898438
34905 8232.0078125
34948 8224.04296875
35009 8209.83105469
35069 8199.47460938
35129 8191.27294922
35189 8176.03857422
35249 8159.90917969
35309 8149.90283203
35369 8135.04638672
35430 8122.18994141
35490 8108.16601562
35550 8094.22167969
35610 8079.51660156
35670 8067.359375
35730 8051.94384766
35790 8037.95117188
35850 8024.484375
35911 8011.97900391
35962 7997.6640625
36014 7986.29785156
36074 7979.70849609
36134 7961.03759766
36194 7948.60986328
36254 7937.31298828
36314 7924.03955078
36374 7910.0859375
36434 7896.80859375
36495 7885.19335938
36555 7866.359375
36600 7860.84521484
36645 7849.69433594
36706 7831.5
36946 8213.02636719
37006 8197.71875
37066 8185.15136719
37126 8170.17871094
37487 8080.49853516
37548 8061.53271484
37608 8051.41699219
37668 8032.05664062
37728 8018.18701172
37788 8002.44775391
37848 7990.87451172
37908 7974.39453125
37968 7954.93164062
38029 7940.00634766
38089 7923.5859375
38149 7913.14013672
38209 7896.27929688
38269 7881.72363281
38329 7866.36230469
38389 7859.26660156
38449 7839.19140625
38510 7823.32080078
38570 7811.73046875
38630 7797.04345703
38690 7781.21484375
38750 7767.33349609
38810 7754.38183594
38871 7734.78027344
38941 7722.97167969
39002 7702.91699219
39062 7689.28808594
39422 7265.5546875
39493 7258.28613281
39553 7242.82373047
39613 7227.51025391
39674 7215.13427734
39734 7199.78027344
39794 7190.40625
39854 7178.12939453
39914 7164.94775391
39974 7148.26464844
40034 7135.66162109
40095 7117.31201172
40155 7099.77246094
40215 7083.34619141
40275 7083.33496094
40335 7070.59912109
40395 7056.11035156
40455 7044.86865234
40516 7028.3828125
40576 7017.28857422
40636 6999.96044922
40696 6984.88330078
40756 6970.05029297
40816 6954.0234375
40877 6935.44433594
40997 6922.57373047
41057 6906.61816406
41117 6892.62939453
41177 6881.20068359
41237 6868.81103516
41297 6855.64941406
41358 6842.20556641
41418 6831.48681641
41711 6787.3828125
41771 6771.05712891
41831 6758.34472656
41891 6746.39160156
41951 6734.01953125
42011 6727.07714844
42071 6714.16113281
42132 6705.54492188
42192 6692.10888672
42252 6678.71533203
42312 6661.11572266
42372 6648.42773438
42432 6636.56689453
42492 6628.77880859
42552 6616.30419922
42613 6604.60107422
42673 6592.71923828
42733 6583.80810547
42793 6572.78662109
42853 6561.43066406
42913 6551.91357422
42973 6538.30126953
43033 6523.93701172
43094 6513.23193359
43154 6500.77539062
43214 6486.16210938
43274 6473.72265625
43334 6463.64648438
43394 6454.84521484
43454 6449.16748047
43514 6438.43847656
43575 6434.40332031
43635 6421.78613281
43695 6416.98339844
44192 6347.91455078
44252 6340.66503906
44313 6327.24511719
