0 18762.2910156
130 18635.4667969
542 18083.2578125
602 18038.2753906
663 17982.9492188
972 17614.4199219
1008 17591.15625
1050 17563.9296875
1092 17537.1875
1333 17260.28125
1386 17231.1738281
1561 17196.6445312
1621 17155.3515625
1741 17036.0566406
1801 16977.0742188
1861 16974.2265625
1921 16923.5195312
1981 16885.4785156
2042 16825.203125
2102 16788.0097656
2142 16748.5253906
2182 16726.0136719
2242 16673.6914062
2338 16625.0292969
2458 16504.1621094
2518 16461.5273438
2579 16416.2089844
2639 16389.2773438
3060 17188.9980469
3120 17154.3378906
3180 17105.3222656
3240 17077.7265625
3275 17064.2578125
3290 17050.3339844
3330 17034.40625
3390 17000.4726562
3510 16984.5039062
3555 16967.4375
3600 16939.8984375
3660 16902.8320312
3705 16877.59375
3750 16853.9414062
3810 16825.4101562
3870 16790.1542969
3930 16758.703125
3990 16717.7851562
4050 16671.4902344
4099 16654.0742188
4147 16637.5019531
4207 16593.1113281
4328 16578.4921875
4388 16539.0507812
4448 16509.0917969
4508 16483.1582031
4568 16452.4140625
4628 16419.5371094
4688 16380.3486328
4745 16350.4951172
4802 16309.140625
4862 16288.8554688
4923 16255.2060547
4983 16227.9873047
5043 16188.3085938
5163 16178.5791016
5223 16134.9755859
5283 16113.0673828
5344 16074.1123047
5404 16041.4423828
5464 16014.4423828
5524 15976.2128906
5584 15955.2626953
5644 15923.9863281
5704 15893.8916016
5761 15872.4355469
5818 15841.59375
5879 15813.3076172
5939 15774.4316406
6059 15750.3525391
6119 15742.0185547
6420 15660.6689453
6480 15626.0888672
6540 15594.984375
6600 15561.3945312
6660 15536.2255859
6721 15505.9072266
6781 15468.7490234
6841 15439.0693359
6876 15424.2177734
6911 15404.1787109
7032 15395.4511719
7092 15361.3779297
7152 15335.390625
7213 15304.2724609
7273 15280.6289062
7333 15247.6357422
7393 15215.5410156
7453 15176.0283203
7513 15136.7705078
7573 15134.2744141
7633 15108.3769531
7694 15087.5205078
7754 15057.1630859
7809 15029.1943359
7985 15009.6699219
8046 14976.5576172
8094 14955.6689453
8143 14933.2617188
8203 14907.1123047
8264 14884.9238281
8324 14862.2363281
8384 14825.8222656
8444 14793.0517578
8504 14767.2412109
8564 14741.8017578
8625 14711.7685547
8685 14687.40625
8745 14659.3222656
8805 14627.8681641
8865 14611.2412109
8925 14581.7158203
9046 14584.9414062
9106 14548.6806641
9166 14530.765625
9226 14500.8603516
9262 14484.3554688
9298 14467.9765625
9358 14438.0849609
9418 14410.0537109
9478 14385.4521484
9539 14361.8710938
9599 14332.5322266
9659 14306.3359375
9719 14279.6240234
9779 14256.6484375
9839 14218.8710938
9899 14199.0537109
10020 14197.8310547
10080 14166.0830078
10140 14158.75
10200 14127.5859375
10260 14101.1572266
10320 14058.4873047
10380 14042.625
10441 14016.7998047
10483 13997.2050781
10526 13962.5664062
10586 13961.2314453
10646 13923.1162109
10706 13894.234375
10767 13869.9941406
10827 13829.9736328
10887 13829.2265625
11007 13816.7216797
11067 13792.2949219
11428 13703.171875
11488 13674.5595703
11549 13650.5009766
11609 13626.5068359
11669 13605.7392578
11729 13574.1660156
11789 13553.2441406
11842 13509.3662109
11895 13496.4052734
11955 13486.5722656
12075 13472.4736328
12136 13456.0126953
12196 13423.3925781
12256 13383.5498047
12316 13374.1269531
12376 13351.8925781
12436 13328.9863281
12496 13316.3242188
12556 13297.3671875
12617 13262.1298828
12677 13247.6162109
12737 13212.0908203
12797 13201.6503906
12858 13180.6748047
12918 13150.0742188
12978 13132.9990234
13038 13098.5683594
13098 13072.2275391
13158 13071.9863281
13218 13067.0830078
13272 13050.3447266
13326 13040.8925781
13386 13013.0322266
13446 12994.7646484
13506 12966.1875
13566 12949.7490234
13617 12929.3339844
13668 12904.7089844
13728 12878.0947266
13789 12854.0849609
13849 12828.4443359
13909 12813.2519531
13969 12790.2646484
14029 12762.6005859
14089 12727.5839844
14150 12706.8857422
14210 12695.6611328
14306 12709.8779297
14342 12690.3154297
14402 12662.0097656
14463 12644.0800781
14523 12614.6181641
14583 12594.4628906
14636 12566.6318359
14690 12547.2109375
14750 12520.5400391
14811 12504.8173828
14871 12479.2148438
14931 12475.2783203
14991 12439.6171875
15051 12418.7207031
15086 12401.3144531
15097 12395.5253906
15108 12387.9931641
15130 12375.0185547
15177 12370.1650391
15237 12347.3896484
15297 12328.5380859
15417 12325.8632812
15477 12293.1660156
15537 12280.2666016
15597 12272.6582031
15657 12270.5742188
15705 12244.6015625
15749 12225.0234375
15804 12210.4921875
15864 12184.4658203
15925 12164.1542969
15985 12152.046875
16045 12125.4521484
16105 12105.9863281
16165 12091.9921875
16225 12068.2460938
16260 12054.75
16296 12043.7080078
16356 12015.2626953
16416 12011.6396484
16476 11986.4941406
16824 11951.4853516
16884 11930.9882812
16944 11914.75
17004 11897.1044922
17064 11875.5400391
17125 11852.0546875
17185 11832.4755859
17245 11811.4492188
17305 11786.7109375
17365 11768.9375
17425 11754.765625
17485 11731.5263672
17545 11713.4003906
17606 11695.0654297
17726 11674.4277344
17786 11671.3632812
17846 11654.1855469
17906 11633.3359375
17966 11612.3886719
18007 11597.2792969
18048 11588.0722656
18108 11571.2333984
18169 11544.2636719
18208 11538.8027344
18248 11522.5283203
18308 11503.2216797
18368 11483.9042969
18429 11462.671875
18489 11446.9169922
18549 11426.2207031
18609 11407.1425781
18669 11394.3388672
18729 11380.4775391
18789 11359.3427734
18909 11361.03125
18970 11345.3125
19030 11323.1523438
19090 11307.1376953
19150 11287.6396484
19210 11270.84375
19270 11252.0517578
19330 11233.2910156
19391 11209.3300781
19451 11190.9648438
19511 11180.3310547
19571 11164.1933594
19631 11142.9482422
19666 11132.9003906
19677 11125.1103516
19712 11110.3066406
19772 11094.6308594
19832 11073.4208984
19893 11055.7578125
19953 11038.3730469
20013 11025.0683594
20133 11020.0039062
20193 10996.3115234
20228 10990.6494141
20264 10970.046875
20324 10950.9550781
20384 10941.4765625
20444 10922.6542969
20505 10904.4306641
20565 10884.5097656
20625 10865.1376953
20685 10855.3642578
20745 10835.9208984
20805 10820.0976562
20865 10801.6669922
20925 10785.0146484
20986 10767.5615234
21046 10751.8408203
21106 10735.453125
21166 10718.8535156
21226 10700.1630859
21347 10704.46875
21407 10686.3369141
21467 10667.9345703
21513 10657.0263672
21558 10642.4521484
21619 10627.1044922
21679 10608.921875
21739 10590.6748047
21799 10573.7587891
21859 10551.9746094
21919 10535.5390625
21979 10519.5429688
22040 10496.6591797
22100 10480.4726562
22160 10461.1572266
22220 10457.6884766
22280 10432.5830078
22337 10418.6318359
22394 10402.0566406
22455 10393.0390625
22515 10368.8310547
22635 10375.3222656
22695 10358.3496094
22755 10339.3535156
22815 10323.2128906
22875 10306.1191406
22936 10285.2001953
22996 10274.9404297
23056 10254.0751953
23091 10240.5703125
23126 10233.6962891
23186 10209.9072266
23247 10201.7832031
23307 10181.9199219
23342 10169.4628906
23377 10156.0644531
23438 10132.1259766
23498 10123.6699219
23558 10111.3955078
23593 10098.4658203
23628 10091.4150391
23688 10073.7578125
23749 10068.3740234
23809 10046.0585938
23929 10047.9472656
23989 10026.4023438
24049 10020.2226562
24110 9998.984375
24170 9980.98046875
24230 9967.55761719
24290 9951.20019531
24350 9933.22363281
24410 9914.30957031
24470 9897.67382812
24523 9893.63867188
24576 9868.86914062
24636 9853.75390625
24696 9843.43164062
24756 9826.40136719
24817 9808.79199219
24877 9796.36328125
24937 9779.38476562
24997 9764.0546875
25057 9745.1796875
25168 9744.7109375
25228 9724.859375
25288 9706.17089844
25348 9683.15039062
25408 9681.13085938
25469 9659.72265625
25529 9642.60644531
25589 9621.68066406
25649 9598.22070312
25709 9576.77148438
25769 9564.58886719
25830 9558.99511719
25890 9549.88574219
25950 9532.43554688
26010 9510.27636719
26070 9505.515625
26130 9485.21386719
26190 9469.92480469
26251 9460.34472656
26311 9443.94335938
26672 9415.92285156
26732 9399.99804688
26792 9389.88769531
26852 9371.87109375
26912 9343.66699219
26972 9333.6796875
27032 9322.49023438
27093 9306.21777344
27153 9286.59570312
27213 9276.0546875
27273 9256.71191406
27333 9245.1328125
27374 9231.11328125
27416 9225.38671875
27476 9210.015625
27536 9197.27441406
27596 9180.81738281
27657 9169.70996094
27717 9151.61816406
27837 9154.09667969
27897 9144.65332031
27957 9122.20507812
28018 9111.33984375
28078 9099.81445312
28138 9085.51269531
28198 9070.79492188
28258 9054.03320312
28318 9044.24316406
28378 9028.16796875
28439 9015.84082031
28499 9003.33007812
28559 8984.98730469
28619 8973.48730469
28679 8956.55664062
28739 8944.83496094
28799 8929.08300781
28859 8912.734375
28920 8901.02832031
28980 8889.05078125
29040 8871.54199219
29100 8864.40722656
29160 8860.91796875
29221 8858.43359375
29281 8847.45800781
29341 8837.80664062
29401 8817.55273438
29461 8805.29492188
29521 8790.52832031
29581 8775.1796875
29641 8767.88867188
29702 8750.80664062
29737 8743.69921875
29772 8733.6953125
29809 8733.17871094
29845 8724.2890625
29905 8705.44824219
29966 8693.02734375
30026 8678.71679688
30086 8664.58691406
30146 8650.28027344
30206 8644.53515625
30266 8626.23339844
30327 8616.16796875
30387 8604.57519531
30447 8584.41503906
30507 8572.58300781
30627 8570.01269531
30670 8564.89550781
30714 8553.48730469
30774 8543.97558594
30834 8530.47949219
30894 8524.29980469
31134 9133.84179688
31195 9119.21972656
31255 9096.95410156
31315 9074.59863281
31375 9059.72070312
31435 9046.35839844
31495 9019.73046875
31556 9010.53613281
31616 8989.31640625
31676 8967.79101562
31736 8958.30078125
31796 8938.40917969
31856 8920.12792969
31917 8902.17871094
31977 8886.07421875
32037 8870.64453125
32097 8855.63769531
32458 8384.77246094
32518 8380.49511719
32759 8335.45996094
32819 8322.15234375
32879 8305.49511719
32939 8295.14648438
32999 8276.48632812
33035 8265.73144531
33070 8260.30273438
33130 8242.17871094
33191 8227.69140625
33251 8215.75292969
33311 8197.58105469
33371 8184.25439453
33431 8167.92578125
33491 8141.04736328
33551 8132.50830078
33611 8116.73876953
33672 8099.96972656
33732 8084.81640625
33792 8068.06689453
33852 8059.59033203
33912 8040.74511719
33972 8025.70117188
34032 8012.984375
34093 7995.67431641
34153 7980.74169922
34213 7965.22900391
34273 7951.94335938
34333 7936.96923828
34393 7927.79980469
34453 7911.28173828
34514 7895.90429688
34574 7881.26953125
34634 7863.72802734
34694 7853.17919922
34754 7837.89941406
34814 7822.79150391
34874 7808.06152344
34935 7791.09619141
34975 7780.67382812
35015 7769.75585938
35076 7754.12353516
35136 7745.95410156
35196 7738.06005859
35256 7723.734375
35316 7712.10888672
35376 7698.46142578
35436 7680.11572266
35497 7667.47412109
35557 7648.70166016
35617 7636.66992188
35677 7621.39648438
35737 7608.87890625
35797 7598.29785156
35858 7583.78613281
35918 7573.49755859
35978 7556.76025391
36038 7535.97070312
36098 7527.36035156
36158 7517.21728516
36219 7505.90917969
36279 7493.97265625
36339 7479.75
36399 7468.82568359
36459 7453.68115234
36519 7439.0859375
36579 7423.85546875
36639 7408.51123047
36700 7397.94091797
36760 7384.13525391
36820 7369.37939453
36880 7353.33837891
36924 7349.15966797
36969 7340.35791016
37029 7327.72558594
37089 7316.57763672
37134 7302.58300781
37179 7295.74755859
37239 7283.16455078
37299 7272.67285156
37359 7256.19628906
37420 7242.15673828
37480 7231.97265625
37961 7522.14794922
38021 7509.59570312
38081 7496.73144531
38141 7479.50488281
38201 7465.87255859
38261 7449.10058594
38321 7437.77099609
38382 7417.42089844
38442 7404.81787109
38502 7391.45117188
38562 7378.59521484
38622 7362.85058594
38682 7348.71972656
38742 7331.70751953
38802 7318.71142578
38862 7302.32910156
38923 7285.93554688
38983 7274.97216797
39043 7257.90722656
39103 7244.60791016
39163 7229.78710938
39223 7213.27490234
39283 7200.90429688
39344 7187.82421875
39404 7172.41650391
39464 7160.77441406
39524 7144.734375
39584 7131.89550781
39644 7119.43994141
39704 7101.13671875
39765 7090.42431641
39825 7079.52539062
39885 7063.16015625
39945 7050.74609375
40005 7038.37939453
40065 7023.10791016
40125 7008.49267578
40185 6993.27294922
40246 6979.6484375
40306 6966.61962891
40366 6950.41162109
40426 6932.76367188
40486 6917.72119141
40547 6911.52099609
40607 6900.65527344
40667 6889.39306641
40727 6882.71337891
40787 6862.23193359
40847 6849.87304688
40907 6838.60595703
40968 6836.04199219
41028 6824.13037109
41111 6807.45019531
41171 6789.41748047
41231 6767.61865234
41292 6759.58349609
41352 6750.18212891
41412 6741.8828125
41473 6726.0
41533 6716.37548828
41593 6706.359375
41653 6689.91748047
41713 6679.03759766
41773 6668.56689453
41833 6655.80664062
41893 6642.32275391
41954 6633.75097656
42014 6616.51855469
42074 6608.48730469
42134 6599.81835938
42194 6587.10986328
42254 6578.31445312
42314 6570.54199219
42374 6549.14746094
42435 6538.61572266
42495 6530.06933594
42555 6519.01025391
42615 6505.70361328
42675 6494.93408203
42735 6482.05566406
43228 6413.23339844
43288 6410.00585938
43348 6395.71875
43409 6391.59277344
43469 6385.83886719
43529 6371.41113281
43589 6363.93896484
43649 6354.68359375
43709 6341.48583984
43769 6329.30126953
