0 16550.3476562
176 16357.2470703
293 16255.5517578
413 16141.3046875
473 16114.2724609
793 15782.6396484
848 15751.8720703
926 15659.1103516
1364 15366.9667969
1647 15231.6572266
2051 14999.484375
2232 14877.0126953
2292 14829.4306641
2352 14786.7529297
2783 15805.8232422
2843 15774.9609375
2904 15739.4160156
3024 15683.4980469
3084 15654.9746094
3144 15619.1806641
3204 15599.6318359
3264 15572.5214844
3324 15542.1074219
3384 15507.5751953
3444 15466.15625
3504 15447.2109375
3624 15373.8271484
3744 15338.9316406
3804 15326.1347656
3865 15322.7558594
3925 15290.8964844
3985 15246.84375
4045 15214.1552734
4105 15184.4472656
4165 15156.3007812
4225 15118.0810547
4285 15108.2177734
4346 15068.6386719
4442 15041.1787109
4502 15008.9755859
4562 14967.3701172
4622 14944.578125
4683 14930.2333984
4743 14907.2832031
4803 14905.0820312
4863 14869.7714844
4923 14855.8154297
4983 14836.9736328
5043 14809.3251953
5104 14778.2978516
5224 14715.6845703
5284 14671.0214844
5344 14659.3964844
5404 14634.9755859
5464 14612.7304688
5524 14582.8017578
5585 14570.8447266
5705 14462.2675781
5825 14487.4619141
5885 14478.5693359
5945 14438.921875
6005 14437.3642578
6066 14386.8085938
6126 14349.4570312
6186 14336.7929688
6246 14295.0976562
6306 14269.0068359
6345 14262.2568359
6384 14250.7939453
6445 14217.2802734
6565 14166.8994141
6625 14153.3398438
6660 14137.9257812
6696 14111.6826172
6756 14079.7011719
7056 14129.3193359
7117 14122.5654297
7177 14110.3349609
7237 14087.828125
7297 14060.8154297
7357 14035.2080078
7417 14010.03125
7477 13997.3564453
7537 13981.9960938
7598 13951.5439453
7658 13920.5371094
7718 13902.4833984
7778 13877.0410156
7838 13847.2470703
7958 13846.5429688
8014 13814.6728516
8069 13811.0957031
8129 13790.8574219
8190 13758.7431641
8250 13734.7255859
8310 13715.6474609
8370 13686.1123047
8430 13674.9970703
8490 13645.8046875
8550 13618.9716797
8610 13596.9169922
8671 13575.9931641
8731 13553.9482422
8791 13537.3300781
8851 13512.8779297
8911 13485.4375
8971 13467.8486328
9091 13477.8984375
9152 13452.2666016
9212 13427.6914062
9256 13414.75
9301 13390.5507812
9361 13381.3046875
9421 13352.5810547
9482 13330.6845703
9542 13312.7714844
9602 13288.7304688
9662 13263.5322266
9722 13250.5410156
9782 13226.7626953
9842 13201.4238281
9902 13179.3398438
9963 13157.578125
10023 13136.2919922
10083 13107.9980469
10186 13134.5
10246 13098.2636719
10306 13073.9609375
10367 13055.1816406
10427 13038.1152344
10487 13016.6298828
10547 12995.6806641
10606 12966.2910156
10666 12944.4492188
10726 12932.75
10786 12913.9902344
10846 12892.0673828
10906 12868.8066406
10967 12843.4990234
11027 12820.3798828
11087 12796.8300781
11147 12781.3505859
11207 12758.1269531
11327 12747.1611328
11388 12737.5703125
11448 12710.5917969
11568 12666.1503906
11628 12644.140625
11688 12628.09375
11749 12612.9990234
11809 12591.1171875
11869 12568.578125
11929 12540.5292969
11989 12522.7714844
12049 12503.1748047
12109 12499.1845703
12170 12472.3730469
12230 12452.890625
12290 12438.6914062
12327 12427.4755859
12364 12404.3212891
12485 12401.9404297
12545 12400.71875
12605 12369.0976562
12665 12356.9892578
12725 12334.8359375
12786 12317.5595703
12846 12287.1953125
12906 12265.6660156
12966 12253.0859375
13026 12224.0742188
13087 12199.6298828
13147 12173.359375
13207 12157.6455078
13267 12131.2763672
13327 12109.0664062
13387 12106.1953125
13688 12096.7675781
13748 12076.4628906
13869 12072.0556641
13929 12058.5742188
13989 12039.9492188
14049 12020.5146484
14099 12003.3642578
14138 11992.9462891
14186 11978.8476562
14246 11954.9414062
14306 11945.0117188
14366 11922.8857422
14426 11899.8828125
14487 11881.8945312
14547 11864.5332031
14607 11846.7705078
14667 11824.9238281
14727 11810.2314453
14787 11790.0927734
14847 11778.1171875
14968 11778.3681641
15028 11758.4482422
15088 11736.0283203
15148 11727.2753906
15208 11706.2685547
15268 11691.2617188
15328 11670.0410156
15389 11650.8427734
15449 11629.6591797
15509 11615.1523438
15569 11601.0507812
15629 11570.9130859
15689 11548.9941406
15734 11540.3583984
15780 11526.4453125
15840 11506.6425781
15900 11500.3291016
15960 11480.1152344
16021 11467.4023438
16141 11453.984375
16201 11450.5908203
16261 11430.1455078
16321 11415.5068359
16382 11387.625
16442 11369.2539062
16502 11351.1650391
16562 11337.0263672
16622 11317.1708984
16682 11295.1972656
16742 11291.9287109
16802 11274.1523438
16863 11258.6630859
16923 11244.4716797
16983 11223.8447266
17043 11203.8916016
17090 11193.0898438
17138 11169.9824219
17198 11155.765625
17258 11139.8632812
17318 11122.0332031
17438 11118.5625
17498 11112.7529297
17559 11091.359375
17629 11073.9121094
17689 11062.0488281
17750 11041.40625
17810 11020.4648438
17870 11003.1542969
17930 10994.5634766
17990 10973.3525391
18050 10953.7089844
18110 10937.5800781
18170 10915.7451172
18231 10899.5751953
18291 10882.4375
18351 10866.234375
18411 10850.4628906
18471 10839.3994141
18531 10824.375
18592 10809.1904297
18712 10793.9238281
18772 10780.8388672
18832 10769.3867188
18892 10755.2353516
18952 10740.8613281
19012 10725.7578125
19072 10708.4082031
19133 10685.3789062
19193 10684.5253906
19253 10656.7675781
19313 10638.6503906
19373 10617.4365234
19410 10611.5839844
19446 10602.2753906
19506 10586.5947266
19567 10576.5185547
19627 10562.3857422
19687 10541.4326172
19747 10534.3798828
19807 10513.3955078
19867 10494.1611328
19987 10494.0859375
20026 10494.0693359
20065 10478.9394531
20125 10463.5585938
20186 10446.2216797
20246 10431.8378906
20306 10411.0341797
20366 10397.0439453
20426 10378.0800781
20486 10361.7207031
20546 10347.5029297
20607 10334.0986328
20667 10315.9296875
20787 10292.5087891
20857 10269.2880859
20918 10244.9951172
20978 10221.2802734
21038 10215.5058594
21099 10203.7646484
21159 10191.9521484
21219 10181.2294922
21279 10161.9326172
21339 10149.0673828
21399 10146.0517578
21459 10142.6738281
21519 10128.0039062
21857 10129.0449219
21917 10115.0029297
21977 10094.3427734
22034 10082.1826172
22092 10065.8769531
22152 10052.9726562
22212 10036.7773438
22273 10025.9355469
22333 10009.4902344
22393 9992.02441406
22453 9979.49609375
22513 9964.48828125
22573 9951.25
22633 9937.97851562
22754 9937.61425781
22814 9931.65625
22874 9917.45019531
22934 9890.79589844
22995 9875.40429688
23055 9862.20507812
23115 9847.04980469
23175 9835.32714844
23235 9817.65234375
23295 9800.48535156
23355 9786.16601562
23415 9770.44433594
23476 9755.20996094
23536 9739.39941406
23596 9732.04199219
23656 9713.72070312
23716 9701.35253906
23777 9695.55664062
23837 9682.69238281
23897 9666.96679688
23956 9649.88769531
24015 9638.46191406
24135 9641.51464844
24195 9628.45214844
24255 9612.61816406
24315 9603.79296875
24376 9587.015625
24436 9573.5390625
24496 9558.40332031
24556 9548.46484375
24616 9534.60449219
24676 9520.62890625
24737 9506.57519531
24797 9492.96289062
24857 9473.58300781
24917 9458.40332031
24977 9452.828125
25037 9434.99609375
25097 9423.08105469
25157 9415.53808594
25218 9403.890625
25278 9391.87792969
25338 9377.05957031
25398 9359.56054688
25458 9345.09179688
25578 9348.62011719
25639 9337.74609375
25699 9322.22851562
25759 9304.078125
25819 9292.37109375
25879 9273.82128906
25939 9259.79980469
25999 9246.41992188
26060 9236.17578125
26120 9222.6875
26180 9208.54394531
26240 9198.3203125
26300 9186.36132812
26360 9175.75097656
26420 9162.25292969
26480 9148.08007812
26541 9131.36523438
26601 9117.39453125
26636 9109.30273438
26671 9104.16308594
26731 9093.23046875
26792 9075.42773438
26852 9053.11523438
26912 9048.16894531
26972 9033.38378906
27092 9039.27246094
27152 9026.36230469
27212 9005.93359375
27273 8996.53808594
27333 8984.6484375
27393 8977.16308594
27453 8963.52539062
27513 8953.58007812
27573 8939.79296875
27633 8923.08105469
27693 8909.98535156
27753 8904.640625
27814 8891.41503906
27874 8871.734375
27934 8857.234375
27994 8845.8203125
28054 8836.40625
28114 8827.59667969
28175 8815.796875
28235 8804.92285156
28295 8790.94238281
28355 8776.65625
28415 8768.52441406
28535 8771.58886719
28596 8762.97949219
28656 8747.68652344
28716 8734.96679688
28776 8726.875
28836 8713.80566406
28896 8699.35253906
28956 8697.92285156
29015 8681.18554688
29075 8668.6953125
29135 8657.76660156
29195 8653.4375
29255 8639.76269531
29316 8626.54492188
29376 8614.3203125
29436 8605.86816406
29496 8592.89453125
29556 8581.39648438
29616 8567.01367188
29676 8555.27441406
29737 8547.60253906
29797 8536.55371094
29857 8524.63085938
29917 8510.51367188
30037 8515.58789062
30098 8503.3046875
30158 8489.83007812
30218 8477.20605469
30278 8448.67285156
30338 8442.64453125
30399 8433.44921875
30459 8420.14160156
30519 8407.4765625
30579 8391.93847656
31120 8956.29199219
31180 8942.72851562
31240 8929.00488281
31300 8912.50976562
31360 8898.40429688
31420 8886.00585938
31481 8871.24609375
31541 8854.40136719
31601 8839.50292969
31661 8822.65136719
31721 8808.92285156
31781 8795.08300781
31842 8784.0390625
31902 8771.42773438
31962 8758.13671875
32022 8741.86816406
32082 8724.44726562
32142 8710.63183594
32202 8697.68066406
32262 8689.984375
32302 8683.75585938
32341 8669.21191406
32401 8654.37011719
32462 8642.78417969
32522 8627.28808594
32582 8610.25
32882 8305.76269531
32943 8287.34863281
33003 8277.39550781
33063 8265.89355469
33123 8254.53222656
33183 8242.20898438
33243 8231.45410156
33303 8217.96875
33363 8202.43847656
33424 8187.63330078
33484 8171.95019531
33528 8163.09667969
33571 8150.32763672
33632 8140.03173828
33692 8128.69482422
33734 8119.31298828
33775 8111.7265625
33835 8097.18652344
33881 8089.95849609
33926 8084.46630859
33986 8070.29638672
34046 8054.921875
34107 8044.43945312
34167 8028.19140625
34227 8015.99072266
34287 8004.55712891
34347 7990.66552734
34407 7973.12158203
34467 7963.80078125
34527 7950.31054688
34588 7939.70458984
34648 7925.18310547
34708 7913.75537109
34743 7906.65869141
34771 7901.01855469
34824 7892.08056641
34884 7882.02929688
34944 7868.41064453
35004 7856.44775391
35064 7847.20605469
35124 7834.99023438
35184 7807.97753906
35245 7799.59960938
35305 7795.81933594
35365 7783.19628906
35425 7768.4375
35485 7755.95068359
35545 7741.41455078
35606 7732.33789062
35666 7720.24707031
35726 7710.00732422
35764 7703.92578125
35803 7692.88574219
35863 7682.38037109
35923 7668.96044922
35984 7655.01416016
36044 7647.43945312
36104 7639.07080078
36164 7628.21679688
36224 7615.24169922
36706 7929.35693359
36741 7921.20996094
36751 7920.81738281
36774 7917.14453125
36821 7905.52539062
36866 7898.01171875
36911 7886.06787109
36956 7879.73730469
37001 7865.57226562
37061 7853.77246094
37121 7842.07958984
37181 7824.95898438
37241 7812.9296875
37302 7800.08447266
37362 7787.14550781
37422 7774.27685547
37482 7760.47363281
37542 7746.16113281
37602 7734.71923828
37663 7721.29101562
37705 7714.26904297
37749 7705.78369141
37809 7690.42773438
37869 7676.77148438
37929 7664.86083984
37989 7652.09228516
38050 7635.92382812
38110 7622.09472656
38170 7609.22998047
38230 7592.95898438
38290 7583.23486328
38350 7572.05810547
38410 7558.88232422
38470 7548.56982422
38530 7537.14013672
38589 7526.76513672
38649 7513.59033203
38709 7500.29199219
38769 7483.48779297
38829 7471.79492188
38889 7464.18115234
38950 7452.45214844
39010 7440.42236328
39070 7425.01171875
39130 7410.58447266
39190 7398.92578125
39250 7388.24511719
39310 7374.01611328
39370 7363.47558594
39431 7349.05615234
39491 7340.91748047
39551 7327.16503906
39611 7315.29882812
39671 7300.31054688
39731 7292.15966797
39791 7281.7109375
39851 7269.56103516
39912 7251.24121094
39972 7241.08691406
40007 7238.41015625
40042 7230.45068359
40102 7218.55273438
40163 7206.27392578
40223 7197.18994141
40283 7184.27001953
40343 7171.89550781
40403 7165.14404297
40463 7151.99951172
40523 7138.38574219
40584 7130.39648438
40644 7117.08349609
40704 7103.67138672
40764 7093.51416016
40824 7082.24902344
40884 7069.82275391
40944 7059.33496094
41005 7049.92431641
41065 7040.58984375
41125 7026.94384766
41185 7015.71923828
41245 7005.03710938
41305 6991.58105469
41365 6981.62011719
41426 6968.66210938
41486 6962.10498047
41546 6945.86865234
41606 6932.62109375
41666 6922.44189453
41726 6915.07910156
41786 6904.28613281
41847 6894.94287109
41907 6883.08007812
41967 6870.59375
42027 6861.85546875
42087 6850.07226562
42147 6837.67578125
42207 6824.43408203
42268 6817.77685547
42328 6809.26269531
42388 6798.43554688
42448 6785.21777344
42508 6775.69238281
42568 6765.05273438
42628 6753.10449219
42688 6741.95361328
42749 6730.24560547
42809 6720.02880859
42869 6715.60595703
42929 6706.14013672
42989 6694.19042969
43043 6685.70507812
43097 6676.30175781
43158 6663.20068359
43218 6651.01904297
43278 6640.7109375
43338 6633.140625
43398 6623.76464844
43458 6609.35009766
43518 6596.88134766
43578 6587.79638672
43639 6577.70263672
43699 6566.49414062
43759 6556.55957031
43819 6545.14111328
44302 6478.57080078
44362 6477.86621094
44423 6474.92773438
44483 6470.8359375
44543 6462.98681641
44603 6451.62109375
44663 6446.28564453
44723 6435.61279297
44784 6419.42089844
44844 6398.54736328
