0 18212.6015625
416 17825.328125
1480 17612.6152344
2417 17049.5722656
2813 16914.21875
3014 16876.6328125
3784 16507.8066406
5584 15658.4375
7401 15009.9726562
7461 15007.2666016
7827 14834.3515625
8350 14659.2197266
8711 14502.8232422
9327 14303.1533203
9508 14230.6728516
10336 13939.6230469
10396 13925.4140625
11351 13599.7900391
11831 13408.4248047
12376 13256.7978516
12737 13136.3701172
12977 13045.0048828
13097 13008.0371094
14328 12615.8798828
14568 12583.7607422
14904 12463.9511719
15000 12434.2158203
15240 12334.3945312
15361 12295.3271484
15661 12234.3427734
15756 12196.0849609
15852 12174.9072266
16032 12108.2167969
16092 12094.4794922
16610 11924.0898438
16646 11919.3242188
16766 11920.4707031
16827 11905.3125
17067 11826.6035156
17668 11632.5136719
17849 11617.8154297
18144 11525.3710938
18440 11431.5039062
18740 11343.3369141
18860 11302.6464844
19054 11293.4082031
19596 11118.4589844
19776 11062.5703125
20234 11002.7490234
20595 10895.8056641
20775 10845.4580078
20896 10808.0205078
20956 10795.2744141
21196 10718.0332031
21377 10696.9042969
21437 10687.7636719
21497 10672.9765625
21557 10659.6240234
21652 10630.7441406
21688 10618.7021484
21748 10610.4609375
21850 10573.9238281
21893 10563.8144531
22134 10489.9150391
22246 10462.6708984
22299 10450.7509766
22660 10383.0361328
23261 10213.3662109
23304 10204.3017578
23333 10199.3232422
23414 10181.4638672
23430 10178.0957031
23713 10093.1162109
23833 10086.1689453
23893 10081.7607422
24099 10032.7949219
24219 10000.4863281
24520 9919.05371094
24580 9906.64160156
24821 9837.40429688
25061 9808.70996094
25121 9795.5546875
25181 9781.06640625
25242 9766.03515625
25482 9694.05566406
25542 9687.63378906
25602 9674.39453125
25723 9642.7734375
25903 9593.87402344
26143 9530.68945312
26264 9498.58105469
26384 9500.17675781
26504 9460.43554688
27024 9430.01757812
27474 9218.25585938
27500 9208.14746094
27512 9205.40429688
27525 9204.15136719
27535 9201.14453125
27610 9208.52441406
27670 9197.29785156
27730 9184.23730469
27911 9128.19824219
27946 9122.52832031
27982 9116.03515625
28043 9101.3984375
28103 9089.51269531
28163 9080.46972656
28211 9069.75195312
28260 9055.79980469
28440 9008.15136719
28816 8943.93359375
28923 8950.83789062
28971 8941.85644531
29162 8894.98242188
29282 8867.8125
29343 8853.06640625
29463 8827.32714844
29583 8796.16308594
29643 8784.79003906
29696 8769.88574219
29748 8756.00976562
29809 8742.18261719
29844 8737.41503906
29939 8705.25390625
29999 8693.54589844
30120 8665.24902344
30240 8669.81738281
30420 8623.58496094
30480 8611.99316406
30540 8596.953125
30601 8583.94140625
30661 8572.11425781
30721 8561.82910156
30781 8547.80175781
30901 8516.84375
30962 8504.11523438
31022 8497.24902344
31142 8463.51660156
31202 8455.30273438
31263 8445.85546875
31323 8433.19433594
31383 8418.18164062
31443 8404.38769531
31503 8389.81542969
32118 8304.66113281
