0 18213.5585938
71 18147.7207031
432 17875.4238281
1623 17492.4765625
1683 17479.6445312
1744 17451.3691406
2426 16964.28125
2582 16819.8691406
2617 16803.4316406
2677 16792.4121094
3279 16406.1992188
3314 16387.3242188
3510 16258.8925781
3546 16248.0546875
3583 16220.5039062
3643 16207.3359375
3763 16156.0869141
3984 16012.1679688
4085 16013.7529297
4443 15770.0517578
4621 15686.5839844
4862 15550.2119141
4962 15487.0019531
5338 15796.3427734
5555 15675.5302734
5615 15652.4873047
5976 15501.9589844
6097 15449.9863281
6157 15421.8759766
6337 15327.4169922
6638 15155.2587891
6698 15129.2216797
6878 15070.5107422
6932 15047.4306641
6985 15026.3447266
7021 15012.2802734
7056 15001.6220703
7116 14975.4101562
7236 14921.1728516
7477 14776.4599609
7717 14665.0595703
7777 14638.1894531
7898 14630.7177734
8054 14525.3271484
8175 14453.4921875
8220 14427.0205078
8446 14342.1162109
9047 14222.2519531
9107 14196.7050781
9227 14191.0488281
9288 14167.3613281
9522 14048.9736328
9582 14026.2587891
9642 14006.8779297
9763 13953.1113281
9883 13948.2041016
9943 13921.8203125
10003 13898.6904297
10048 13879.1523438
10092 13852.2451172
10152 13828.859375
10272 13777.7294922
10333 13751.0039062
10453 13693.5791016
10573 13637.9160156
10633 13617.328125
10693 13600.0419922
10753 13578.1162109
10812 13558.7001953
10990 13525.6572266
11231 13408.0498047
11291 13383.6533203
11411 13336.1992188
11471 13308.3310547
11532 13282.34375
11592 13255.4863281
11772 13182.4482422
11832 13158.6630859
11893 13130.6855469
11953 13113.3974609
11988 13091.4013672
12085 13105.2197266
12205 13047.0166016
12322 12997.3945312
12382 12971.5703125
12442 12950.2705078
12502 12929.078125
12562 12905.2285156
12623 12877.3808594
12683 12850.1591797
12743 12825.6640625
12803 12804.1074219
12863 12782.359375
12923 12772.9257812
12983 12753.8759766
13043 12726.1572266
13103 12722.78125
13139 12711.9511719
13155 12699.5761719
13197 12684.9306641
13242 12677.3564453
13287 12667.3349609
13467 12584.2900391
13527 12567.1269531
13587 12556.3876953
13707 12507.0322266
13768 12482.2929688
13948 12397.953125
14008 12371.921875
14068 12351.9765625
14128 12329.3369141
14248 12319.5410156
14360 12281.3837891
14412 12262.0800781
14468 12242.3720703
14585 12196.6650391
14645 12173.4873047
14705 12145.6142578
14765 12124.7558594
14825 12109.0673828
15246 12167.0898438
15306 12141.015625
15427 12145.9169922
15487 12131.2294922
15547 12110.1123047
15607 12089.5419922
15667 12066.4785156
15727 12041.9482422
15788 12021.3623047
15848 12006.9121094
15908 11984.6474609
15962 11963.9697266
16016 11939.0761719
16076 11916.5996094
16136 11900.1064453
16196 11881.1005859
16257 11857.1376953
16317 11840.4257812
16420 11783.3642578
16464 11771.8691406
16585 11775.3007812
16645 11753.3828125
16705 11730.8417969
16765 11713.9238281
16825 11695.3925781
16885 11678.8046875
16945 11658.0380859
17006 11637.3828125
17066 11621.9931641
17126 11602.0185547
17186 11583.4375
17246 11561.5439453
17306 11542.1386719
17366 11525.8847656
17426 11511.4355469
17487 11488.1308594
17547 11470.6728516
17607 11452.9736328
17667 11429.1650391
17757 11440.3652344
17817 11421.1308594
17877 11401.5058594
17937 11383.4658203
17997 11365.3564453
18057 11348.0693359
18117 11328.7050781
18178 11309.1445312
18238 11283.8466797
18298 11268.3525391
18358 11246.5712891
18395 11236.4111328
18432 11223.4804688
18493 11204.2763672
18553 11182.8642578
18613 11167.8798828
18673 11142.7431641
18711 11136.7080078
18749 11122.03125
18869 11134.0917969
18929 11105.9990234
18990 11096.6474609
19050 11082.6298828
19110 11065.96875
19170 11044.6777344
19230 11023.9990234
19291 10997.6494141
19351 10982.0986328
19411 10963.9101562
19471 10945.9423828
19531 10926.2734375
19591 10913.8603516
19651 10892.7890625
19711 10870.4082031
19772 10854.3632812
19832 10836.8720703
19892 10823.5742188
19952 10806.8154297
20012 10783.5537109
20072 10762.484375
20193 10770.2988281
20253 10748.9726562
20313 10727.6962891
20373 10709.1835938
20433 10694.3886719
20468 10671.8984375
20504 10670.4404297
20564 10654.1210938
20624 10639.2558594
20684 10621.8076172
20744 10605.8730469
20804 10587.0097656
20865 10568.6083984
20925 10553.9775391
20985 10534.0869141
21045 10516.8134766
21105 10505.2324219
21165 10492.2724609
21225 10477.6494141
21346 10471.4677734
21381 10465.5830078
21416 10451.1923828
21476 10434.7519531
21536 10419.2373047
21596 10402.0292969
21650 10387.4609375
21705 10370.5341797
21765 10350.8564453
21825 10339.3769531
21885 10323.5078125
21946 10309.2265625
22006 10292.8046875
22066 10278.3730469
22126 10261.1347656
22186 10243.4384766
22246 10222.7421875
22306 10212.1972656
22366 10190.4443359
22426 10170.2167969
22487 10158.2871094
22547 10139.8222656
22667 10137.2128906
22727 10119.5244141
22787 10106.5263672
22847 10090.0488281
22907 10072.6425781
22968 10052.1630859
23028 10040.3828125
23088 10019.3242188
23148 10003.0224609
23208 9991.92382812
23268 9978.33886719
23329 9960.58886719
23389 9948.60351562
23427 9935.94042969
23466 9930.93457031
23526 9917.05273438
23586 9906.38867188
23947 9848.98730469
24007 9835.36132812
24127 9840.53222656
24187 9821.80273438
24247 9804.13769531
24308 9780.59472656
24368 9774.08105469
24428 9757.79882812
24488 9740.97851562
24548 9728.37597656
24609 9714.40527344
24669 9696.49414062
24729 9675.421875
24789 9659.29785156
24849 9646.50488281
24909 9628.26757812
24969 9615.69433594
25029 9600.15625
25090 9575.80371094
25150 9561.02148438
25270 9552.86425781
25330 9540.23535156
25390 9527.31542969
25450 9507.5859375
25510 9496.171875
25571 9479.25488281
25631 9471.43359375
25691 9461.46582031
25729 9452.99609375
25767 9438.55273438
25827 9421.43945312
25888 9408.00585938
25948 9390.640625
26008 9380.25097656
26068 9360.78320312
26128 9344.85742188
26188 9333.74316406
26248 9324.921875
26309 9306.52246094
26369 9291.11425781
26429 9276.62695312
26489 9261.73535156
26609 9263.56347656
26669 9253.89257812
26730 9239.96777344
26790 9225.57226562
26850 9212.00585938
26910 9196.58496094
26970 9178.24707031
27030 9162.35546875
27090 9152.19238281
27150 9136.26757812
27211 9118.97949219
27271 9102.06152344
27331 9090.30371094
27391 9082.23046875
27451 9067.48828125
27511 9053.2890625
27571 9037.35546875
27632 9023.90136719
27692 9010.68261719
27749 8996.13671875
27806 8976.81933594
27866 8965.19140625
27987 8971.20410156
28047 8955.83398438
28107 8939.95019531
28167 8921.90429688
28227 8915.12890625
28287 8901.22265625
28348 8885.37988281
28648 8555.75097656
28708 8554.90039062
28768 8543.31445312
28829 8527.26660156
28889 8513.62011719
28949 8501.82910156
28984 8494.87011719
29019 8488.65234375
29080 8472.93652344
29140 8457.48046875
29200 8443.08398438
29260 8431.01855469
29380 8427.01367188
29441 8417.15136719
29501 8402.5703125
29561 8389.30273438
29621 8381.93359375
29681 8366.31542969
29741 8356.87792969
30162 8913.47753906
30222 8900.390625
30282 8885.76171875
30343 8870.08105469
30403 8848.71191406
30463 8836.26953125
30523 8820.11816406
30583 8804.55175781
30643 8794.29785156
30763 8766.140625
31261 8652.99804688
31322 8640.33691406
31382 8620.59960938
