0 17704.1054688
38 17687.0683594
310 17521.7851562
730 17206.2929688
2324 16662.5742188
2367 16632.9648438
2590 16488.796875
2632 16460.25
2692 16434.5117188
2873 16385.8457031
2984 16327.3701172
3396 16070.8945312
3647 15971.6640625
3707 15947.2519531
4058 15716.5566406
4400 15497.90625
4620 15448.2646484
4801 15342.4853516
5100 15161.0947266
5154 15137.5839844
5209 15122.0605469
5440 15020.5957031
5860 15097.7958984
5921 15070.7578125
6023 15018.2480469
6066 14997.7958984
6186 14943.8466797
6246 14920.3398438
6367 14924.5087891
6463 14873.0263672
6500 14853.3408203
6542 14833.0820312
6581 14812.6777344
6637 14783.9697266
6697 14762.6582031
6877 14670.9560547
6972 14630.6865234
7008 14603.9462891
7068 14580.5048828
7308 14518.6181641
7429 14465.4140625
7549 14405.2773438
7609 14377.7128906
7669 14353.3955078
7729 14326.1376953
7850 14263.1845703
7970 14209.7333984
8030 14180.3701172
8164 14168.0673828
8224 14138.8427734
8284 14111.5458984
8344 14087.2578125
8404 14070.6933594
8465 14044.7861328
8525 14017.3369141
8585 13994.3681641
8645 13971.4775391
8705 13963.1650391
8825 13893.3417969
8886 13866.1933594
8946 13851.5888672
8998 13831.3056641
9049 13819.6982422
9109 13800.0556641
9229 13791.8339844
9410 13697.2167969
9470 13674.2685547
9590 13620.0566406
9629 13603.6308594
9669 13583.0273438
9724 13561.125
9780 13535.3574219
9841 13515.6210938
9901 13487.0410156
9961 13457.6025391
10021 13435.5175781
10262 13380.7236328
10322 13353.3330078
10382 13327.5546875
10442 13298.3388672
10477 13274.1425781
10512 13263.3837891
10573 13243.7724609
10676 13190.3408203
10719 13181.9550781
10779 13168.6865234
10839 13151.3564453
10899 13131.3232422
10959 13109.0761719
11019 13092.1865234
11079 13066.1835938
11140 13036.8886719
11260 13049.5429688
11380 12988.3925781
11440 12975.4873047
11500 12950.5595703
11560 12931.7675781
11621 12911.2578125
11681 12890.6640625
11741 12870.8359375
11801 12841.7167969
11861 12819.4130859
11921 12804.1113281
11982 12775.5917969
12042 12759.3769531
12091 12737.0410156
12140 12717.4248047
12200 12702.8671875
12260 12680.7509766
12320 12673.5292969
12380 12671.9384766
12440 12645.5292969
12621 12596.0146484
12681 12566.5927734
12741 12543.5976562
12801 12525.9570312
12902 12482.0263672
12943 12460.2373047
13003 12443.8554688
13063 12422.8408203
13123 12408.0332031
13183 12384.1757812
13244 12358.9355469
13304 12337.7636719
13424 12341.0859375
13463 12327.7753906
13502 12310.7314453
13633 12253.84375
13693 12228.2900391
13753 12212.6552734
13813 12190.1015625
13874 12178.1357422
13994 12143.4082031
14054 12134.9179688
14114 12114.2021484
14175 12085.2792969
14235 12064.1914062
14295 12055.2265625
14355 12028.0595703
14535 12007.4472656
14656 11956.0683594
14716 11932.4814453
14836 11861.6328125
14896 11832.5732422
14950 11817.7490234
15004 11810.8222656
15125 11758.7109375
15185 11737.7167969
15245 11728.484375
15365 11674.5537109
15425 11662.6582031
15486 11646.1894531
15606 11643.3154297
15666 11627.9951172
16027 11699.1591797
16087 11675.6611328
16147 11660.6152344
16207 11648.7255859
16267 11627.9677734
16328 11609.8339844
16388 11592.6044922
16448 11574.3808594
16508 11554.4677734
16568 11534.6601562
16629 11509.0136719
16749 11521.4697266
16809 11508.8486328
16869 11490.8671875
16929 11474.9414062
16990 11455.3720703
17050 11432.4404297
17110 11404.3564453
17170 11382.6142578
17221 11361.1835938
17272 11350.8515625
17333 11326.0126953
17393 11312.3242188
17453 11292.6103516
17513 11267.1357422
17573 11254.9580078
17634 11242.5683594
17694 11222.3876953
17754 11200.1533203
17934 11179.6308594
17994 11168.5771484
18055 11150.9970703
18115 11128.2275391
18175 11107.9384766
18235 11098.6181641
18295 11081.640625
18355 11066.1425781
18415 11041.0830078
18475 11016.1474609
18532 11000.1972656
18589 10984.9902344
18649 10971.5400391
18709 10957.4316406
18769 10932.8222656
18829 10915.2304688
18890 10893.4316406
18971 10911.0703125
19032 10899.0283203
19092 10878.1347656
19152 10859.5615234
19212 10842.9814453
19272 10831.3046875
19332 10808.9892578
19393 10786.4423828
19453 10768.3740234
19513 10748.8789062
19573 10731.3837891
19633 10713.5800781
19693 10699.3857422
19753 10681.6445312
19814 10662.7167969
19874 10652.1328125
19934 10626.890625
19994 10619.6591797
20054 10595.3447266
20114 10572.7724609
20234 10574.4033203
20295 10550.3779297
20355 10531.1523438
20415 10511.765625
20475 10489.1279297
20535 10465.2607422
20578 10457.5244141
20621 10449.4433594
20742 10408.8300781
20802 10394.59375
20862 10380.2226562
20922 10365.8623047
20982 10348.1445312
21042 10329.8125
21102 10307.8632812
21162 10292.1191406
21223 10272.5576172
21403 10260.15625
21451 10242.3007812
21499 10224.9833984
21559 10205.5009766
21619 10189.1835938
21679 10176.7177734
21740 10157.8710938
21800 10140.3964844
21860 10118.2470703
21920 10101.1630859
21980 10081.9785156
22040 10068.9619141
22100 10049.1630859
22160 10033.0117188
22221 10011.9130859
22281 9991.85351562
22341 9976.78027344
22401 9965.61425781
22461 9953.40039062
22581 9939.63574219
22640 9925.89257812
22699 9905.25488281
22760 9883.10839844
22820 9862.84277344
22880 9847.87792969
22940 9822.36035156
23000 9806.14746094
23060 9802.36035156
23121 9782.80078125
23181 9772.29394531
23241 9754.32714844
23301 9736.2109375
23361 9722.73339844
23421 9711.33496094
23481 9687.96972656
23602 9633.80273438
23662 9621.90917969
23782 9632.57226562
23842 9603.84667969
23902 9589.44824219
24083 9536.77148438
24143 9522.4140625
24203 9501.70703125
24254 9484.35546875
24305 9471.07910156
24366 9456.08007812
24726 9498.37597656
24787 9485.06640625
24847 9471.11230469
24907 9455.75878906
24967 9440.921875
25148 9425.97851562
25208 9410.68066406
25268 9396.61132812
25328 9376.82519531
25388 9365.17285156
25448 9348.43359375
25509 9332.05859375
25569 9319.84667969
25629 9310.18554688
25689 9290.22070312
25749 9277.23632812
25809 9260.33398438
25869 9237.69042969
25929 9220.87695312
25990 9207.07421875
26050 9192.59863281
26170 9167.84472656
26230 9150.95605469
26350 9150.83789062
26411 9141.4921875
26461 9124.9921875
26511 9112.91796875
26571 9102.29101562
26632 9089.01269531
26692 9074.28710938
26752 9058.87695312
26812 9047.29101562
26872 9027.49902344
26919 9013.85253906
26966 9010.4140625
27026 8992.51269531
27086 8977.21289062
27146 8958.10253906
27207 8943.92089844
27267 8935.31347656
27327 8922.68164062
27387 8906.18652344
27447 8894.09472656
27507 8876.9453125
27567 8863.45898438
27688 8858.70800781
27748 8854.84570312
27808 8837.92773438
27868 8824.27929688
27928 8813.05859375
27988 8800.72070312
28049 8789.38867188
28109 8767.58496094
28169 8753.03222656
28229 8743.25585938
28289 8727.19433594
28349 8713.75292969
28409 8700.31152344
28469 8688.72558594
28530 8677.75
28590 8663.51269531
28650 8649.99511719
28710 8636.32617188
28770 8622.46777344
28830 8609.54296875
28890 8598.01367188
28951 8583.67382812
29071 8582.25488281
29131 8565.1015625
29191 8549.03808594
29227 8540.66992188
29260 8529.90527344
29489 9089.00878906
29549 9069.85253906
29600 9058.29785156
29643 9045.57421875
29694 9030.45898438
29754 9018.1015625
29814 8997.46191406
29874 8974.65722656
29913 8966.72851562
29952 8947.90917969
30012 8935.8828125
30072 8920.59570312
30132 8903.61230469
30193 8892.171875
30253 8882.43261719
30289 8877.55957031
30326 8863.66699219
30386 8846.73339844
30446 8828.90429688
30506 8816.11425781
30566 8810.46582031
30627 8794.43261719
30687 8781.40527344
31048 8714.0625
31108 8703.06640625
31168 8683.31542969
31228 8671.71972656
31288 8658.90722656
31348 8642.11132812
31408 8624.77832031
31469 8604.82324219
31529 8589.84375
31589 8570.73242188
31649 8554.4375
31709 8535.57226562
31769 8519.375
31830 8505.83984375
31890 8487.15625
31950 8469.23632812
32010 8457.02246094
32070 8438.55078125
32130 8424.7109375
32190 8408.32714844
32236 8397.31347656
32283 8387.88964844
32343 8377.90136719
32403 8367.84570312
32464 8351.39746094
32524 8339.57324219
32584 8327.00683594
32644 8311.24023438
32704 8294.90820312
32764 8278.359375
32824 8263.19921875
32875 8248.09472656
32911 8243.03320312
32957 8232.61816406
33017 8214.47167969
33077 8197.51367188
33137 8180.48242188
33198 8171.39111328
33258 8157.90917969
33318 8144.21728516
33378 8133.0390625
33438 8118.73388672
33498 8105.50927734
33558 8088.13525391
33594 8077.85498047
33629 8070.6796875
33690 8053.03955078
33750 8041.27148438
33810 8027.26269531
33870 8013.14111328
33930 8002.75830078
33991 7984.48242188
34051 7968.61962891
34102 7955.79296875
34154 7948.1171875
34214 7937.10351562
34274 7927.35693359
34334 7917.07373047
34394 7902.61914062
34454 7887.22705078
34514 7873.16308594
34575 7855.95751953
34635 7840.80712891
34695 7825.56005859
34755 7810.93164062
34815 7801.16503906
34867 7785.98486328
34919 7774.6328125
34979 7755.83642578
35039 7742.81689453
35099 7731.43701172
35159 7715.66943359
35220 7703.28271484
35280 7686.91259766
35340 7675.79882812
35400 7662.65429688
35460 7648.95849609
35520 7638.63623047
35761 7995.98779297
35821 7981.26220703
35881 7967.65576172
35942 7945.53076172
36002 7926.67871094
36062 7912.03955078
36122 7894.87353516
36182 7881.36181641
36242 7865.69091797
36303 7849.28125
36349 7836.203125
36396 7827.74755859
36456 7810.89208984
36516 7793.45654297
36576 7780.44189453
36636 7765.80712891
36696 7751.37939453
36756 7735.02734375
36877 7688.81396484
36937 7669.18212891
36997 7653.09130859
37053 7640.11767578
37108 7627.47363281
37168 7611.2890625
37846 7494.91113281
37906 7489.89941406
37966 7473.27441406
38026 7466.97363281
38086 7455.56738281
38146 7440.54443359
38206 7428.30810547
38267 7416.95947266
38327 7405.10742188
38387 7392.06298828
38447 7380.77685547
