0 18667.4609375
70 18624.65625
540 17985.0175781
575 17981.4375
611 17957.3164062
2097 17574.9628906
2382 17419.0175781
2442 17390.2207031
2619 17296.8398438
2898 17053.359375
2958 17031.21875
3139 16948.1132812
3319 16834.875
3801 16723.9628906
3898 16669.5332031
3910 16663.2109375
4005 16674.2148438
4246 16521.2578125
4366 16447.7246094
4426 16416.0976562
4486 16386.296875
4606 16321.6992188
4666 16289.1181641
4786 16220.8476562
4906 16202.6503906
5026 16126.5107422
5087 16092.9873047
5147 16059.9697266
5267 15988.6669922
5327 15958.9609375
5387 15929.8613281
5562 15808.2080078
5607 15794.8886719
5653 15773.7832031
5713 15767.2832031
5773 15746.0126953
5953 15631.234375
6009 15609.8447266
6065 15579.3232422
6125 15546.8515625
6185 15515.1806641
6305 15443.5029297
6404 15369.4970703
6465 15341.5498047
6525 15314.2431641
6645 15298.0976562
6705 15289.8896484
6946 15135.9384766
7006 15108.1201172
7126 15039.9306641
7187 15015.2011719
7366 14912.1845703
7486 14850.1103516
7606 14833.5566406
7706 14760.3544922
7746 14735.5322266
7806 14706.7587891
8047 14561.0742188
8107 14541.4521484
8167 14514.6328125
8336 14403.6777344
8397 14379.2382812
8457 14349.0410156
8878 14618.2333984
8915 14597.0957031
8952 14575.8144531
9012 14553.6953125
9072 14536.8925781
9192 14479.7900391
9311 14421.7402344
9369 14392.7871094
9429 14366.2138672
9489 14339.8398438
9609 14340.5947266
9669 14309.1152344
9729 14280.9882812
9790 14259.453125
9850 14227.8310547
9910 14194.5917969
9970 14170.265625
10030 14147.0166016
10090 14121.3769531
10150 14099.1738281
10210 14069.7753906
10271 14044.2353516
10331 14019.9394531
10391 13995.9042969
10451 13962.9375
10511 13940.0839844
10571 13936.0097656
10631 13934.6054688
10691 13913.4746094
10752 13891.3378906
10812 13865.7060547
10857 13848.0087891
10963 13792.5195312
11023 13766.7685547
11083 13736.0439453
11143 13711.9306641
11204 13694.8339844
11264 13665.4804688
11324 13648.5429688
11384 13636.7431641
11444 13617.4951172
11564 13617.9072266
11624 13591.3193359
11685 13566.953125
11745 13539.4511719
11805 13518.6757812
11865 13494.4326172
11925 13466.7089844
11985 13449.671875
12045 13435.0371094
12085 13417.9541016
12125 13390.9306641
12185 13374.2636719
12245 13342.2929688
12280 13338.9882812
12316 13331.5341797
12376 13317.8886719
12436 13297.4394531
12486 13276.6054688
12536 13253.9375
12657 13252.765625
12717 13222.1875
12777 13188.6806641
12837 13158.7988281
12897 13156.328125
12957 13126.6044922
13017 13106.5878906
13078 13074.7011719
13138 13043.8691406
13198 13028.7636719
13258 13005.6601562
13318 12987.6376953
13369 12962.5957031
13419 12947.1972656
13540 12887.2890625
13660 12876.9599609
13720 12870.0117188
13780 12842.1904297
13840 12820.8740234
13901 12794.0136719
13961 12773.5800781
14021 12756.0800781
14081 12728.4980469
14141 12706.8974609
14201 12682.9443359
14261 12654.0195312
14321 12631.0957031
14382 12604.8076172
14442 12586.6787109
14502 12567.8164062
14562 12545.3671875
14622 12519.7128906
14663 12502.6738281
14704 12481.8662109
14824 12470.21875
14884 12455.3701172
14944 12436.7177734
15004 12420.5087891
15047 12391.0751953
15090 12384.6308594
15150 12356.0380859
15211 12342.6298828
15271 12316.2216797
15331 12294.5957031
15391 12266.3085938
15451 12239.4453125
15511 12220.9208984
15571 12191.9462891
15631 12168.2275391
15692 12151.1396484
15812 12144.4580078
15872 12112.3662109
15932 12091.5859375
15992 12076.7753906
16052 12050.828125
16112 12024.4384766
16152 12005.9042969
16192 11986.2509766
16252 11981.3339844
16312 11955.0195312
16372 11949.3886719
16432 11923.0986328
16493 11891.2539062
16553 11863.1923828
16613 11851.5195312
16673 11830.5683594
16733 11820.9824219
16793 11792.6220703
16854 11775.6269531
16974 11783.0996094
17034 11755.2275391
17094 11728.8583984
17154 11702.9365234
17214 11693.3857422
17395 11576.8408203
17455 11554.7822266
17515 11533.5214844
17575 11522.8320312
17636 11503.1855469
17696 11481.5664062
17737 11473.9697266
17778 11461.6201172
17898 11396.5546875
18079 11407.7724609
18139 11380.6357422
18199 11352.6044922
18259 11329.6796875
18320 11311.4765625
18380 11292.078125
18440 11268.6347656
18500 11264.3691406
18560 11232.4804688
18620 11209.1962891
18680 11193.84375
18740 11183.9179688
18801 11161.9550781
18861 11137.6240234
18921 11119.6767578
18981 11100.2675781
19041 11099.0029297
19101 11085.4443359
19161 11056.8652344
19265 11042.4912109
19325 11028.1992188
19386 11008.0800781
19446 10990.6943359
19506 10979.40625
19566 10969.5253906
19626 10954.7177734
19686 10938.0703125
19746 10928.6015625
19806 10903.0605469
19867 10878.2597656
19927 10848.0263672
19987 10833.7470703
20047 10810.8291016
20107 10793.0400391
20167 10773.6259766
20288 10774.3662109
20348 10759.1152344
20408 10737.0507812
20468 10715.7382812
20528 10687.6855469
20588 10662.9267578
20648 10639.0087891
20709 10622.2128906
20769 10596.6474609
20829 10578.4580078
20864 10577.6279297
20899 10563.5039062
20945 10551.8339844
20990 10533.6425781
21050 10522.0634766
21110 10491.8154297
21171 10467.3115234
21231 10442.8935547
21291 10419.5146484
21351 10409.3417969
21411 10385.5595703
21531 10376.546875
21592 10348.3193359
21652 10337.4296875
21712 10314.203125
21772 10297.4443359
21832 10274.9550781
21892 10250.0751953
22313 10460.7177734
22373 10444.8457031
22434 10424.875
22494 10407.3662109
22530 10399.8164062
22566 10386.0449219
22626 10372.6787109
22746 10366.265625
22806 10353.1484375
22866 10336.3740234
22927 10317.3603516
22987 10302.7851562
23047 10286.5605469
23107 10266.1650391
23167 10251.9726562
23228 10230.1503906
23288 10211.1191406
23348 10198.9882812
23408 10185.6777344
23468 10169.4589844
23528 10144.609375
23588 10127.8496094
23648 10111.265625
23701 10095.7001953
23754 10081.4833984
23814 10063.2773438
23934 10064.7626953
23994 10043.5048828
24055 10022.2412109
24115 10003.1220703
24175 9985.71289062
24235 9973.6171875
24295 9956.95996094
24355 9937.38476562
24415 9926.69042969
24475 9908.72070312
24536 9890.81152344
24716 9815.33789062
24776 9804.71386719
24836 9791.66015625
24896 9776.91992188
24956 9762.82324219
25077 9760.57128906
25112 9751.38476562
25147 9736.234375
25207 9720.80664062
25267 9698.67382812
25327 9683.55761719
25387 9668.94921875
25447 9648.64355469
25508 9628.84082031
25555 9620.85742188
25602 9610.06933594
25662 9595.01464844
25722 9583.44042969
25782 9565.68066406
25843 9547.73046875
25903 9529.515625
25963 9508.73144531
26023 9495.91796875
26083 9485.34375
26143 9466.64550781
26203 9461.00390625
26306 9476.37695312
26349 9460.0546875
26409 9445.35644531
26469 9428.45019531
26529 9412.6015625
26589 9401.20410156
26649 9389.16601562
26709 9373.81933594
26769 9359.92871094
26830 9340.40722656
26890 9324.6171875
26950 9310.52832031
27010 9300.30957031
27070 9283.11328125
27130 9271.17285156
27190 9263.79296875
27250 9253.55859375
27858 9140.12207031
27918 9124.70507812
27978 9115.17480469
28038 9084.79199219
28098 9069.88085938
28158 9056.47363281
28219 9038.86035156
28339 9025.30078125
28399 9010.79199219
28459 8998.87695312
28519 8983.62207031
28579 8967.47460938
28639 8954.21484375
28700 8942.77050781
28760 8927.77929688
28880 8926.45214844
28940 8908.79785156
29000 8892.78417969
29060 8876.6640625
29121 8850.97851562
29181 8837.18457031
29241 8826.72363281
29301 8810.47265625
29361 8794.74609375
29421 8776.55761719
29481 8767.47265625
29541 8757.42480469
29602 8736.88867188
29662 8719.33984375
29722 8701.07421875
29782 8694.77441406
29842 8682.75585938
29892 8669.62695312
29943 8656.07617188
30003 8636.56835938
30123 8623.96972656
30183 8620.43554688
30244 8602.05957031
30304 8584.71972656
30364 8567.21484375
30695 8589.42675781
30755 8571.97460938
30815 8561.23144531
30875 8544.69140625
30935 8533.32617188
30985 8519.16796875
31035 8504.73632812
31095 8490.85839844
31156 8478.63476562
31216 8463.1875
31276 8448.84179688
31336 8437.44726562
31396 8426.8203125
