0 19086.6152344
517 18414.9667969
615 18400.6386719
712 18277.3222656
749 18238.9980469
809 18169.3144531
844 18143.1035156
879 18094.2109375
940 18034.9414062
1000 17999.296875
1060 17975.9863281
1120 17953.6464844
1180 17887.1875
1351 17661.703125
1401 17613.6484375
1461 17542.8613281
1522 17494.8300781
1582 17450.0136719
1697 17297.3496094
1740 17250.3867188
2062 18420.4160156
2102 18395.0820312
2162 18342.0332031
2204 18309.9296875
2245 18289.7617188
2303 18244.5917969
2361 18203.3359375
2421 18157.6796875
2481 18120.1601562
2518 18088.953125
2555 18067.5136719
2615 18021.6015625
2675 18019.4316406
2735 18016.0292969
2795 17986.0175781
2855 17950.6035156
2916 17918.3105469
2976 17870.2011719
3036 17824.6523438
3096 17781.7460938
3156 17759.9140625
3216 17699.1679688
3396 17498.6621094
3457 17466.7324219
3577 17435.0078125
3697 17311.1542969
3757 17279.28125
3817 17246.3574219
3872 17212.9707031
3926 17157.9335938
3986 17094.5078125
4047 17079.8554688
4107 17017.5742188
4167 16998.1699219
4227 16993.5722656
4287 16967.5664062
4347 16915.2480469
4408 16856.078125
4528 16867.2226562
4588 16825.4277344
4648 16798.0332031
4704 16763.453125
4761 16719.6191406
4821 16670.7382812
4881 16619.4394531
4942 16582.7304688
5002 16544.0214844
5062 16489.4726562
5122 16481.3027344
5182 16442.1425781
5242 16409.3632812
5303 16375.1865234
5388 16392.8085938
5444 16344.6992188
5499 16302.5244141
5537 16272.2080078
5574 16225.9130859
5635 16197.3027344
5695 16188.4169922
5755 16167.1992188
5808 16136.8671875
5860 16102.1416016
5920 16056.0722656
5981 16028.2011719
6041 15988.9501953
6101 15930.9121094
6161 15872.3310547
6582 16263.2714844
6642 16251.2675781
6702 16220.6035156
6762 16189.890625
6823 16159.9287109
6883 16135.8378906
6943 16100.9941406
7003 16075.3417969
7063 16053.5810547
7123 16020.5429688
7183 15975.1132812
7243 15949.5898438
7304 15926.5986328
7424 15931.3828125
7484 15896.4287109
7541 15872.5371094
7575 15857.3574219
7611 15844.4453125
7671 15827.1943359
7731 15790.3808594
7791 15763.5019531
7852 15731.40625
7912 15697.5605469
7972 15674.0498047
8032 15650.2910156
8092 15624.1835938
8153 15603.4072266
8213 15580.1533203
8273 15547.9306641
8393 15536.9824219
8452 15530.1738281
8510 15507.953125
8571 15475.9111328
8631 15445.3759766
8691 15424.7773438
8751 15397.4658203
8811 15374.1855469
8871 15340.6923828
8931 15303.3300781
8992 15286.9091797
9044 15268.5146484
9096 15227.5429688
9157 15198.4960938
9217 15179.8388672
9277 15155.7900391
9337 15127.2451172
9458 15114.7402344
9518 15107.2011719
9578 15077.7011719
9615 15065.6582031
9651 15047.9755859
9711 15020.2529297
9772 14997.0185547
9832 14963.4023438
9892 14932.1445312
9937 14920.3994141
9983 14894.4980469
10043 14864.4785156
10103 14850.5517578
10163 14822.3994141
10224 14801.4199219
10284 14774.7705078
10344 14738.6767578
10464 14742.3212891
10525 14707.8857422
10585 14674.2402344
10645 14622.4951172
10705 14618.2832031
10765 14604.6152344
10825 14578.8330078
10885 14559.5341797
10946 14522.640625
11006 14500.1171875
11066 14478.2568359
11126 14459.7041016
11186 14442.9316406
11246 14417.1923828
11293 14398.8710938
11341 14375.0791016
11461 14373.5351562
11522 14340.3505859
11582 14313.5546875
11617 14302.7304688
11652 14277.2226562
11712 14249.4462891
11772 14225.9394531
11832 14206.9726562
11892 14181.8398438
11953 14152.9003906
12013 14135.2001953
12073 14101.4521484
12133 14083.2265625
12193 14073.1640625
12253 14054.4042969
12313 14031.7431641
12373 14013.734375
12434 13984.0751953
12494 13964.9931641
12554 13958.5605469
12603 13954.6787109
12653 13928.8369141
12688 13917.9882812
12724 13902.7236328
12784 13888.6669922
12844 13867.9267578
12904 13848.7519531
12964 13819.9072266
13024 13803.3935547
13085 13770.3554688
13145 13729.2685547
13205 13676.6113281
13265 13654.7392578
13325 13629.2080078
13385 13599.1552734
13446 13569.7021484
13506 13554.0419922
13626 13532.2832031
13686 13516.3974609
13746 13496.7333984
13807 13479.0712891
13867 13457.8798828
13927 13440.1914062
13980 13426.6591797
14033 13411.8642578
14093 13373.8105469
14153 13367.1083984
14213 13345.9628906
14273 13331.5546875
14334 13309.1005859
14394 13297.5605469
14454 13270.9091797
14515 13252.8242188
14575 13231.3085938
14635 13212.7568359
14755 13189.4609375
14815 13185.2333984
14875 13169.9707031
14936 13139.0712891
14996 13128.9189453
15056 13103.9970703
15116 13080.7685547
15176 13052.2138672
15237 13031.8330078
15297 13014.1162109
15357 12994.1025391
15417 12979.6152344
15477 12965.5322266
15538 12938.3876953
15573 12924.1884766
15608 12903.7177734
15668 12877.7431641
15729 12867.8613281
15789 12845.7978516
15849 12820.4375
15969 12803.8261719
16029 12798.4277344
16090 12793.2373047
16150 12757.2666016
16210 12735.0097656
16270 12700.2929688
16330 12673.8115234
16390 12660.5292969
16450 12642.6679688
16510 12628.1826172
16571 12607.4863281
16631 12597.7148438
16691 12580.3662109
16931 12637.1738281
16991 12622.6162109
17052 12601.8457031
17153 12614.9394531
17194 12598.8574219
17255 12578.0791016
17315 12563.1757812
17375 12549.8125
17435 12522.4726562
17495 12499.2939453
17550 12486.5654297
17605 12470.5634766
17666 12447.6220703
17726 12426.0439453
17786 12405.0390625
17846 12385.7802734
17906 12375.7412109
17966 12353.9296875
18026 12331.6708984
18087 12303.5927734
18147 12283.7890625
18207 12271.5205078
18327 12278.7861328
18387 12265.8662109
18447 12247.1484375
18508 12227.8769531
18568 12207.3476562
18628 12185.46875
18688 12168.1005859
18738 12148.5507812
18787 12135.234375
18847 12118.9580078
18907 12100.5273438
18967 12083.1191406
19028 12065.2285156
19088 12049.0771484
19148 12028.4082031
19199 12003.6064453
19250 11992.8183594
19310 11972.3203125
19370 11952.7548828
19550 11946.3056641
19611 11924.9667969
19671 11908.0957031
19731 11896.6357422
19791 11871.5566406
19851 11847.5820312
19911 11828.8398438
19972 11811.3662109
20032 11803.5839844
20092 11779.3320312
20152 11758.1728516
20212 11744.0273438
20272 11724.3203125
20332 11704.59375
20392 11684.3554688
20453 11666.3837891
20513 11655.0820312
20573 11639.1103516
20633 11614.1904297
20693 11600.7666016
20813 11622.2851562
20874 11579.1240234
20934 11562.5419922
20994 11545.3046875
21054 11535.1435547
21114 11506.234375
21174 11490.2695312
21234 11469.0039062
21279 11453.2851562
21324 11447.7314453
21384 11429.8789062
21444 11418.2939453
21504 11395.2802734
21565 11377.2695312
21625 11355.296875
21685 11334.1328125
21720 11322.4443359
21755 11315.6816406
21815 11292.2949219
21876 11287.9169922
22056 11274.6503906
22109 11260.3857422
22162 11252.4394531
22222 11232.3359375
22282 11216.3789062
22342 11199.9697266
22403 11172.5458984
22463 11109.2050781
22523 11101.5791016
22569 11090.1611328
22601 11075.7197266
22647 11057.9472656
22708 11046.0058594
22768 11028.7001953
22828 11014.921875
22888 10999.4511719
23009 10979.8378906
23069 10963.3857422
23129 10950.0625
23189 10944.7988281
23309 10939.6289062
23369 10938.1035156
23429 10917.2705078
23490 10899.2880859
23550 10875.7119141
23610 10859.3808594
23654 10854.5058594
23684 10848.1904297
23730 10837.1708984
23765 10822.640625
23800 10814.4570312
23860 10794.4228516
23921 10772.1816406
23981 10755.8779297
24041 10740.5917969
24101 10725.9853516
24161 10713.3085938
24222 10693.8076172
24282 10674.9199219
24342 10662.6074219
24402 10645.9589844
24462 10617.2646484
24522 10591.2431641
24623 10620.4130859
24665 10600.0332031
24725 10580.4277344
24785 10560.0332031
24845 10539.6669922
24900 10520.7734375
24955 10499.7021484
25015 10495.6992188
25075 10483.8974609
25136 10473.8164062
25196 10449.9003906
25256 10442.9345703
25316 10421.8466797
25376 10393.5380859
25436 10374.8291016
25496 10350.2480469
25556 10347.3662109
25617 10325.4541016
25677 10306.5810547
25737 10300.3447266
25797 10284.4121094
25917 10282.9365234
25977 10273.3730469
26038 10257.4736328
26098 10234.0117188
26158 10215.0205078
26218 10195.5800781
26278 10173.9785156
26338 10153.7578125
26398 10141.5439453
26458 10124.6064453
26498 10105.1347656
26538 10097.2333984
26599 10080.6005859
26659 10079.5429688
26719 10029.6962891
26779 10025.3193359
26839 10006.2685547
26899 9991.69921875
26960 9974.73535156
27020 9956.64550781
27080 9937.92578125
27140 9917.15722656
27260 9905.69140625
27320 9883.85058594
27380 9866.08105469
27441 9852.04492188
27501 9834.06347656
27561 9811.93652344
27621 9794.30957031
27681 9770.68945312
27741 9749.30957031
27801 9745.51953125
27838 9728.87109375
27876 9719.23535156
27936 9697.80566406
27996 9682.50195312
28056 9662.62304688
28116 9644.48242188
28175 9629.96289062
28235 9606.94433594
28293 9579.99707031
28352 9568.7421875
28413 9549.59863281
28456 9529.46679688
28499 9518.31445312
28619 9520.88964844
28680 9489.51074219
28740 9459.24511719
28800 9421.41113281
28860 9415.29199219
28980 9404.51464844
29041 9381.73242188
29101 9354.03515625
29161 9326.68945312
29221 9296.22753906
29281 9280.359375
29341 9260.09179688
29402 9234.10351562
29462 9223.27539062
29522 9205.4140625
29582 9181.18847656
29642 9161.0234375
29682 9142.42675781
29721 9101.828125
29840 9081.00488281
29960 9092.53417969
30020 9061.29394531
30081 9049.98046875
30141 9024.89160156
30201 9006.51953125
30261 8993.01171875
30321 8923.13867188
30381 8904.28515625
30442 8879.82519531
30502 8873.84277344
30562 8862.21289062
30622 8844.109375
30682 8827.32714844
30742 8790.00976562
30802 8770.62109375
30863 8768.01464844
31163 9263.16796875
31223 9252.89746094
31283 9235.41503906
31464 9228.40429688
31524 9218.1640625
31584 9205.87011719
31644 9194.56738281
31704 9178.58496094
31764 9167.73339844
31825 9152.95019531
31885 9137.08007812
31945 9123.45410156
32005 9111.390625
32065 9098.84667969
32125 9087.13378906
32185 9073.36816406
32246 9060.82324219
32306 9043.31640625
32366 9032.02050781
32426 9018.29785156
32487 9003.97265625
32547 8995.33886719
32607 8983.56054688
32668 8963.69921875
32728 8950.51269531
32848 8950.421875
32908 8940.73144531
32968 8926.25195312
33028 8910.13183594
33089 8903.68164062
33149 8888.5703125
33209 8876.05175781
33269 8858.59375
33329 8847.09863281
33390 8835.13867188
33450 8820.33496094
33510 8807.67480469
33570 8783.50976562
33630 8763.16308594
33690 8749.625
33751 8735.18945312
34232 9330.62402344
34292 9317.69335938
34352 9299.0
34412 9280.26074219
34472 9266.16601562
34532 9252.4453125
34592 9239.265625
34652 9222.57128906
34713 9206.3984375
34773 9193.31152344
34833 9178.96679688
34893 9161.20996094
34953 9141.53808594
35013 9123.23828125
35073 9111.43652344
35133 9097.41308594
