0 17830.0957031
296 17462.3886719
808 16940.5253906
1143 16670.7460938
1969 16072.9580078
2029 16060.1855469
2089 16057.3457031
2149 16029.96875
2715 16360.6855469
3006 16538.3164062
3231 16408.7246094
3275 16378.6015625
3396 16340.9384766
3456 16312.9765625
3516 16282.6455078
3636 16212.5742188
3696 16186.8388672
3757 16159.453125
3877 16094.2695312
4177 15962.8730469
4298 15883.2265625
4418 15821.0146484
4598 15710.4257812
4658 15685.3720703
4839 15560.5566406
4899 15538.2402344
4959 15514.7226562
5019 15501.5107422
5079 15495.5185547
5320 15327.7207031
5380 15302.9785156
5440 15278.3857422
5500 15246.1728516
5560 15221.7763672
5620 15204.3554688
5741 15143.9404297
6041 15008.3652344
6101 14974.3876953
6162 14944.7773438
6336 14832.9667969
6396 14801.4736328
6516 14729.6640625
6576 14717.5878906
6636 14694.7138672
6696 14668.4746094
6756 14640.7890625
6791 14618.7353516
6801 14611.4228516
6836 14583.5947266
6956 14551.4277344
7152 14452.8955078
7192 14442.0322266
7251 14410.5664062
7371 14345.3671875
7432 14312.6142578
7489 14285.8291016
7547 14270.8759766
7607 14255.9169922
7727 14194.3300781
7847 14121.6328125
7968 14130.1923828
8088 14072.4404297
8148 14061.2929688
8208 14040.7060547
8304 13991.4541016
8339 13974.8349609
8400 13949.2109375
8460 13919.5634766
8520 13892.3945312
8615 13842.9970703
8650 13834.5214844
8710 13810.4394531
8771 13791.7753906
8831 13763.2060547
9011 13740.4267578
9131 13671.3798828
9191 13645.1728516
9552 13924.5927734
9612 13894.6767578
9672 13873.0595703
9733 13850.9179688
9793 13824.8574219
9853 13802.3007812
9913 13779.7636719
10033 13788.1552734
10094 13759.7568359
10154 13743.6767578
10214 13713.875
10274 13688.9238281
10334 13663.2558594
10394 13637.4169922
10454 13614.7539062
10515 13587.1533203
10575 13560.0361328
10635 13536.2705078
10695 13509.3203125
10733 13500.6201172
10771 13480.796875
10831 13457.8671875
10892 13427.5292969
11012 13420.4199219
11072 13406.1240234
11132 13373.7197266
11193 13349.5332031
11253 13325.3779297
11313 13300.203125
11373 13278.7587891
11433 13254.3720703
11493 13229.3535156
11553 13201.3525391
11614 13176.4462891
11674 13151.6582031
11734 13130.2851562
11794 13108.5703125
11854 13085.3828125
11914 13062.1865234
12033 13064.9033203
12212 12952.9853516
12272 12951.6259766
12332 12937.4726562
12392 12904.3710938
12452 12884.6152344
12513 12860.7441406
12573 12832.9677734
12633 12808.2460938
12693 12781.015625
12753 12755.6835938
12813 12732.9892578
12863 12711.8291016
12913 12700.6523438
13094 12676.2900391
13214 12617.9951172
13274 12616.8662109
13317 12601.6767578
13360 12583.8232422
13420 12561.6230469
13481 12541.3671875
13541 12520.7412109
13661 12451.375
13721 12438.8603516
13781 12420.7939453
13842 12403.5048828
13902 12371.3457031
13962 12345.8066406
14082 12336.1748047
14142 12324.3808594
14203 12301.8037109
14263 12274.7138672
14323 12257.6298828
14383 12236.5537109
14444 12213.2958984
14504 12199.8779297
14564 12176.375
14624 12153.2568359
14684 12126.8105469
14744 12103.1162109
14803 12086.8681641
14862 12071.0732422
14922 12056.2675781
14982 12025.6494141
15043 12000.1171875
15163 12007.4589844
15223 11978.3417969
15283 11961.8769531
15343 11940.6269531
15403 11918.8837891
15463 11897.2304688
15524 11871.5771484
15584 11854.5839844
15644 11839.5048828
15704 11820.8164062
15764 11793.8242188
15824 11766.4599609
15884 11752.3222656
15945 11740.640625
16005 11721.2060547
16125 11706.7333984
16185 11699.1240234
16245 11672.8642578
16306 11650.7666016
16346 11633.6728516
16371 11625.7207031
16417 11616.8945312
16477 11595.5517578
16519 11581.9375
16537 11577.5302734
16572 11567.0078125
16632 11546.5546875
16692 11522.5869141
16752 11505.2128906
16812 11488.0449219
16854 11465.2646484
16896 11453.5654297
16957 11431.5703125
17017 11413.5429688
17077 11396.8398438
17197 11402.4072266
17257 11376.2373047
17318 11354.1513672
17364 11338.5820312
17410 11325.3222656
17470 11303.3818359
17531 11273.0761719
17591 11256.9345703
17651 11242.34375
17711 11223.9863281
17771 11202.2958984
17814 11193.2089844
17856 11180.6953125
17916 11156.6806641
17958 11138.8105469
18001 11125.2314453
18061 11111.6367188
18121 11088.0605469
18241 11085.9023438
18301 11062.7626953
18362 11033.3417969
18422 11023.0859375
18482 11001.3720703
18542 10985.7509766
18602 10962.9384766
18662 10938.2246094
18723 10918.9160156
18783 10894.5751953
18843 10873.9589844
18903 10859.9121094
18963 10851.4628906
19023 10832.6425781
19083 10807.3515625
19143 10794.3525391
19264 10780.2666016
19324 10776.7587891
19384 10752.1474609
19444 10731.3974609
19504 10708.2958984
19564 10697.6103516
19624 10684.1279297
19660 10665.7675781
19695 10651.2597656
19755 10629.1855469
19815 10618.8496094
19876 10594.7802734
19936 10574.2851562
19996 10556.953125
20056 10539.6503906
20116 10519.4736328
20177 10505.2480469
20237 10483.2792969
20357 10477.8535156
20417 10452.4560547
20477 10434.53125
20538 10411.6064453
20598 10390.5332031
20658 10375.1875
20718 10350.6074219
20778 10333.3525391
20838 10304.3896484
20898 10298.0664062
20958 10277.3867188
21019 10264.625
21079 10247.7578125
21139 10224.7568359
21199 10196.0478516
21259 10188.2099609
21500 10188.9785156
21560 10169.6923828
21620 10148.8964844
21670 10139.0107422
21720 10117.2431641
21781 10099.6191406
21841 10080.5380859
21876 10070.5771484
21887 10067.6171875
21923 10039.6767578
21983 10031.3847656
22043 10015.9511719
22103 10001.8105469
22163 9988.61132812
22223 9974.99414062
22283 9956.86035156
22404 9957.86425781
22464 9933.44140625
22524 9916.41601562
22584 9894.43164062
22644 9878.81738281
22704 9861.95410156
22765 9840.36523438
22825 9826.40527344
22885 9806.67578125
22945 9792.84277344
23005 9772.53222656
23065 9753.69433594
23126 9733.28125
23161 9726.77636719
23196 9715.49902344
23256 9700.20214844
23316 9686.43945312
23437 9673.76953125
23497 9662.22460938
23557 9644.78320312
23592 9636.90722656
23628 9627.48925781
23688 9611.56152344
23748 9586.55175781
23808 9574.70800781
23868 9557.39257812
23929 9538.36425781
23989 9520.1796875
24049 9499.47851562
24090 9498.04589844
24132 9486.00585938
24177 9472.53417969
24221 9458.00683594
24282 9438.78613281
24342 9423.49511719
24402 9409.41601562
24462 9396.8671875
24582 9394.81347656
24642 9375.72265625
24703 9358.10644531
24763 9341.84179688
24823 9329.41992188
24883 9311.71875
24943 9290.88867188
25003 9271.80566406
25063 9254.84570312
25124 9241.35058594
25184 9227.30859375
25244 9208.50195312
25304 9190.7578125
25364 9170.88769531
25424 9153.88769531
25484 9143.41894531
25545 9126.61328125
25605 9107.50195312
25725 9099.74511719
25786 9088.54980469
25846 9072.38183594
25906 9050.40527344
25966 9039.36621094
26026 9015.46972656
26086 9003.76464844
26147 8990.55566406
26207 8974.765625
26267 8958.91796875
26327 8941.5703125
26387 8927.73339844
26447 8907.58691406
26507 8893.40917969
26808 8846.71582031
26928 8846.46386719
26988 8836.20117188
27049 8822.80175781
27109 8808.60253906
27169 8790.63574219
27409 9396.68847656
27470 9379.13964844
27530 9361.546875
27590 9339.765625
27650 9316.10449219
27710 9294.9765625
27770 9276.45214844
27830 9254.41210938
27891 9231.26757812
27951 9206.22265625
28011 9188.41113281
28071 9171.29296875
28131 9151.78417969
28191 9133.85644531
28251 9111.9296875
28311 9090.28125
28372 9078.81542969
28432 9046.02539062
28492 9022.04394531
28552 9012.11523438
28612 9005.00683594
28672 8988.71484375
28732 8977.73339844
28793 8964.6796875
28853 8945.74707031
28913 8927.62011719
28973 8909.58398438
29033 8892.46875
29093 8875.38476562
29153 8862.67480469
29214 8848.51464844
29274 8830.90527344
29334 8813.78320312
29394 8795.93945312
29454 8780.29003906
29514 8760.03320312
29574 8745.44433594
29634 8736.46582031
29695 8714.48828125
29755 8695.27636719
30112 8600.22460938
30172 8580.18554688
30232 8567.50976562
30293 8549.703125
30353 8532.96289062
30413 8517.70605469
30473 8504.05273438
30533 8485.55957031
30593 8470.8828125
30653 8459.62988281
30713 8448.92285156
30774 8423.10546875
30834 8408.48535156
30894 8393.28808594
30954 8375.78515625
31014 8361.97851562
31074 8345.09667969
31135 8327.75
31195 8310.94433594
31255 8295.29589844
31315 8282.13867188
31375 8273.68652344
31431 8259.19042969
31488 8244.64453125
31548 8228.52636719
31583 8215.40625
31619 8205.81738281
31679 8192.94433594
31726 8184.92529297
31773 8171.65478516
31831 8156.58203125
31889 8143.67822266
31949 8128.57421875
32010 8113.47216797
32070 8102.22949219
32105 8094.01171875
32140 8084.28027344
32342 8471.55371094
32402 8453.30957031
32763 8360.31542969
32823 8348.40234375
32884 8328.85058594
32944 8315.93847656
33004 8299.75585938
33064 8274.49902344
33124 8257.92871094
33184 8243.6875
33244 8223.859375
33304 8209.7578125
33365 8190.46191406
33425 8177.46337891
33485 8159.38964844
33545 8144.02880859
33605 8126.14257812
33665 8110.42626953
33725 8093.13867188
33785 8077.4140625
33846 8058.59570312
33906 8045.76953125
33966 8025.6640625
34026 8007.28320312
34086 7991.51953125
34146 7978.84960938
34206 7962.75683594
34267 7942.41259766
34327 7925.16699219
34387 7910.71484375
34447 7893.10791016
34507 7871.34619141
34567 7857.03515625
34627 7845.15576172
34688 7830.75488281
34748 7810.43603516
34808 7795.99707031
34868 7785.9453125
34928 7770.91113281
34985 7754.31054688
35020 7744.40625
35058 7734.07666016
35118 7717.85644531
35156 7708.87988281
35194 7693.38916016
35255 7681.50927734
35315 7674.88085938
35375 7660.55175781
35435 7643.43847656
35495 7622.33935547
35555 7598.93505859
35616 7582.69042969
35676 7568.97460938
35736 7552.1953125
35796 7538.85742188
35856 7528.22900391
35916 7507.15917969
35976 7491.50683594
36037 7479.60888672
36097 7458.41015625
36157 7449.56005859
36217 7432.75488281
36277 7419.30859375
36337 7401.82421875
36397 7391.41162109
36457 7379.36865234
36518 7364.95654297
36578 7350.78173828
36638 7333.36279297
36698 7319.98730469
36758 7309.046875
36818 7286.87255859
36878 7280.97021484
36938 7267.93896484
36999 7255.99609375
37059 7239.15917969
37119 7235.92578125
37179 7218.22949219
37239 7204.60986328
37299 7192.12597656
37359 7173.8828125
37419 7159.31835938
37479 7150.67138672
37540 7140.80078125
37575 7136.90771484
37610 7124.41308594
37670 7111.39990234
37731 7095.77148438
37791 7084.18310547
37851 7066.1328125
37911 7049.35449219
37971 7038.59765625
38031 7028.80517578
38091 7012.44042969
38151 6997.55664062
38212 6984.83154297
38272 6974.13134766
38307 6968.51660156
38342 6957.89990234
38402 6955.41015625
38462 6941.95214844
38522 6923.22460938
38583 6913.04101562
38643 6903.15429688
38703 6893.26708984
38763 6877.40673828
38823 6869.62353516
38883 6857.171875
38943 6843.57568359
39003 6826.06738281
39064 6812.19140625
39124 6808.41650391
39184 6793.35302734
39244 6784.22558594
39304 6768.98046875
39345 6762.94677734
39386 6759.68017578
39447 6745.29003906
39507 6727.39355469
39567 6715.62646484
39627 6710.2265625
39687 6693.51611328
39748 6682.18994141
39808 6676.72167969
39868 6658.37988281
39928 6644.70019531
39988 6631.40478516
40048 6620.37890625
40109 6607.01171875
40169 6596.10253906
40229 6589.73291016
40289 6580.60498047
40349 6564.98925781
40409 6551.50878906
40469 6540.57714844
40581 6526.45361328
40634 6513.74267578
40695 6494.27099609
40755 6483.55029297
40815 6476.95410156
40875 6465.12841797
40935 6456.21728516
40996 6446.2265625
41056 6420.59619141
41116 6415.80664062
41176 6403.00683594
41236 6397.31054688
41297 6380.68505859
41357 6365.92724609
41417 6350.58007812
41477 6342.88330078
41529 6335.20800781
41582 6320.65283203
41642 6307.39648438
41702 6303.92285156
41762 6295.69775391
41823 6277.23144531
41868 6270.05224609
41914 6265.70800781
41975 6263.20019531
42035 6249.19091797
42095 6244.32958984
42396 6237.64697266
42456 6227.37988281
42516 6219.22509766
42577 6207.01953125
42637 6199.95263672
42697 6183.37744141
42757 6173.48828125
42817 6162.47607422
42877 6149.99804688
42938 6141.62304688
42998 6130.99853516
43058 6122.25341797
43118 6114.34228516
43178 6104.74023438
43238 6097.06103516
43298 6085.63476562
43359 6072.35205078
43419 6057.80908203
43479 6047.98242188
43539 6040.51855469
43599 6028.05859375
43659 6022.51367188
43719 6011.33837891
43779 6005.88232422
43839 5989.71875
43900 5980.90527344
43960 5970.07373047
44020 5956.83203125
44080 5949.52148438
44140 5940.56005859
44200 5929.73242188
44260 5918.74511719
44321 5909.47998047
44381 5898.87939453
44441 5882.94238281
44501 5877.76757812
44561 5868.58398438
44621 5860.60400391
44681 5851.95996094
44741 5845.42626953
44801 5836.59326172
44862 5826.66162109
44922 5817.63769531
44982 5809.49414062
45042 5800.24609375
45086 5793.6171875
45130 5786.76074219
45190 5780.71923828
45250 5767.70898438
45310 5761.09082031
45371 5752.37792969
45431 5745.68798828
45491 5733.77734375
45551 5725.00195312
45611 5716.55761719
45671 5710.86279297
45732 5699.29101562
45792 5690.921875
45852 5681.12988281
45912 5677.33105469
45972 5668.06494141
46032 5658.89111328
46093 5652.59716797
46153 5639.72167969
46213 5631.91064453
46273 5622.66455078
46333 5612.02587891
46393 5602.90673828
46453 5593.65576172
46514 5585.53564453
46574 5577.11669922
46634 5568.0625
46694 5560.2890625
46754 5547.11376953
46814 5539.81591797
46874 5531.25634766
46934 5525.15917969
46994 5516.44628906
47055 5506.77050781
47115 5496.76416016
47175 5484.37597656
47235 5481.51904297
47295 5471.68457031
47355 5463.32128906
47415 5457.84277344
47475 5447.39453125
47536 5440.45703125
47596 5430.82763672
47656 5419.87158203
47716 5412.34326172
47776 5405.55615234
47836 5397.86328125
47897 5389.39355469
47957 5378.23632812
48017 5371.51171875
48077 5363.40869141
48137 5356.85595703
48197 5348.91796875
48257 5342.37060547
48318 5335.36328125
48378 5325.8828125
48438 5319.27929688
48496 5310.84423828
48554 5302.52392578
48614 5294.05761719
48674 5287.54492188
48734 5280.09033203
48795 5270.64892578
48855 5262.13330078
48915 5254.50292969
48975 5243.72265625
49035 5235.74462891
49095 5230.9609375
49155 5226.51464844
49215 5216.14746094
49276 5209.64404297
49336 5201.51025391
49396 5194.10253906
49456 5185.22900391
49516 5176.54101562
49576 5167.63378906
49636 5153.90917969
49696 5150.72753906
49757 5147.41992188
49817 5140.01318359
49877 5131.68359375
49937 5125.21728516
49997 5104.96972656
50057 5094.09033203
50117 5088.93798828
50177 5075.03320312
50238 5064.08154297
50298 5057.85986328
50358 5051.63574219
50418 5045.81982422
50478 5038.01074219
50538 5032.16845703
50599 5025.78271484
50659 5018.69775391
50719 5007.51513672
50779 5005.75537109
50839 4994.89306641
50900 4991.38867188
50960 4981.97070312
51020 4975.90185547
51080 4969.72412109
51140 4963.76269531
51200 4957.15429688
51261 4949.99462891
51321 4942.06787109
51381 4937.22558594
51441 4931.86328125
51501 4927.37353516
51561 4921.80175781
51621 4911.84667969
51681 4904.38134766
51742 4896.89501953
51802 4887.94189453
51862 4878.45117188
51922 4877.02539062
51982 4863.85742188
52042 4856.13330078
52103 4851.77636719
52163 4848.19384766
52223 4839.65429688
52281 4834.04443359
52339 4826.66015625
52399 4817.28515625
52460 4812.75585938
52520 4811.02832031
52580 4806.15039062
52640 4797.21777344
53215 4779.12646484
53275 4771.17138672
53335 4767.48193359
53456 4762.52783203
53516 4756.81787109
53576 4746.02636719
53636 4737.875
53696 4733.83203125
