0 17239.9667969
263 16936.9140625
323 16924.53125
678 16503.0175781
1154 16627.1796875
1610 16337.1396484
1946 16145.0400391
2247 15932.5087891
2307 15913.984375
2447 15834.4814453
2567 15780.3144531
2627 15761.9423828
3566 15403.5791016
3723 15329.671875
4024 15187.3623047
4144 15142.3095703
4204 15120.5664062
4325 15064.6894531
4505 14977.5771484
4610 14930.9335938
4654 14907.7529297
4697 14891.2988281
4740 14880.5507812
4921 14802.2714844
5041 14748.1230469
5462 14551.0341797
5522 14531.8720703
5643 14485.5078125
5763 14441.9345703
5798 14419.5654297
5833 14407.2822266
5894 14386.2802734
6375 14225.9365234
6435 14203.6972656
6495 14183.71875
6555 14163.0517578
6675 14110.3251953
6735 14089.4384766
6856 14046.5595703
6916 14028.5224609
7093 13963.4541016
7149 13945.6142578
7328 13871.9003906
7386 13849.5947266
7446 13833.5820312
7627 13764.8925781
7687 13743.1748047
7747 13721.3261719
7807 13698.4257812
7867 13679.1787109
7988 13631.1601562
8048 13608.8447266
8108 13586.5664062
8168 13566.5859375
8228 13543.2666016
8349 13503.8916016
8469 13456.6396484
8509 13447.0322266
8550 13431.6230469
8670 13382.5859375
8730 13363.8349609
8851 13317.4619141
8911 13298.3310547
8971 13274.8222656
9091 13229.4980469
9151 13211.6103516
9211 13191.9082031
9332 13141.6796875
9392 13129.6494141
9512 13085.8798828
9572 13062.3837891
9775 12974.5029297
9835 12958.3291016
9880 12940.7929688
9925 12929.8847656
9961 12917.9775391
9996 12905.7753906
10057 12891.5
10117 12869.6279297
10177 12850.578125
10226 12834.4707031
10275 12820.1025391
10313 12810.6484375
10351 12795.3417969
10412 12771.8955078
10472 12749.5029297
10532 12736.7705078
10652 12682.7294922
10712 12662.2773438
10773 12641.2988281
10833 12628.5947266
10893 12609.4921875
10953 12590.3007812
11013 12572.3066406
11073 12555.5136719
11133 12535.7011719
11193 12522.5722656
11254 12501.9267578
11314 12482.0185547
11414 12442.2236328
11455 12435.15625
11516 12415.2519531
11876 12368.2451172
11937 12349.3017578
11997 12331.21875
12057 12311.8125
12117 12300.5019531
12177 12283.4443359
12237 12263.4863281
12297 12245.6367188
12358 12222.6689453
12418 12204.9960938
12478 12189.2714844
12538 12169.640625
12598 12148.0478516
12658 12125.1113281
12718 12109.2324219
12778 12096.4785156
12838 12075.8935547
12899 12056.34375
12959 12042.9638672
13019 12027.4179688
13139 11988.9033203
13200 11978.6513672
13260 11973.1806641
13320 11965.9667969
13380 11951.1855469
13420 11942.6972656
