0 17001.2304688
333 16635.6035156
593 16350.7080078
1519 16628.7050781
1759 16447.4375
1819 16421.5996094
2098 16191.2216797
2285 16009.6884766
2569 15800.1240234
2794 15648.9072266
3131 15302.2783203
3168 15294.1328125
3650 15944.3007812
3710 15904.4628906
3830 15819.9814453
3890 15784.7373047
3951 15743.0976562
4011 15707.7792969
4071 15666.1396484
4131 15627.9628906
4191 15589.6894531
4311 15583.1728516
4432 15492.5615234
4612 15340.2041016
4672 15315.5751953
4732 15281.7529297
4792 15243.390625
4852 15204.9619141
4973 15113.8759766
5093 15083.3447266
5153 15051.8232422
5213 15021.4296875
5273 15000.2011719
5333 14968.1738281
5454 14888.0332031
5735 14702.1943359
5777 14663.7412109
5837 14634.4121094
5897 14590.4365234
5958 14578.8076172
6018 14570.9082031
6078 14536.9990234
6138 14502.34375
6176 14473.4130859
6215 14442.5761719
6275 14408.1308594
6331 14372.6757812
6388 14333.7353516
6568 14163.1191406
6628 14124.4716797
6688 14091.0908203
6869 14012.7822266
6989 13950.5703125
7049 13936.2373047
7228 13791.6259766
7289 13776.9892578
7349 13759.09375
7409 13720.5068359
7454 13681.9072266
7500 13660.6855469
7560 13636.3056641
7620 13610.2451172
7680 13592.2011719
7800 13561.6464844
7861 13550.3330078
8041 13525.3535156
8402 13949.9023438
8462 13919.7529297
8522 13893.2158203
8582 13870.1083984
8642 13839.6953125
8702 13810.8261719
8762 13785.1201172
8823 13763.3271484
8883 13738.3056641
9003 13737.8300781
9123 13665.9912109
9183 13636.5322266
9243 13618.9609375
9287 13598.8222656
9330 13581.9140625
9390 13543.4394531
9450 13515.2597656
9510 13487.6767578
9570 13470.6914062
9609 13451.2792969
9647 13425.7919922
9707 13396.9677734
9742 13378.3349609
9778 13368.2041016
9838 13335.2363281
9898 13304.5078125
10018 13296.2890625
10078 13268.34375
10139 13242.7509766
10199 13213.3769531
10259 13178.7128906
10379 13099.7900391
10439 13068.6210938
10499 13047.9892578
10559 13020.9238281
10619 12986.9462891
10680 12957.7910156
10733 12946.375
10786 12932.0517578
10847 12912.4785156
10907 12874.6074219
10961 12846.4335938
11016 12817.8232422
11136 12809.8330078
11196 12786.2929688
11256 12750.15625
11317 12720.5097656
11377 12690.5
11437 12660.2421875
11497 12639.5107422
11557 12625.0751953
11617 12602.7587891
11677 12578.3505859
11738 12538.7138672
11798 12507.5019531
11858 12484.9619141
11918 12462.0507812
11978 12442.8544922
12038 12410.8300781
12079 12388.5566406
12119 12368.9462891
12179 12355.8076172
12239 12346.8623047
12360 12267.5888672
12420 12235.2519531
12480 12202.5625
12540 12180.7597656
12600 12164.109375
12660 12137.1503906
12721 12126.2089844
12781 12093.7529297
12841 12072.8994141
13021 11876.2792969
13081 11842.0878906
13142 11821.3134766
13182 11799.3398438
13223 11772.921875
13284 11745.4375
13344 11727.8554688
13464 11667.2001953
13524 11660.1621094
13584 11643.6328125
13645 11621.6972656
13705 11595.8251953
13765 11568.5576172
13825 11543.71875
13885 11522.5185547
13939 11499.8564453
14293 11918.9980469
14353 11895.3339844
14473 11883.1171875
14534 11873.8007812
14594 11854.7607422
14654 11832.3955078
14714 11810.96875
14774 11789.8691406
14834 11764.765625
14894 11750.5097656
14954 11730.6669922
15015 11710.3330078
15075 11681.3037109
15135 11664.2724609
15195 11643.6484375
15255 11621.640625
15315 11607.2021484
15376 11581.6152344
15436 11562.4814453
15496 11536.4824219
15616 11536.0556641
15676 11511.5048828
15797 11477.8339844
15857 11451.3115234
15917 11433.2226562
15977 11414.2910156
16037 11391.3310547
16097 11367.7431641
16157 11353.5761719
16218 11333.1777344
16278 11306.1552734
16338 11281.6191406
16398 11259.1113281
16458 11237.0234375
16518 11215.6416016
16578 11192.1816406
16638 11171.2978516
16759 11161.8378906
16819 11133.6806641
16879 11119.3496094
16939 11093.6435547
16999 11069.5742188
17059 11052.5507812
17112 11035.5742188
17164 11008.1435547
17225 10989.2929688
17285 10967.3076172
17345 10942.6123047
17405 10918.578125
17465 10896.6328125
17525 10877.5849609
17585 10858.3476562
17646 10834.2861328
17706 10820.5019531
17766 10788.2763672
17826 10772.3964844
17946 10767.8515625
18006 10745.9121094
18067 10722.3574219
18127 10705.4511719
18187 10686.1845703
18247 10664.9541016
18307 10641.7001953
18367 10616.1152344
18427 10594.8779297
18488 10579.1005859
18548 10565.703125
18608 10545.3857422
18668 10537.3662109
18711 10513.7197266
18754 10496.0234375
18814 10467.1738281
18875 10448.8183594
18935 10423.625
18995 10406.6132812
19055 10395.9316406
19175 10392.0205078
19235 10368.2558594
19296 10340.8671875
19356 10315.6220703
19416 10289.6103516
19476 10264.2216797
19536 10241.8056641
19596 10226.2373047
19656 10217.1845703
19717 10190.9443359
19777 10164.9902344
19837 10143.2792969
19907 10134.7939453
19968 10123.1396484
20028 10107.1796875
20088 10094.0615234
20148 10080.7871094
20183 10078.28125
20219 10063.3613281
20279 10044.6630859
20650 10151.9589844
20710 10137.0371094
20770 10120.6708984
20831 10106.5488281
20891 10083.2666016
20949 10069.9658203
21006 10051.5068359
21067 10032.7841797
21127 10014.0371094
21187 9996.484375
21247 9975.50292969
21307 9960.84082031
21367 9948.55566406
21427 9927.90234375
21488 9912.82226562
21548 9896.72949219
21668 9904.63867188
21728 9883.74414062
21788 9865.00195312
21847 9844.16503906
21907 9830.95117188
21967 9812.66699219
22027 9796.04101562
22087 9787.03320312
22147 9763.02441406
22207 9745.50488281
22268 9720.78320312
22328 9701.37597656
22388 9690.18945312
22448 9673.4296875
22508 9648.72070312
22569 9632.39746094
22629 9610.03320312
22670 9608.56640625
22712 9595.80566406
22772 9575.09960938
22833 9556.99902344
22953 9561.24023438
23013 9543.37988281
23073 9528.02734375
23133 9506.91796875
23193 9491.58984375
23254 9475.65136719
23314 9459.48828125
23374 9443.36035156
23434 9428.09570312
23494 9412.94433594
23554 9393.79980469
23614 9380.69335938
23674 9364.30371094
23735 9348.36230469
23795 9333.0078125
23855 9316.97167969
23915 9303.13964844
23975 9287.18945312
24035 9267.76074219
24095 9247.68457031
24216 9252.54980469
24276 9250.78125
24336 9233.61035156
24396 9212.60839844
24456 9192.11035156
24516 9175.77929688
24576 9160.34863281
24636 9139.67871094
24697 9121.00878906
24740 9113.28417969
24784 9100.62304688
24845 9068.06640625
24905 9042.13964844
24965 9035.50097656
25025 9028.43359375
25085 9016.97851562
25145 8991.72949219
25206 8982.71191406
25266 8960.8984375
25326 8939.62109375
25386 8926.27246094
25446 8913.38769531
25566 8898.93261719
25927 8910.24414062
25988 8893.95800781
26048 8884.31347656
26108 8870.84082031
26168 8853.76367188
26228 8837.75195312
26288 8821.68359375
26348 8807.75683594
26589 9423.64550781
26633 9408.27734375
26677 9394.19042969
26737 9374.00683594
26797 9353.07324219
26857 9330.52539062
26917 9314.70019531
26977 9299.72558594
27038 9279.203125
27098 9256.03320312
27158 9236.70507812
27218 9223.74316406
27278 9202.40429688
27338 9180.70214844
27399 9164.51074219
27459 9150.29589844
27519 9132.69628906
27579 9114.34179688
27639 9102.73632812
27699 9083.78320312
27759 9063.85644531
27820 9047.16308594
27880 9029.45410156
27940 9013.97363281
28000 8994.66601562
28060 8974.57714844
28120 8954.17285156
28164 8940.29589844
28207 8930.31738281
28267 8912.86425781
28327 8896.54101562
28387 8878.734375
28447 8849.44140625
28508 8834.39257812
28568 8816.34082031
28628 8797.84960938
28688 8787.06640625
28748 8775.47265625
28808 8756.51855469
28868 8735.06542969
28929 8722.04394531
28989 8706.140625
29049 8688.62695312
29109 8668.16503906
29169 8654.92480469
29224 8638.32519531
29280 8623.97753906
29340 8608.66308594
29400 8593.28125
29446 8579.69921875
29492 8569.19042969
29552 8551.13769531
29612 8524.02441406
29672 8503.20996094
29732 8485.94726562
29793 8470.33691406
29853 8455.73828125
29913 8436.04101562
29973 8418.82324219
30033 8405.50488281
30093 8390.22558594
30153 8377.64648438
30214 8353.47070312
30274 8335.9296875
30334 8317.47558594
30815 8717.9765625
30850 8710.1953125
30885 8700.30078125
30945 8679.9921875
31005 8663.38574219
31066 8645.98828125
31126 8625.12890625
31186 8609.95605469
31246 8589.91699219
31306 8572.07519531
31366 8558.27832031
31426 8541.01367188
31487 8521.77148438
31547 8504.06347656
31607 8488.19726562
31667 8467.89941406
31727 8456.33496094
31787 8438.3984375
31847 8421.87597656
31907 8400.06835938
31968 8382.84570312
32028 8374.70410156
32088 8359.40625
32148 8345.56835938
32208 8327.50878906
32268 8309.47167969
32328 8297.30175781
32389 8282.33105469
32449 8270.56835938
32509 8253.50097656
32569 8238.27734375
32629 8225.69238281
32689 8207.18164062
32750 8188.10595703
32810 8176.79150391
32867 8164.82568359
32924 8148.49414062
32985 8132.78125
33030 8123.97363281
33076 8110.72949219
33136 8098.85449219
33196 8083.1875
33256 8066.92480469
33316 8050.625
33377 8039.16894531
33437 8025.11279297
33497 8010.03125
33557 7997.49121094
33617 7983.55908203
33677 7964.37207031
33738 7950.46289062
33798 7933.90087891
33858 7924.09570312
33918 7908.59033203
33978 7899.02685547
34038 7881.80761719
34098 7867.84228516
34159 7851.76708984
34219 7835.72070312
34279 7820.11425781
34339 7802.28320312
34391 7792.22949219
34442 7780.55126953
34478 7772.34472656
34513 7768.09277344
34573 7752.91748047
34633 7739.63818359
34693 7720.70751953
34753 7705.93115234
34813 7694.71337891
34861 7681.99951172
34909 7674.46386719
34961 7660.13476562
35013 7648.39013672
35073 7630.47802734
35133 7619.55810547
35193 7606.87548828
35254 7596.6953125
35314 7581.00439453
35374 7566.6484375
35434 7549.93994141
35494 7537.12109375
35554 7523.20996094
35614 7512.47460938
35675 7495.74414062
35735 7484.95263672
35795 7469.91308594
35855 7457.10302734
35915 7446.42480469
35975 7435.89160156
36035 7421.29736328
36095 7405.765625
36156 7388.19726562
36216 7373.91748047
36276 7358.71533203
36336 7351.76025391
36396 7337.25732422
36456 7324.80175781
36516 7311.12011719
36577 7298.93994141
36637 7284.91992188
36697 7273.86816406
36757 7264.86865234
36817 7251.03564453
37096 7192.54980469
37134 7185.98486328
37194 7173.43115234
37255 7162.76367188
37315 7149.22949219
37375 7135.89160156
37435 7123.52832031
37495 7111.24804688
37555 7098.81542969
37615 7089.42773438
37675 7075.47265625
37736 7061.79980469
37796 7045.55761719
37856 7036.53613281
37916 7026.02294922
37976 7015.39550781
38036 7003.23730469
38096 6990.96923828
38156 6982.04931641
38217 6970.14257812
38277 6951.86523438
38337 6941.36767578
38397 6926.77099609
38457 6916.43261719
38518 6900.10986328
38578 6890.31396484
38638 6878.54638672
38698 6866.37158203
38758 6858.34863281
38818 6848.63183594
38878 6833.60400391
38938 6827.25341797
38999 6815.41650391
39059 6802.42626953
39119 6791.66064453
39179 6778.33886719
39239 6761.09667969
39299 6746.64160156
39359 6737.01757812
39413 6728.64892578
39466 6719.54931641
39527 6709.45947266
39587 6698.12207031
39647 6688.69042969
39707 6675.04003906
39767 6664.00976562
39828 6648.39794922
39888 6640.41845703
39948 6630.21191406
40008 6620.89648438
40068 6603.86328125
40128 6595.27441406
40188 6585.32568359
40249 6576.625
40309 6561.81396484
40369 6550.11035156
40429 6537.87353516
40489 6526.36816406
40549 6514.22314453
40609 6505.01513672
40670 6498.27197266
40730 6490.28417969
40790 6483.54589844
40850 6473.89648438
40910 6455.13330078
40970 6442.49414062
41030 6424.63476562
41091 6420.33056641
41151 6407.27539062
41211 6398.01269531
41271 6386.890625
41331 6372.17724609
41391 6364.81933594
41451 6355.57373047
41512 6342.4921875
41572 6331.52050781
41632 6319.74804688
41692 6309.82080078
41752 6303.62597656
41812 6294.24462891
41872 6286.75976562
41933 6277.74853516
41993 6263.27441406
42046 6256.04150391
42100 6247.81054688
42160 6235.76269531
42220 6226.15917969
42280 6214.41650391
42340 6207.34716797
42400 6200.58349609
42461 6189.59912109
42519 6175.26708984
42578 6173.69433594
42638 6167.65429688
42698 6155.54443359
42758 6144.58398438
42818 6133.71240234
42879 6122.42871094
42939 6111.87158203
42999 6104.0703125
43059 6096.48535156
43119 6090.20361328
43180 6078.07861328
43240 6067.8203125
43300 6056.59472656
43360 6049.26464844
43420 6041.17089844
43480 6030.48876953
43540 6018.50195312
43601 6010.62158203
43661 5999.59472656
43721 5992.19189453
43781 5982.52246094
43841 5972.61181641
43902 5962.56445312
43962 5953.37451172
44022 5946.36328125
44082 5937.80615234
44142 5929.1328125
44202 5917.76904297
44262 5909.15039062
44323 5899.88916016
44383 5889.96875
44443 5884.37890625
44503 5876.09619141
44563 5868.88818359
44624 5862.00927734
44684 5857.30859375
44744 5843.78710938
44804 5832.98095703
44864 5825.203125
44924 5815.55517578
44984 5805.17480469
45044 5796.65625
45105 5789.75
45165 5780.44824219
45225 5771.37841797
45285 5761.92041016
45345 5752.67724609
45405 5744.234375
45465 5738.21728516
45526 5727.80957031
45586 5719.84765625
45646 5710.109375
45698 5702.38964844
45750 5693.75292969
45810 5686.08398438
45870 5677.47167969
45930 5665.40283203
45990 5657.15966797
46051 5648.46972656
46111 5638.53564453
46171 5633.67529297
46225 5625.29248047
46280 5618.89599609
46340 5609.26269531
46400 5601.45019531
46460 5595.07568359
46520 5590.61035156
46581 5584.90185547
46636 5573.07275391
46691 5567.44091797
46751 5560.87841797
46811 5552.02050781
46871 5541.27197266
46931 5531.15722656
46991 5526.77050781
47233 5506.92041016
47293 5503.00390625
47353 5496.07226562
47413 5487.84960938
47473 5483.18847656
47533 5472.56933594
47593 5463.71533203
47654 5457.10058594
47714 5449.05371094
47774 5443.40380859
47834 5435.43652344
47894 5426.57177734
47954 5419.47753906
48014 5413.4765625
48074 5404.58203125
48135 5396.84033203
48195 5388.72949219
48255 5379.81933594
48315 5367.55810547
48435 5355.87988281
48495 5349.98339844
48555 5342.11767578
48616 5334.99804688
48676 5326.01074219
48736 5319.74121094
48796 5311.63769531
48856 5303.54638672
48916 5296.62255859
48952 5292.81835938
48989 5287.43847656
49049 5278.8515625
49109 5272.36962891
49169 5264.375
49229 5257.77929688
49290 5249.19726562
49350 5242.82666016
49410 5238.37695312
49470 5230.87109375
49530 5223.93505859
49590 5216.80664062
49650 5208.19775391
49711 5201.08154297
49771 5192.86474609
49831 5185.57373047
49891 5176.65039062
49951 5169.09814453
50011 5160.68505859
50071 5152.56005859
50132 5144.24023438
50192 5136.69140625
50252 5130.01660156
50312 5123.28222656
50372 5114.37158203
50432 5107.62841797
50492 5101.8671875
50553 5096.75390625
50613 5089.86767578
50673 5080.60986328
50733 5071.80078125
50793 5064.94238281
50853 5058.12988281
50913 5050.18945312
50974 5045.99121094
51034 5039.40478516
51094 5032.87207031
51154 5026.92236328
51214 5020.69824219
51275 5014.1328125
51335 5009.80957031
51395 5004.13183594
51455 4996.61816406
51515 4989.99853516
51576 4984.67041016
51636 4977.37109375
51696 4969.95947266
51756 4961.88720703
51816 4951.05712891
51876 4945.23339844
51936 4942.47412109
51997 4937.62744141
52057 4931.76220703
52117 4923.109375
52177 4916.91357422
52237 4910.55322266
52297 4903.22998047
52357 4897.50146484
52418 4889.65039062
52478 4883.91210938
52538 4875.62890625
52598 4875.2578125
52658 4872.2734375
52693 4868.59228516
52729 4868.33837891
52789 4862.63867188
52849 4859.57763672
53301 4822.92529297
53361 4819.21289062
53421 4814.09570312
53481 4807.203125
53541 4800.86865234
