0 16895.0585938
47 16855.7363281
94 16806.234375
253 16651.5878906
290 16636.5371094
330 16597.4160156
390 16584.53125
847 16218.0595703
907 16183.5898438
1028 16136.5605469
1208 15823.2001953
1243 15774.1992188
1279 15746.515625
1339 15720.8222656
1700 16360.2392578
1782 16348.0546875
1842 16346.7597656
1902 16306.8925781
1963 16264.7578125
2023 16238.8457031
2083 16200.9541016
2143 16163.9394531
2181 16141.1425781
2279 16156.1933594
2339 16115.2431641
2399 16076.3681641
2459 16043.2099609
2519 16003.9521484
2579 15957.5488281
2640 15914.9521484
2700 15883.6972656
2760 15850.5175781
2820 15804.6279297
2855 15764.9541016
2891 15756.9951172
2951 15728.7294922
3011 15696.5507812
3131 15681.3535156
3191 15656.5527344
3251 15632.265625
3312 15592.1660156
3372 15560.9736328
3432 15525.0
3492 15494.3222656
3552 15465.7314453
3612 15435.6601562
3672 15403.8173828
3732 15358.9482422
3791 15328.5126953
3850 15304.40625
3911 15280.7910156
3971 15248.8398438
4031 15233.1875
4091 15225.2685547
4151 15184.2216797
4392 15050.8427734
4452 15020.2685547
4512 14988.1416016
4554 14964.6259766
4596 14957.0058594
4656 14915.8623047
4716 14895.8476562
4776 14855.1875
4811 14832.1347656
4847 14816.0146484
5268 14795.1679688
5328 14776.7441406
5388 14747.0927734
5448 14704.8164062
5508 14668.6435547
5569 14638.5546875
5629 14624.0146484
5689 14598.6777344
5749 14571.6660156
5869 14554.2636719
5929 14539.6865234
5989 14509.734375
6050 14473.5595703
6092 14439.9853516
6135 14427.9873047
6195 14404.8525391
6230 14391.7929688
6266 14370.4179688
6326 14344.8408203
6386 14316.1738281
6446 14288.4179688
6506 14273.0332031
6566 14237.6679688
6626 14209.0791016
6687 14181.7363281
6747 14151.6171875
6867 14144.6191406
6927 14110.7167969
6987 14090.7646484
7047 14065.1230469
7108 14038.2939453
7168 14008.5019531
7228 13979.8662109
7288 13953.3945312
7348 13928.9726562
7384 13905.984375
7420 13899.9501953
7480 13870.9453125
7540 13847.6503906
7600 13812.6894531
7660 13781.7568359
7721 13739.6318359
7781 13735.9716797
7901 13741.9375
7961 13701.4765625
8262 13635.6621094
8322 13607.5566406
8382 13580.4824219
8442 13551.9150391
8503 13527.4863281
8563 13508.4277344
8598 13483.359375
8609 13476.7265625
8644 13465.46875
8682 13450.0820312
8720 13435.2294922
8781 13408.1279297
8841 13386.9931641
8961 13390.2109375
9021 13349.0341797
9081 13323.1318359
9141 13297.1162109
9202 13268.1835938
9262 13237.2060547
9322 13191.4326172
9382 13183.7646484
9442 13161.2890625
9502 13133.7675781
9563 13109.3525391
9623 13081.5566406
9683 13063.2167969
9743 13034.5537109
9803 13007.4785156
9863 12972.3310547
9964 12975.1923828
10025 12937.171875
10085 12905.4267578
10145 12893.7324219
10205 12869.8945312
10265 12849.9140625
10325 12826.1884766
10385 12798.2636719
10446 12773.7148438
10506 12750.6308594
10566 12730.6474609
10626 12710.703125
10686 12690.0576172
10746 12664.5585938
10807 12632.9160156
10867 12609.546875
10927 12597.9824219
10987 12579.2724609
11107 12567.9794922
11167 12558.1113281
11228 12531.0546875
11288 12518.1835938
11348 12503.4384766
11408 12488.2099609
11468 12465.9306641
11507 12448.6933594
11546 12439.1699219
11606 12418.4150391
11666 12394.7890625
11726 12371.1464844
11786 12353.9453125
11847 12315.6142578
11907 12306.6367188
11967 12277.1953125
12328 12203.4082031
12388 12184.3369141
12508 12191.1513672
12568 12166.8203125
12629 12148.3300781
12689 12121.1640625
12749 12103.8779297
12809 12078.7958984
12869 12054.5595703
12929 12028.4248047
12989 12009.5654297
13041 11996.125
13093 11969.5234375
13153 11954.3164062
13213 11934.0322266
13393 11910.6357422
13454 11891.3486328
13514 11865.0810547
13574 11846.8339844
13634 11824.0683594
13694 11805.9599609
13754 11780.7910156
13814 11764.1230469
13875 11745.4433594
13935 11722.8583984
13984 11706.0175781
14034 11694.9130859
14094 11672.4443359
14155 11644.2041016
14197 11626.4267578
14239 11615.9140625
14299 11599.2705078
14342 11591.15625
14384 11570.6748047
14565 11553.9501953
14625 11530.4736328
14665 11513.2265625
14705 11500.4658203
14765 11484.6455078
14825 11462.5595703
14886 11442.5019531
14946 11425.2822266
15006 11406.8652344
15066 11386.3105469
15126 11367.5576172
15186 11345.7666016
15246 11325.3564453
15307 11305.6474609
15367 11281.9726562
15427 11266.2529297
15487 11243.7822266
15547 11227.1708984
15667 11233.6806641
15727 11209.3427734
15788 11186.671875
15848 11164.8818359
15908 11148.0029297
15968 11132.5439453
16028 11118.8701172
16088 11099.2597656
16148 11078.0361328
16196 11066.3369141
16243 11044.5732422
16303 11023.6679688
16363 11004.1914062
16424 10983.1728516
16484 10956.8378906
16544 10950.0253906
16604 10928.8183594
16664 10908.5019531
16724 10885.3701172
16845 10890.4111328
16905 10865.3134766
16965 10846.5371094
17025 10823.7548828
17085 10805.0605469
17145 10788.4804688
17206 10767.6289062
17266 10749.8798828
17326 10734.1699219
17627 10682.9609375
17687 10663.0136719
17747 10631.0761719
17807 10612.2783203
17867 10595.75
17928 10571.9189453
17979 10554.6826172
18030 10554.6367188
18091 10552.9589844
18151 10550.9755859
18211 10537.8535156
18271 10514.7978516
18331 10494.6386719
18391 10479.3251953
18452 10461.7304688
18512 10445.7851562
18572 10427.3779297
18632 10411.3232422
18692 10389.4550781
18752 10366.375
18812 10350.2998047
18873 10335.8769531
18933 10312.5302734
18993 10301.9042969
19053 10288.5537109
19113 10271.1513672
19173 10252.9882812
19234 10230.4033203
19354 10234.1337891
19414 10212.6787109
19474 10192.8046875
19534 10177.5751953
19594 10160.6679688
19654 10145.3730469
19715 10120.4453125
19758 10110.9189453
19802 10098.3740234
19863 10087.2685547
19923 10064.6699219
19983 10055.6220703
20043 10031.8789062
20103 10010.3671875
20148 10001.0664062
20193 9992.96386719
20254 9970.11425781
20314 9963.88476562
20374 9942.35253906
20434 9927.65234375
20494 9909.24902344
20614 9913.35058594
20675 9893.89453125
20735 9875.1796875
20795 9858.20214844
20855 9845.10253906
20915 9821.27050781
20975 9802.32421875
21035 9787.90136719
21096 9769.0390625
21156 9750.54785156
21216 9741.62207031
21276 9724.29980469
21336 9707.55175781
21396 9690.23046875
21456 9675.44824219
21516 9661.28613281
21577 9646.859375
21637 9625.46875
21672 9623.93847656
21707 9614.06054688
21749 9599.31347656
21791 9588.98925781
21912 9586.42773438
21972 9565.16992188
22032 9550.67871094
22092 9538.76367188
22152 9518.48632812
22206 9508.76855469
22260 9499.16894531
22295 9486.1875
22331 9476.21875
22391 9464.11621094
22451 9446.31835938
22511 9428.64550781
22571 9415.90722656
22632 9397.88867188
22692 9379.95507812
22752 9367.0
22812 9350.97558594
22872 9331.61425781
22932 9322.13671875
22992 9311.14648438
23053 9298.60644531
23173 9289.49804688
23233 9274.828125
23293 9257.70800781
23353 9234.55566406
23414 9216.02929688
23474 9167.33886719
23534 9132.39550781
23594 9116.21191406
23654 9106.08691406
23714 9090.58984375
23775 9077.33203125
23835 9058.40820312
23895 9044.21386719
23955 9033.13867188
24015 9012.85058594
24073 8997.85839844
24131 8983.16113281
24191 8969.46191406
24371 8994.11523438
24431 8987.60058594
24551 8984.42871094
24612 8970.28027344
24672 8961.54492188
24732 8945.24316406
24792 8927.08105469
24852 8910.24902344
24912 8890.26953125
24972 8878.76660156
25033 8860.47558594
25093 8821.65234375
25153 8814.50683594
25213 8791.48535156
25273 8777.04003906
25333 8763.10253906
25393 8747.27929688
25454 8726.79199219
25514 8718.63769531
25563 8708.33496094
25613 8698.5078125
25854 9220.74804688
25914 9196.91308594
26154 9298.12011719
26215 9282.70214844
26275 9264.9765625
26335 9246.90039062
26395 9229.32324219
26455 9214.07910156
26516 9195.31445312
26576 9176.52539062
26636 9157.05273438
26696 9132.13671875
26756 9118.74023438
26816 9107.23632812
26876 9087.5703125
26936 9071.70507812
26997 9054.90527344
27057 9044.00585938
27117 9024.53125
27177 9003.1640625
27238 8987.28515625
27298 8969.86914062
27358 8950.94921875
27418 8937.2578125
27478 8926.12207031
27538 8907.03710938
27598 8889.4765625
27659 8876.6875
27719 8856.42675781
27779 8841.66308594
27839 8826.05761719
27899 8808.18945312
27960 8789.90722656
28020 8776.41992188
28080 8762.55273438
28140 8741.46484375
28200 8722.97558594
28261 8709.74316406
28321 8692.60742188
28381 8680.54296875
28441 8663.77539062
28496 8646.63085938
28550 8637.45507812
28610 8619.36035156
28671 8602.37109375
28731 8587.97851562
28791 8576.3671875
28851 8563.13671875
28911 8545.56835938
28971 8528.23535156
29031 8509.96484375
29092 8490.15332031
29152 8472.20898438
29212 8460.77148438
29272 8444.01367188
29332 8428.21777344
29392 8415.58984375
29452 8402.83105469
29512 8389.81152344
29572 8375.875
29633 8358.5234375
29693 8335.40722656
29753 8322.05957031
29813 8310.7109375
29873 8298.54199219
29934 8288.66503906
29994 8272.14257812
30054 8254.13476562
30114 8238.21191406
30174 8223.18359375
30234 8210.45800781
30295 8192.45214844
30343 8170.40332031
30812 8498.56054688
30872 8477.26074219
30932 8458.41894531
30992 8447.1328125
31052 8430.50390625
31113 8408.65820312
31173 8388.93554688
31233 8370.92578125
31293 8361.20117188
31353 8342.16210938
31413 8330.40625
31449 8321.38867188
31461 8317.9453125
31498 8304.34277344
31558 8292.20898438
31618 8275.50292969
31678 8250.95410156
31738 8238.03710938
31798 8222.19628906
31858 8205.73339844
31919 8184.05029297
31979 8173.77880859
32039 8155.47265625
32099 8132.23876953
32159 8115.56298828
32219 8101.34472656
32280 8085.56689453
32340 8061.95947266
32400 8052.60888672
32460 8036.12011719
32520 8007.50244141
32580 7993.66113281
32641 7982.53173828
32701 7966.29785156
32761 7952.51660156
32810 7948.26025391
32858 7927.03320312
32918 7914.24365234
32953 7911.24853516
32989 7893.86279297
33033 7892.65039062
33078 7869.61425781
33138 7846.12207031
33198 7842.59130859
33259 7829.2890625
33319 7808.83447266
33379 7798.95996094
33439 7786.25
33499 7762.41503906
33559 7743.94482422
33620 7738.70507812
33680 7722.29443359
33740 7699.73388672
34020 7666.95507812
34060 7648.99316406
34120 7630.09570312
34180 7622.47558594
34241 7608.55029297
34301 7595.34082031
34361 7584.96337891
34421 7571.24462891
34481 7554.74755859
34541 7543.1875
34601 7529.51367188
34661 7513.27636719
34722 7500.69628906
34782 7488.56347656
34842 7471.97265625
34902 7458.52929688
34962 7444.625
35022 7431.42431641
35082 7418.45849609
35142 7405.41064453
35203 7391.70947266
35263 7377.60986328
35323 7362.80419922
35383 7349.50292969
35443 7338.43994141
35503 7323.06103516
35563 7311.77685547
35624 7293.31005859
35684 7283.49609375
35744 7268.46777344
35804 7251.98242188
35864 7237.32470703
35924 7229.32177734
35972 7213.62792969
36021 7206.70996094
36081 7194.49414062
36141 7184.26123047
36201 7166.25146484
36262 7151.17529297
36322 7135.69042969
36382 7122.76513672
36417 7119.71630859
36453 7113.20898438
36513 7100.69433594
36573 7088.51220703
36616 7079.17089844
36659 7074.18212891
36719 7061.08447266
36780 7047.52441406
36840 7035.53662109
36900 7021.42773438
36960 7006.94873047
37020 6994.83007812
37080 6982.30224609
37140 6974.44726562
37200 6963.29394531
37261 6945.58544922
37321 6936.40771484
37381 6923.40869141
37441 6913.27539062
37501 6899.89550781
37561 6884.70849609
37621 6874.56201172
37682 6862.32421875
37742 6848.83544922
37802 6835.63134766
37862 6826.60791016
37922 6815.87109375
37983 6800.33691406
38043 6785.45166016
38103 6776.19970703
38163 6766.05078125
38223 6754.16015625
38267 6747.46386719
38298 6743.32275391
38344 6735.21875
38404 6720.49804688
38464 6705.90625
38524 6696.26708984
38584 6683.32910156
38640 6676.77978516
38695 6661.8046875
38755 6652.94580078
38815 6641.36230469
38875 6627.0
38936 6613.82910156
38996 6602.41308594
39056 6595.82666016
39116 6584.74853516
39176 6570.75390625
39236 6558.64648438
39296 6549.88476562
39357 6537.88623047
39417 6525.546875
39477 6516.14941406
39537 6505.42041016
39597 6492.63037109
39657 6480.70458984
39717 6466.5390625
39778 6440.95751953
39838 6429.13037109
39898 6417.80761719
39958 6408.93310547
40018 6398.4140625
40078 6385.65722656
40138 6377.31884766
40199 6358.41992188
40259 6348.68017578
40319 6335.71582031
40379 6329.27832031
40439 6323.31298828
40499 6311.97900391
40560 6296.96777344
40620 6291.95654297
40680 6280.18261719
40740 6265.54931641
40800 6255.70556641
40860 6244.23925781
40921 6230.5859375
40958 6223.10986328
40995 6218.08984375
41055 6204.29101562
41115 6197.41650391
41176 6187.55078125
41715 6116.80810547
41775 6097.86376953
41835 6094.08789062
41896 6086.42431641
41956 6069.81542969
42016 6059.86962891
42076 6049.66259766
42136 6036.48730469
