0 17926.8632812
330 17639.3046875
2462 16687.390625
2618 16523.8847656
2678 16506.9785156
2859 16382.7324219
2919 16365.8134766
3036 16297.9746094
3333 16122.8457031
3454 16049.3417969
3732 15875.4238281
3792 15850.2226562
3852 15833.1494141
3947 15772.9296875
4067 15732.90625
4186 15687.6230469
4246 15671.4003906
5003 15784.2226562
5039 15762.6982422
5219 15663.9755859
5339 15601.0761719
5399 15573.6103516
5460 15544.7871094
5580 15476.9775391
5640 15446.8896484
5700 15416.125
5760 15385.2958984
5881 15370.9541016
5931 15343.5205078
5981 15324.4765625
6041 15298.1943359
6102 15269.6269531
6162 15241.4921875
6282 15179.4248047
6342 15152.2441406
6402 15124.4345703
6462 15095.2890625
6583 15035.3378906
6643 15010.0556641
6703 14980.1992188
6823 14981.2441406
6883 14950.7509766
6944 14923.0458984
7004 14898.0927734
7064 14868.6972656
7100 14854.1425781
7136 14829.7128906
7257 14765.2773438
7317 14740.8564453
7377 14715.7753906
7437 14688.9365234
7472 14668.1103516
7508 14653.7958984
7748 14586.6738281
7808 14561.6152344
7868 14540.3896484
7928 14512.0673828
7989 14487.9072266
8049 14456.8173828
8109 14428.2509766
8169 14400.7988281
8226 14369.4990234
8283 14339.0791016
8343 14310.8642578
8404 14295.4853516
8464 14271.1240234
8524 14246.1855469
8567 14223.4003906
8610 14210.8535156
8731 14195.9189453
8791 14187.09375
8851 14159.4560547
8911 14133.9804688
8971 14105.9707031
9152 14014.8339844
9212 13985.9267578
9332 13944.1328125
9392 13916.234375
9437 13898.8769531
9483 13868.3984375
9543 13840.6708984
9603 13820.0039062
9663 13790.3779297
9784 13781.1679688
9844 13754.7978516
9904 13729.4980469
9964 13704.6005859
10024 13678.7412109
10084 13651.8955078
10145 13629.0996094
10205 13607.9794922
10265 13576.5722656
10325 13549.2402344
10385 13534.8193359
10445 13506.0712891
10505 13474.9736328
10625 13426.6347656
10684 13397.1064453
10745 13390.4082031
10805 13386.6669922
10865 13358.1367188
10985 13282.7597656
11045 13280.1542969
11105 13250.9140625
11166 13221.1787109
11206 13203.4091797
11246 13190.2070312
11307 13169.1835938
11367 13148.765625
11427 13120.25
11487 13099.4277344
11547 13072.3066406
11607 13063.4443359
11667 13041.1835938
11728 13017.7783203
11788 13015.3964844
11848 13009.4169922
11908 12983.125
11943 12964.5292969
11979 12946.1708984
12039 12916.7695312
12099 12897.4082031
12159 12877.7470703
12219 12852.9130859
12279 12823.4755859
12340 12803.8261719
12400 12778.8554688
12460 12755.3896484
12520 12738.9609375
12580 12717.6513672
12700 12681.0380859
12821 12615.6982422
12941 12616.546875
13061 12561.1845703
13121 12530.9960938
13181 12508.8671875
13226 12491.4238281
13271 12476.9414062
13331 12456.2529297
13391 12427.5146484
13452 12403.8300781
13512 12382.3378906
13572 12362.1259766
13632 12343.4609375
13752 12265.1318359
13812 12239.9208984
13993 12224.5751953
14113 12159.59375
14174 12137.4755859
14234 12115.1611328
14294 12100.6523438
14354 12082.59375
14414 12059.5195312
14474 12041.1962891
14532 12015.1855469
14589 12001.4404297
14649 11970.9121094
14709 11947.5546875
14769 11934.6376953
14829 11919.5390625
14890 11902.5498047
14950 11879.2607422
15010 11850.9550781
15130 11843.8134766
15190 11832.734375
15611 11906.9794922
15671 11887.421875
15732 11866.8671875
15792 11848.0419922
15852 11828.3476562
15912 11810.1376953
15972 11789.25
16032 11766.7490234
16092 11746.6503906
16153 11725.5273438
16273 11720.8330078
16333 11701.3095703
16393 11678.8037109
16453 11654.4511719
16513 11633.1816406
16574 11615.1044922
16634 11593.3681641
16694 11576.6806641
16754 11560.3496094
16814 11542.1787109
16874 11522.0029297
16935 11500.4941406
16995 11479.3115234
17055 11462.0859375
17115 11439.1679688
17175 11418.6005859
17235 11394.4111328
17296 11374.5175781
17416 11380.796875
17476 11356.0185547
17536 11341.9296875
17596 11317.5429688
17656 11303.2050781
17717 11279.8027344
17777 11257.8115234
17837 11232.4804688
17891 11218.2490234
17945 11193.6435547
18005 11165.4511719
18065 11151.0625
18125 11139.0449219
18185 11121.0869141
18245 11101.4951172
18305 11079.3183594
18366 11060.2763672
18426 11039.4707031
18467 11026.4101562
18508 11010.5234375
18628 11012.8027344
18689 10998.9189453
18749 10973.2041016
18809 10947.7607422
18869 10926.6855469
18929 10910.1484375
18989 10889.7177734
19049 10872.7578125
19110 10853.8867188
19170 10834.3535156
19230 10811.6074219
19290 10792.0849609
19350 10768.7705078
19410 10754.6669922
19470 10737.9960938
19531 10723.4306641
19591 10705.1503906
19651 10688.9941406
19771 10689.7998047
19831 10674.9169922
19891 10651.21875
19951 10629.8388672
20012 10612.5683594
20072 10586.2685547
20132 10575.1992188
20173 10559.7363281
20214 10552.5078125
20274 10534.9785156
20334 10515.6064453
20394 10492.4794922
20454 10465.4609375
20515 10434.3798828
20575 10429.1396484
20635 10421.6230469
20695 10406.0185547
20755 10391.2080078
20815 10374.6308594
20876 10356.7685547
20996 10346.7158203
21056 10341.1220703
21091 10331.6894531
21102 10325.34375
21138 10324.0507812
21198 10308.4541016
21258 10294.7089844
21378 10246.8876953
21438 10239.6357422
21499 10218.84375
21559 10204.9873047
21619 10185.9902344
21739 10128.6582031
21799 10115.1337891
21847 10100.2451172
21895 10083.8818359
21956 10068.3613281
22016 10051.6738281
22076 10035.0683594
22136 10017.5332031
22196 10009.8808594
22317 10012.5625
22678 9994.54492188
22738 9981.19140625
22798 9971.33007812
22858 9955.26660156
22918 9936.4375
22978 9921.17773438
23038 9909.15429688
23099 9892.50195312
23159 9870.71875
23219 9853.86035156
23279 9837.9140625
23339 9819.14550781
23399 9802.32128906
23520 9801.23925781
23580 9794.90429688
23640 9776.20214844
23700 9761.43164062
23760 9744.89550781
23820 9732.58203125
23880 9714.02050781
23940 9700.57714844
24001 9684.5
24061 9663.40136719
24121 9652.42578125
24181 9638.77148438
24241 9622.94335938
24290 9613.06152344
24339 9597.51269531
24399 9582.56054688
24460 9565.65625
24520 9553.42773438
24580 9531.14355469
24640 9522.06933594
24700 9500.61328125
24821 9497.66601562
24881 9489.75292969
24941 9476.52636719
25001 9459.80664062
25062 9444.41992188
25122 9431.78125
25182 9418.5
25242 9404.05175781
25302 9387.54882812
25362 9374.26464844
25422 9357.28710938
25483 9338.68066406
25543 9314.98535156
25603 9305.71289062
25663 9293.14453125
25723 9279.40136719
25763 9269.72265625
25803 9263.65136719
25863 9246.74707031
25924 9232.828125
25984 9218.25683594
26104 9207.49511719
26164 9200.47460938
26224 9188.12792969
26284 9172.62597656
26344 9158.77832031
26403 9145.37402344
26464 9128.40820312
26524 9117.30957031
26584 9103.05273438
26644 9089.83691406
26705 9073.16894531
26765 9060.7578125
26825 9048.75585938
26885 9030.26171875
26945 9018.515625
27005 8997.24414062
27066 8982.93359375
27126 8968.29003906
27186 8955.15917969
27246 8941.46875
27306 8927.04394531
27366 8911.70800781
27728 8856.40234375
27788 8840.93066406
27848 8827.140625
28076 9453.0
28136 9430.32421875
28197 9413.36425781
28257 9394.34375
28317 9374.35449219
28377 9354.57324219
28437 9338.57226562
28497 9319.71679688
28558 9303.5
28618 9280.38574219
28678 9264.41796875
28738 9254.34667969
28798 9235.89355469
28858 9216.39746094
28918 9196.54003906
28978 9166.43359375
29026 9158.34375
29074 9143.796875
29135 9128.04785156
29195 9113.86328125
29255 9097.89355469
29315 9080.37109375
29375 9061.75488281
29435 9044.37402344
29495 9029.14941406
29556 9013.21582031
29616 8993.625
29676 8981.63378906
29736 8967.70800781
29797 8944.61425781
29857 8926.86914062
29917 8909.7265625
29977 8892.04003906
30037 8876.38867188
30097 8857.40136719
30158 8838.34667969
30218 8822.09960938
30278 8808.20214844
30338 8791.31152344
30398 8773.12597656
30458 8759.23535156
30519 8739.63671875
30579 8729.5859375
30639 8721.82519531
30699 8704.57617188
30759 8686.82617188
30802 8679.57421875
30844 8665.59179688
30905 8645.12988281
30965 8634.52246094
31025 8622.6484375
31085 8599.41601562
31145 8582.14453125
31205 8570.95019531
31265 8559.1796875
31326 8545.98730469
31386 8528.92480469
31446 8518.90527344
31506 8499.28710938
31566 8488.49609375
31626 8469.83691406
31687 8451.70507812
31747 8430.84277344
31807 8421.44238281
31867 8406.75488281
31927 8390.28613281
31987 8378.37011719
32048 8365.17773438
32108 8348.30664062
32168 8332.19433594
32228 8323.15722656
32288 8303.39355469
32348 8286.76367188
32409 8270.67871094
32469 8252.85742188
32529 8234.15527344
32589 8225.63769531
32649 8215.28417969
32709 8198.91308594
32761 8185.70214844
32812 8178.58544922
32933 8135.87597656
32993 8124.84130859
33053 8113.21777344
33113 8097.16015625
33173 8086.79980469
33233 8068.00195312
33293 8051.72363281
33353 8039.64257812
33414 8036.52978516
33474 8024.49755859
33534 8009.94873047
33571 8002.38085938
33608 7988.93017578
33668 7971.20507812
33728 7960.03808594
33788 7950.22900391
33849 7930.32958984
33909 7913.73779297
33955 7907.85400391
34001 7900.07568359
34061 7885.84570312
34121 7873.09179688
34181 7854.24609375
34241 7843.04296875
34302 7827.50830078
34362 7822.24414062
34422 7809.46386719
34482 7792.00341797
34542 7775.34912109
34603 7775.01513672
34663 7760.09082031
34723 7744.42333984
34783 7736.58056641
34843 7721.3515625
34882 7706.66259766
34920 7699.15966797
34981 7682.75585938
35041 7674.26513672
35101 7656.92871094
35161 7653.15429688
35196 7650.84326172
35231 7639.95800781
35291 7623.72509766
35352 7609.24902344
35412 7593.15625
35472 7583.63037109
35893 7520.38525391
35953 7506.41748047
36014 7494.89550781
36074 7480.26855469
36134 7465.93164062
36194 7456.90478516
36254 7443.89794922
36314 7427.22460938
36375 7416.48486328
36435 7409.54101562
36495 7396.96679688
36555 7384.75146484
36615 7370.56005859
36675 7359.24414062
36735 7347.94433594
36796 7337.74902344
36856 7327.81738281
36916 7313.05078125
36976 7301.61669922
37036 7287.67480469
37097 7278.42138672
37157 7265.09912109
37217 7253.08789062
37277 7243.81005859
37332 7231.95849609
37387 7221.61669922
37448 7209.99316406
37508 7199.02148438
37568 7188.99902344
37628 7176.33837891
37688 7164.80615234
37929 7515.10302734
37989 7494.61181641
38049 7483.76416016
38110 7473.09863281
38170 7457.96191406
38205 7445.94238281
38240 7439.96777344
38301 7428.40869141
38361 7415.19921875
38421 7399.79003906
38481 7381.16210938
38541 7365.28955078
38601 7357.2109375
38662 7345.14355469
38722 7331.28564453
38782 7318.81835938
38842 7308.73486328
38902 7296.72900391
38962 7281.19873047
39022 7268.33349609
39083 7257.89990234
39143 7244.41210938
39203 7233.52636719
39263 7220.75537109
39318 7206.94287109
39374 7198.08349609
39434 7184.30029297
39494 7167.62304688
39555 7156.94873047
39615 7142.01855469
39675 7123.71191406
39735 7111.72509766
39795 7105.40429688
39856 7097.82226562
39916 7081.27539062
39976 7068.01074219
40036 7054.57958984
40096 7042.31884766
40156 7033.74853516
40216 7019.73730469
40277 7007.12841797
40337 6993.00537109
40397 6981.21972656
40457 6967.67919922
40517 6955.45263672
40577 6944.81982422
40638 6929.22412109
40698 6918.94482422
40758 6911.75732422
40818 6898.25292969
40878 6886.27783203
40939 6872.26708984
40999 6860.07470703
41059 6853.80712891
41119 6840.07910156
41179 6827.81347656
41239 6815.99902344
41300 6802.30566406
41360 6788.53857422
41420 6780.11914062
41479 6770.96728516
41538 6760.63574219
41579 6752.70751953
41620 6743.72265625
41680 6729.60791016
41740 6720.08789062
41800 6708.19482422
41860 6694.42480469
41921 6684.79638672
41981 6673.27197266
42041 6662.4453125
42101 6648.94140625
42142 6643.82617188
42182 6637.69677734
42242 6626.15039062
42302 6614.22509766
42363 6603.29443359
42423 6590.61132812
42483 6579.03125
42543 6568.74414062
42603 6555.91455078
42663 6544.67480469
42724 6531.40917969
42784 6519.57128906
42844 6511.40722656
42904 6502.33837891
42964 6494.14746094
43024 6485.85546875
43084 6473.53027344
43145 6464.02294922
43205 6451.75683594
43265 6443.65429688
43325 6430.93554688
43385 6422.60107422
43445 6404.96679688
43505 6395.62158203
43565 6385.56640625
43626 6377.14355469
43686 6368.17431641
43746 6355.21386719
43806 6347.06835938
43866 6335.08544922
43927 6329.3515625
43987 6317.14306641
44047 6305.01123047
44107 6294.71484375
44167 6285.00830078
44227 6273.47851562
44269 6270.51318359
44612 6210.60058594
44672 6200.53369141
44732 6191.49951172
44793 6183.42138672
44853 6174.09130859
44913 6165.46142578
44973 6155.67773438
45033 6144.57910156
45093 6133.74951172
45153 6128.12158203
45214 6118.22558594
45274 6105.52490234
45334 6098.33251953
45394 6086.87011719
45454 6076.38818359
45515 6066.63427734
45575 6059.25585938
45635 6050.2578125
45695 6040.16308594
45755 6033.01611328
45816 6022.58935547
45876 6013.45605469
45920 6010.17871094
45963 5999.63525391
46024 5989.81591797
46084 5982.66992188
46144 5972.69482422
46204 5965.17578125
46264 5955.265625
46312 5944.99267578
46361 5938.03515625
46421 5928.57177734
46541 5906.40917969
46601 5898.91015625
46661 5889.56640625
46721 5882.36669922
46782 5875.04199219
46842 5865.43554688
46902 5856.18701172
46962 5845.18603516
47022 5837.81982422
47082 5829.02050781
47142 5821.92529297
47203 5813.28613281
47263 5802.015625
47323 5796.05810547
47366 5789.66943359
47410 5786.10498047
47470 5776.95996094
47530 5764.67529297
47590 5756.38671875
47650 5748.08544922
47711 5736.81884766
47771 5719.375
47831 5711.24755859
47891 5704.67919922
47951 5695.39355469
48012 5685.60302734
48072 5679.23583984
48132 5671.94140625
48192 5665.36523438
48252 5655.66015625
48312 5645.08642578
48373 5641.45166016
48433 5631.58007812
48493 5623.56347656
48553 5614.82128906
48613 5608.11767578
48673 5598.53173828
48734 5594.27734375
48794 5584.05322266
48854 5573.80029297
48914 5562.72314453
48974 5554.03369141
49035 5545.68359375
49095 5537.89306641
49155 5531.24267578
49215 5523.35595703
49275 5516.33496094
49316 5511.80712891
49356 5504.03808594
49416 5497.80761719
49476 5488.31835938
49537 5479.78564453
49581 5476.6953125
49625 5471.10546875
49685 5464.04882812
49745 5455.10351562
49805 5444.70117188
49866 5436.875
49926 5427.57177734
49986 5422.76953125
50046 5414.92333984
50106 5407.01904297
50166 5400.66503906
50226 5392.83496094
50287 5385.98486328
50587 5345.93261719
50648 5338.81396484
50708 5330.39892578
50768 5322.13183594
50828 5315.703125
50879 5309.03759766
50991 5289.90283203
51051 5286.58740234
51111 5281.28369141
51171 5272.30175781
51231 5264.69628906
51292 5257.62548828
51352 5250.13476562
51412 5242.92675781
51472 5233.10742188
51532 5228.69628906
51592 5221.04443359
51652 5210.5390625
51713 5207.09326172
51773 5196.67236328
51833 5187.14892578
51893 5180.66210938
51953 5175.35449219
52013 5166.12402344
52073 5160.15771484
52134 5152.06884766
52194 5148.86474609
52254 5141.13378906
52314 5133.5390625
52374 5125.71044922
52434 5118.30419922
52495 5112.24853516
52555 5106.29541016
52615 5098.24560547
52675 5093.30615234
52735 5083.71875
52795 5076.24560547
52856 5066.67626953
52916 5061.49755859
53321 5040.73486328
53381 5036.64257812
53441 5034.12548828
53501 5025.62890625
53561 5025.52148438
53622 5018.140625
53682 5009.73583984
53742 5005.21533203
53802 4999.45605469
53862 4993.91259766
