0 15133.0966797
351 15039.6640625
411 15028.2578125
531 15003.7705078
591 14983.7265625
652 14961.0224609
1554 15219.0244141
1614 15194.3740234
1914 15031.6748047
2035 15021.0146484
2155 14972.2890625
2215 14950.0400391
2586 14690.2099609
2947 14560.2851562
3007 14537.3154297
3067 14517.3701172
3298 14386.8935547
3349 14371.3232422
3530 14259.5449219
3590 14239.1630859
3710 14185.9355469
3831 14164.0839844
3891 14159.0830078
4312 14190.0419922
4432 14139.9013672
4492 14120.4931641
4672 14039.3222656
4793 14042.1777344
4853 14022.7822266
4973 13972.8466797
5094 13917.6005859
5197 13870.7236328
5257 13847.4238281
5317 13827.7558594
5377 13803.984375
5618 13701.8251953
5798 13689.7851562
5858 13665.3261719
5979 13619.3955078
6039 13594.4667969
6099 13575.6054688
6159 13552.8017578
6400 13448.2119141
6440 13434.8896484
6481 13419.7060547
6541 13403.0019531
6601 13378.7998047
6636 13363.7207031
6731 13357.8154297
6792 13352.6708984
6972 13276.1826172
7032 13256.1972656
7092 13232.1220703
7152 13207.1445312
7213 13190.8291016
7273 13166.9453125
7333 13145.1240234
7453 13100.9140625
7513 13075.9902344
7573 13052.7109375
7633 13031.3867188
7694 13011.5732422
7814 13015.4550781
7874 12993.7363281
7912 12983.5361328
7950 12960.4853516
8011 12938.7548828
8071 12922.8232422
8131 12901.9902344
8191 12882.5351562
8251 12859.9580078
8372 12813.2099609
8492 12763.1767578
8552 12742.3867188
8612 12718.0439453
8672 12696.9755859
8793 12684.2529297
8853 12679.4189453
8913 12659.2158203
8952 12642.5888672
8990 12624.5517578
9032 12607.3300781
9074 12592.7265625
9134 12575.0224609
9195 12550.7753906
9255 12531.5009766
9345 12490.8837891
9405 12472.7314453
9466 12451.7363281
9526 12427.9609375
9646 12390.2080078
9826 12310.1464844
9947 12317.1679688
10067 12266.2695312
10102 12254.6826172
10138 12242.5244141
10198 12228.3623047
10258 12211.4609375
10318 12190.0458984
10619 12060.6728516
10667 12037.4785156
10776 11996.5429688
10836 11971.5996094
10896 11958.6103516
11016 11952.4794922
11077 11936.1660156
11317 11837.0644531
11377 11820.3652344
11437 11805.0214844
11498 11783.2998047
11558 11767.0087891
11618 11748.6132812
11678 11730.2607422
11738 11709.2900391
11773 11707.6005859
11809 11685.8691406
11929 11645.7695312
12049 11600.7636719
12410 11698.2412109
12470 11674.1953125
12530 11660.5791016
12591 11643.4873047
12651 11626.0029297
12711 11602.6552734
12771 11585.5449219
12831 11564.2578125
12868 11550.8183594
12904 11540.0488281
12965 11526.9150391
13025 11512.3027344
13085 11491.4609375
13140 11470.7724609
13195 11454.2138672
13295 11458.28125
13335 11447.9492188
13395 11427.4716797
13455 11408.0976562
13515 11391.5341797
13575 11371.2021484
13635 11356.5878906
13695 11337.2910156
13755 11324.2421875
13814 11313.5634766
13874 11300.6630859
13934 11280.7490234
13994 11264.5029297
14055 11247.4267578
14115 11230.8574219
14175 11215.8808594
14235 11193.7509766
14295 11179.7216797
14355 11166.7509766
14476 11169.0253906
14536 11150.9335938
14596 11129.8789062
14656 11118.3876953
14716 11097.3359375
14776 11079.4931641
14836 11058.1884766
14887 11044.7714844
14937 11031.9316406
14998 11014.0849609
15058 10997.6611328
15118 10981.1972656
15178 10963.8701172
15238 10945.5498047
15298 10930.4355469
15359 10915.3105469
15419 10895.9560547
15479 10873.8359375
15539 10856.6640625
15659 10859.7441406
15719 10850.3427734
15780 10837.0126953
15840 10815.9365234
15900 10794.0517578
15960 10775.9726562
16080 10735.3222656
16140 10719.9384766
16200 10708.6269531
16261 10690.5751953
16321 10671.7900391
16381 10660.2646484
16441 10645.0498047
16501 10632.2998047
16561 10611.8251953
16616 10596.1464844
16670 10581.1240234
16730 10560.8320312
16791 10542.5917969
16851 10526.2382812
16971 10542.2353516
17031 10521.4316406
17091 10505.9277344
17151 10492.9990234
17212 10477.0429688
17272 10459.1269531
17332 10441.46875
17392 10426.4853516
17452 10411.2480469
17512 10399.5683594
17572 10382.7734375
17632 10366.2216797
17693 10355.4775391
17744 10339.375
17796 10329.4511719
17856 10309.6210938
17916 10295.9951172
17976 10277.6044922
18037 10262.9511719
18217 10261.9824219
18277 10244.890625
18397 10191.8085938
18458 10178.8388672
18518 10159.9785156
18578 10149.9716797
18629 10128.0556641
18680 10104.0664062
18740 10097.6416016
18800 10087.1523438
18860 10075.5673828
18920 10062.609375
18980 10045.9140625
19041 10033.2509766
19101 10023.1484375
19161 10004.7919922
19221 9989.26269531
19281 9966.33691406
19341 9960.04394531
19402 9941.27246094
19462 9926.73925781
19582 9926.87597656
19642 9913.43847656
19702 9897.9453125
19763 9882.99609375
19823 9869.25390625
19883 9855.19335938
19943 9840.14453125
20003 9822.50683594
20063 9808.33496094
20124 9796.91601562
20184 9780.04394531
20244 9762.09375
20304 9745.91015625
20364 9731.05371094
20424 9720.99023438
20484 9704.34570312
20545 9691.70507812
20605 9679.92871094
20665 9663.65527344
20707 9651.6171875
20750 9643.54296875
20854 9661.875
20897 9645.63671875
20957 9631.26953125
21017 9615.87988281
21077 9602.37695312
21137 9589.91015625
21198 9567.96191406
21258 9553.74707031
21318 9545.54785156
21378 9535.34277344
21438 9529.55273438
21499 9514.29199219
21559 9494.02246094
21629 9482.29785156
21689 9468.50097656
21749 9449.69140625
21809 9435.63378906
21869 9419.95800781
21930 9405.04003906
21990 9391.50488281
22050 9373.95605469
22110 9366.55078125
22170 9352.83398438
22291 9355.12304688
22351 9340.33007812
22411 9324.47753906
22471 9311.11621094
22531 9294.52246094
22591 9281.87597656
22651 9271.44726562
22711 9259.22363281
22772 9244.83984375
22832 9231.89257812
22892 9220.88769531
22952 9210.99707031
23012 9192.83886719
23106 9181.25878906
23166 9169.08203125
23226 9150.47167969
23286 9131.49511719
23347 9116.69921875
23407 9100.11035156
23467 9092.94726562
23527 9082.39257812
23707 9077.54785156
23768 9061.36132812
23828 9047.77441406
23888 9039.80371094
23948 9028.8828125
24008 9013.2265625
24068 8994.96191406
24128 8978.109375
24189 8966.83691406
24249 8956.37402344
24309 8946.71679688
24369 8933.93261719
24730 8893.98046875
24790 8880.98925781
24850 8868.37792969
24910 8854.31542969
24971 8840.48144531
25151 8836.46972656
25211 8820.0078125
25271 8805.04003906
25332 8791.52734375
25367 8786.16796875
25402 8777.23730469
25462 8763.20800781
25522 8748.46191406
25583 8735.93066406
25643 8722.89355469
25703 8708.19726562
25763 8699.66113281
25804 8688.14746094
25844 8678.19433594
25904 8663.59960938
25965 8651.84277344
26025 8645.66210938
26085 8628.99707031
26145 8614.93261719
26205 8602.12304688
26265 8589.57910156
26325 8572.89941406
26385 8559.04394531
26506 8552.16894531
26566 8551.8515625
26626 8533.56835938
26686 8525.20703125
26746 8515.45410156
26807 8505.41601562
26867 8492.30078125
26927 8476.77636719
26987 8462.56152344
27047 8443.45703125
27107 8433.57910156
27168 8426.53417969
27228 8414.22363281
27288 8406.98144531
27348 8391.80175781
27408 8383.88867188
27468 8366.54980469
27528 8356.84082031
27589 8343.0546875
27649 8336.828125
27709 8322.80371094
27769 8310.88671875
27829 8299.20019531
27889 8287.8046875
27949 8276.64257812
28010 8262.20214844
28190 8218.43457031
28250 8212.20507812
28289 8204.91699219
28328 8198.01953125
28388 8184.65185547
28449 8169.98046875
28509 8158.94335938
28569 8148.10498047
28629 8137.05517578
28689 8123.93310547
28749 8111.38476562
28809 8103.25
28870 8091.30615234
28930 8078.72265625
28990 8066.46972656
29050 8055.23779297
29110 8044.42333984
29170 8032.93994141
29230 8020.21923828
29291 8008.47412109
29351 7995.31494141
29411 7983.98681641
29471 7976.64941406
29531 7968.37060547
29591 7957.10351562
29651 7947.27685547
29712 7936.0625
29772 7924.4453125
29832 7914.50927734
29892 7904.87792969
29952 7894.59814453
30012 7881.51806641
30072 7868.59570312
30132 7857.56298828
30193 7846.14941406
30253 7838.99609375
30313 7831.67773438
30373 7820.60498047
30433 7806.16113281
30493 7788.87792969
30553 7775.61425781
30614 7766.79638672
30674 7761.98095703
30734 7747.17578125
30777 7736.3984375
30820 7731.29345703
30880 7716.67431641
30940 7707.54492188
31000 7699.0859375
31061 7690.79394531
31121 7679.02392578
31181 7664.18847656
31241 7651.0234375
31301 7640.00585938
31361 7630.62548828
31421 7618.265625
31481 7610.19775391
31542 7601.61083984
31602 7587.52050781
31662 7578.74755859
31722 7567.796875
31782 7556.13183594
31843 7533.38476562
31903 7525.53515625
31963 7518.65429688
32023 7510.93896484
32083 7497.49804688
32143 7490.46875
32203 7478.64355469
32264 7471.52294922
32324 7462.77197266
32384 7453.54150391
32444 7443.53759766
32504 7432.921875
32564 7425.10644531
32624 7415.19726562
32685 7404.12255859
32745 7396.23339844
32805 7383.42480469
32865 7374.65478516
32925 7366.45947266
32960 7354.50341797
32996 7352.40185547
33056 7338.69189453
33116 7324.93408203
33176 7321.44677734
33236 7311.26708984
33296 7302.29541016
33356 7295.82470703
33417 7284.27880859
33477 7271.81445312
33537 7260.93408203
33597 7250.203125
33639 7246.16894531
33680 7237.91162109
33741 7228.00439453
33801 7217.23291016
33861 7204.93457031
33921 7191.69091797
33982 7176.53662109
34042 7156.69726562
34102 7142.90869141
34162 7133.86035156
34222 7123.04296875
34342 7102.68652344
34583 7588.02880859
34944 7622.51025391
35004 7610.05322266
35064 7598.70703125
35124 7587.64453125
35184 7575.50585938
35245 7565.72167969
35305 7553.61083984
35365 7545.23486328
35425 7528.45458984
35485 7520.15625
35545 7510.24365234
35606 7495.2109375
35666 7480.0390625
35726 7472.23828125
35786 7460.39892578
35846 7449.5859375
35906 7436.03173828
35966 7422.07910156
36027 7406.48583984
36087 7396.33544922
36147 7390.30859375
36192 7378.71533203
36237 7371.90283203
36285 7364.08203125
36334 7354.76171875
36394 7339.74169922
36454 7324.18798828
36514 7315.03173828
36575 7304.61279297
36635 7295.99511719
36695 7283.34716797
36755 7271.43115234
36815 7257.36376953
36875 7245.43261719
36936 7232.9375
36996 7218.03076172
37056 7204.19042969
37116 7191.52441406
37176 7181.54296875
37236 7171.12792969
37296 7157.65478516
37357 7154.54101562
37417 7142.79394531
37477 7129.38964844
37537 7117.86523438
37597 7102.91113281
37646 7090.99169922
37696 7082.00537109
37756 7069.93261719
37816 7060.62695312
37876 7048.33496094
37937 7036.41015625
37997 7026.56835938
38057 7014.01757812
38117 7005.82421875
38177 6993.83691406
38238 6984.86767578
38298 6974.56152344
38358 6963.31201172
38418 6949.48291016
38478 6943.05566406
38538 6930.46679688
38598 6913.91503906
38658 6903.17919922
39140 7235.40039062
39200 7220.20410156
39260 7207.58203125
39752 7119.0078125
39813 7114.10449219
39873 7099.67578125
39933 7089.45898438
39993 7076.74462891
40053 7056.82226562
40113 7044.00927734
40174 7031.97949219
40234 7017.99316406
40294 7001.98876953
40354 6993.14355469
40414 6983.05517578
40474 6971.70507812
40534 6959.17138672
