0 18148.21875
51 18091.8515625
1357 17342.6035156
1394 17330.0898438
1574 17237.1113281
1635 17224.9042969
1695 17224.1992188
1755 17206.8867188
1860 17188.7578125
1905 17176.1523438
1966 17167.6542969
2026 17159.2558594
2086 17147.8085938
2206 17088.8691406
2306 17068.4941406
2345 17042.5546875
2405 17024.5644531
2998 16603.4453125
3539 16530.1914062
3840 16353.7705078
3899 16331.6328125
4190 16149.5810547
4346 16046.640625
4474 15962.3857422
4729 15797.7880859
4909 15739.1708984
5270 15479.125
5590 15324.9140625
6192 15478.1855469
6312 15424.5683594
6493 15391.9472656
6733 15257.5888672
6913 15172.8535156
7154 15050.7041016
7274 14990.7578125
7394 14968.4208984
7455 14946.3105469
7515 14923.4345703
7575 14899.7666016
7610 14890.4960938
7645 14868.8964844
7826 14783.2167969
8006 14689.4287109
8126 14644.9140625
8307 14611.4443359
8367 14595.8867188
8668 14432.8125
8728 14422.0712891
8783 14395.9658203
8838 14374.65625
8948 14325.6494141
8998 14306.1767578
9118 14251.6679688
9178 14244.4619141
9238 14240.0195312
9298 14215.6669922
9358 14189.7568359
9418 14165.4873047
9538 14111.5478516
9598 14091.0136719
9658 14065.8076172
9718 14042.3378906
9778 14030.8701172
10309 13904.7802734
10358 13881.8808594
10393 13868.3242188
10489 13881.2861328
10609 13827.8662109
10789 13746.2763672
10827 13729.1494141
10865 13712.6396484
10925 13689.3847656
10985 13667.9121094
11105 13654.8144531
11165 13641.9707031
11286 13586.1904297
11406 13539.8203125
11526 13480.8662109
11586 13467.7929688
11622 13454.9316406
11659 13446.3896484
11779 13392.8417969
11839 13368.0341797
11900 13344.7451172
11960 13318.2197266
12080 13268.0097656
12200 13274.3310547
12321 13211.171875
12381 13206.5263672
12424 13190.2382812
12466 13176.1835938
12526 13153.9755859
12767 13044.1699219
12888 12994.6669922
13001 12942.0458984
13355 12851.0664062
13475 12799.6240234
13535 12782.6396484
13655 12733.1953125
13716 12713.3027344
13776 12696.3232422
13896 12654.0839844
13956 12644.1894531
14016 12631.890625
14076 12607.5546875
14197 12597.7431641
14257 12588.6425781
14317 12563.0537109
14377 12546.5595703
14437 12524.7519531
14497 12507.5224609
14610 12465.6201172
14663 12446.4541016
14783 12409.7900391
14843 12400.2910156
14879 12393.8535156
14914 12377.1962891
15319 12256.7539062
15440 12260.4033203
15500 12234.9765625
15560 12209.7880859
15620 12188.6015625
15681 12168.2070312
15741 12151.4746094
15801 12125.8251953
15861 12103.7773438
15922 12083.1601562
15982 12059.3642578
16042 12041.4658203
16102 12026.0029297
16162 12005.2001953
16282 11991.9785156
16342 11984.8935547
16403 11961.9189453
16460 11937.2353516
16518 11920.7460938
16639 11870.4033203
16699 11849.9130859
16759 11827.3984375
16879 11781.5761719
16940 11759.1699219
17000 11737.2255859
17060 11716.3857422
17120 11705.8359375
17180 11680.7636719
17300 11638.8046875
17421 11657.3457031
17541 11606.7158203
17601 11580.4755859
17647 11558.5507812
17693 11544.8349609
17753 11527.8105469
17813 11502.3847656
17873 11483.4121094
17933 11459.8398438
17994 11441.6044922
18054 11416.7773438
18114 11393.6171875
18174 11375.5214844
18216 11356.3925781
18243 11348.6757812
18288 11339.5234375
18339 11322.5371094
18450 11324.0947266
18510 11301.7421875
18571 11277.8222656
18691 11237.6689453
18751 11221.7919922
18811 11208.4238281
18871 11193.0341797
18931 11173.65625
19052 11127.6943359
19112 11106.0664062
19172 11098.8925781
19232 11075.2382812
19292 11071.3710938
19352 11048.3847656
19413 11023.9746094
19459 11007.2851562
19626 10972.2246094
19686 10957.3066406
19746 10937.9160156
19807 10937.2392578
19867 10911.2949219
19987 10860.3505859
20047 10845.6347656
20107 10829.7851562
20158 10814.7519531
20208 10795.8408203
20268 10775.296875
20328 10757.5263672
20388 10755.1806641
20448 10741.2832031
20508 10725.515625
20569 10700.7197266
20689 10702.7333984
20869 10627.1689453
20929 10614.3720703
20990 10593.4609375
21050 10567.6689453
21110 10549.3710938
21148 10536.8085938
21186 10519.0292969
21247 10500.6220703
21307 10479.5693359
21367 10459.53125
21427 10448.0888672
21487 10433.3447266
21608 10381.3066406
21668 10359.125
21728 10341.8554688
21788 10322.7070312
21908 10320.8691406
22029 10281.6738281
22089 10257.3603516
22149 10245.6845703
22209 10226.3945312
22269 10208.8691406
22389 10155.8457031
22449 10140.9824219
22510 10127.5361328
22570 10109.0537109
22615 10096.1572266
22659 10090.5664062
22720 10076.0195312
22780 10053.8046875
22840 10033.2802734
22900 10014.7832031
23021 10006.0126953
23081 9989.44238281
23141 9979.36230469
23201 9965.48730469
23261 9943.99511719
23321 9929.04296875
23682 10051.6376953
23742 10035.1201172
23803 10016.953125
23859 10000.3173828
23915 9977.85058594
23975 9962.77050781
24035 9948.12890625
24095 9932.07226562
24276 9921.87792969
24336 9904.09863281
24396 9887.12207031
24456 9869.66796875
24516 9853.66210938
24576 9834.88964844
24636 9818.17089844
24697 9802.80273438
24757 9785.42871094
24877 9738.60449219
24937 9720.77539062
24998 9702.84570312
25058 9683.4921875
25118 9670.3203125
25178 9655.41015625
25238 9644.02734375
25275 9629.4921875
25311 9625.31835938
25371 9607.64746094
25491 9608.27539062
25552 9594.29980469
25612 9575.01464844
25672 9553.65332031
25732 9550.19238281
25792 9528.58984375
25852 9514.07910156
25912 9496.29394531
25972 9480.93652344
26033 9464.09472656
26093 9447.890625
26153 9433.98535156
26213 9416.59179688
26273 9401.62402344
26333 9389.49902344
26393 9371.70996094
26453 9352.18359375
26514 9339.58105469
26574 9325.93847656
26694 9331.91308594
26754 9316.7890625
26814 9300.39746094
26875 9284.66503906
26935 9269.87597656
26995 9251.9765625
27055 9238.73925781
27115 9222.60058594
27175 9205.85546875
27235 9191.11425781
27296 9174.70605469
27356 9164.00097656
27399 9150.64355469
27442 9143.11230469
27502 9132.54394531
27562 9120.33886719
27623 9098.70898438
27683 9083.29101562
27743 9072.84667969
27803 9056.70898438
27923 9058.60644531
27983 9043.09960938
28044 9025.11425781
28104 9012.03515625
28164 8994.01855469
28224 8978.99023438
28284 8964.45703125
28344 8958.43164062
28404 8946.15332031
28464 8930.3046875
28525 8911.84570312
28585 8898.45410156
28645 8886.69824219
28705 8869.49902344
28765 8853.46289062
28825 8844.00683594
28885 8834.93554688
28946 8823.89648438
29006 8810.53222656
29066 8797.19921875
29246 8784.24609375
29306 8769.71289062
29366 8755.61425781
29427 8740.99316406
29487 8730.0078125
29547 8714.39355469
29607 8709.13085938
29667 8694.69433594
29710 8684.83398438
29752 8674.95117188
29812 8665.22558594
29873 8656.0703125
29933 8639.81542969
29993 8625.79980469
30053 8612.25878906
30113 8597.51855469
30173 8584.56347656
30234 8574.7578125
30294 8563.33886719
30354 8551.19921875
30414 8538.11132812
30534 8529.23242188
30594 8529.07226562
30654 8515.65332031
30715 8503.53515625
31256 9031.16601562
31316 9008.63867188
31376 8990.85449219
31411 8980.12792969
31447 8969.29101562
31507 8950.20898438
31567 8931.84277344
31627 8917.38378906
31687 8901.36328125
31747 8884.25585938
31807 8868.68261719
31868 8850.28222656
31928 8835.37011719
31988 8817.79101562
32048 8803.87011719
32168 8760.26757812
32228 8744.01171875
32289 8727.93847656
32349 8712.72363281
32409 8692.83398438
32469 8677.72363281
32505 8670.62304688
32541 8660.52050781
32601 8646.49414062
32661 8628.77832031
32722 8614.26171875
32782 8596.41210938
32817 8587.24707031
32852 8578.95019531
32912 8562.66210938
32972 8541.62792969
33033 8527.52441406
33080 8520.06054688
33128 8504.35351562
33188 8487.33105469
33248 8471.84472656
33308 8461.31640625
33368 8444.76953125
33428 8424.88476562
33488 8413.97167969
33549 8397.51953125
33609 8382.83691406
33669 8363.7109375
33729 8341.12792969
33789 8322.79003906
33849 8314.2421875
33909 8296.77246094
33970 8282.88378906
34030 8265.92285156
34090 8250.77148438
34150 8240.44921875
34210 8225.54785156
34270 8211.25976562
34311 8199.67773438
34351 8189.21582031
34412 8171.89794922
34472 8158.265625
34532 8136.3046875
34592 8120.55664062
34652 8104.27587891
34712 8092.41503906
34772 8075.65673828
34833 8069.36425781
34893 8055.29248047
34953 8039.34277344
35013 8021.45703125
35073 8002.19970703
35133 7984.2578125
35193 7971.12744141
35253 7958.34619141
35291 7948.88671875
35329 7941.30175781
35390 7923.44384766
35450 7910.25830078
35510 7898.51464844
35570 7882.22509766
35630 7871.46337891
35690 7853.70361328
35751 7839.5390625
35811 7824.28076172
35871 7808.44140625
35931 7796.25390625
35991 7780.28857422
36051 7756.4921875
36111 7752.80273438
36172 7734.43554688
36232 7722.86767578
36292 7708.41064453
36327 7696.5859375
36362 7682.91796875
36423 7666.97119141
36879 8033.58691406
36914 8022.40820312
36975 8009.01855469
37035 7994.54833984
37095 7976.43945312
37155 7959.08886719
37215 7944.26025391
37275 7927.92919922
37336 7910.7109375
37396 7896.79003906
37449 7886.97802734
37502 7869.16601562
37562 7854.38964844
37622 7837.30566406
37682 7825.21923828
37734 7816.21240234
37778 7804.07177734
37832 7789.20898438
37892 7774.55712891
37952 7761.15087891
38012 7744.90527344
38073 7726.72265625
38133 7712.4609375
38168 7703.89599609
38203 7691.59960938
38263 7676.71337891
38324 7664.44482422
38384 7650.36328125
38444 7634.54492188
38504 7619.94091797
38564 7607.17480469
38624 7592.77783203
38684 7579.21484375
38745 7561.72265625
38805 7549.10595703
38865 7535.82373047
38925 7519.14306641
38985 7504.09326172
39045 7491.69824219
39106 7477.73828125
39166 7461.78125
39286 7423.44726562
39346 7414.62988281
39406 7401.06689453
39467 7385.30419922
39527 7375.58398438
39587 7367.1171875
39647 7350.36865234
39707 7336.71337891
39767 7326.04443359
39827 7305.82958984
39888 7292.61425781
39948 7275.34082031
40008 7263.81689453
40068 7246.23095703
40128 7239.77685547
40165 7231.61035156
40202 7221.24267578
40262 7204.16455078
40323 7194.05322266
40383 7183.234375
40443 7172.15527344
40503 7158.41845703
40563 7146.21630859
40623 7132.08203125
40684 7111.22705078
40744 7099.58154297
40804 7086.13134766
40864 7074.08056641
40924 7058.99853516
40984 7041.68261719
41044 7025.67578125
41105 7024.12841797
41165 7010.01660156
41225 6995.48535156
41285 6984.15478516
41345 6971.59960938
41405 6959.66162109
41465 6945.17041016
41525 6930.42138672
41586 6920.65087891
41646 6913.78857422
41706 6900.61865234
41766 6887.38574219
41826 6876.85595703
41886 6869.79345703
41946 6854.49707031
42007 6838.24072266
42067 6827.54101562
42127 6816.85205078
42187 6803.95947266
42222 6796.08496094
42258 6788.42333984
42318 6779.40966797
42378 6772.64111328
42438 6760.22851562
42486 6750.13964844
42534 6739.78564453
42594 6726.71142578
42654 6719.53076172
42714 6706.89697266
42774 6697.19775391
42834 6685.97607422
42894 6677.16162109
42955 6662.08349609
43015 6657.46142578
43075 6647.06835938
43135 6631.05371094
43195 6613.29052734
43255 6595.82275391
43315 6588.53613281
43376 6585.30664062
43436 6572.07861328
43496 6556.92236328
43556 6544.79833984
43616 6537.22558594
43676 6521.39160156
43736 6509.40625
43797 6498.87988281
43857 6490.02783203
43917 6480.56152344
43977 6468.97802734
44037 6457.07421875
44097 6446.74414062
44157 6428.88720703
44218 6416.64697266
44278 6400.35205078
44338 6393.4140625
44398 6383.36523438
44458 6371.74658203
44518 6361.70068359
44578 6354.57080078
44879 6315.45898438
44939 6302.85009766
44999 6292.09228516
45060 6283.57763672
45120 6274.59716797
45156 6268.66210938
45193 6261.73242188
45253 6248.62548828
45313 6244.73828125
45373 6232.23339844
45433 6217.02685547
45493 6208.609375
45554 6199.17041016
45614 6188.88525391
45674 6180.72705078
45734 6169.65722656
45794 6161.13574219
45854 6151.75292969
45915 6141.72949219
45975 6131.42236328
46035 6122.609375
46095 6111.21240234
46155 6102.64746094
46215 6088.3046875
46275 6079.7421875
46335 6070.82324219
46396 6063.11914062
46456 6052.92333984
46516 6046.6875
46576 6034.51220703
46636 6023.30664062
46696 6013.36523438
46756 6007.31542969
46817 5999.11865234
46877 5983.79736328
46937 5970.29541016
46997 5963.65869141
47057 5955.67724609
47117 5944.06298828
47177 5935.65966797
47238 5925.625
47298 5914.88378906
47358 5905.140625
47418 5898.09033203
47478 5886.06445312
47538 5878.24072266
47598 5868.79199219
47659 5854.47851562
47719 5851.07275391
47779 5839.58154297
47839 5833.19433594
47899 5827.171875
47960 5817.12304688
48020 5806.75146484
48080 5796.22167969
48123 5787.88720703
48166 5783.43164062
48226 5777.27685547
48286 5770.77978516
48346 5763.80029297
48407 5753.80029297
48467 5746.16064453
48527 5736.39453125
48587 5726.85986328
48647 5718.98242188
48707 5710.76464844
48767 5701.71044922
48828 5693.39990234
48888 5686.81835938
48948 5678.43457031
49008 5666.71582031
49068 5654.77050781
49128 5646.87060547
49189 5639.06640625
49249 5631.82763672
49309 5623.109375
49369 5615.12304688
49429 5607.03222656
49489 5599.67480469
49549 5592.0546875
49610 5584.47851562
49670 5575.13574219
49730 5566.10302734
49790 5557.36914062
49850 5547.44140625
49910 5540.92089844
49970 5532.91552734
50030 5523.43505859
50091 5514.04492188
50151 5504.08203125
50211 5496.15771484
50271 5489.71191406
50331 5476.89648438
50391 5466.78857422
50451 5460.00585938
50512 5454.81494141
50572 5450.32714844
50632 5439.42871094
50692 5429.25439453
50752 5425.19091797
50812 5416.53515625
50873 5406.75341797
50933 5399.87255859
50993 5390.65625
51053 5383.20117188
51113 5375.52392578
51173 5370.47363281
51234 5362.08886719
51294 5348.04931641
51354 5341.35595703
51414 5336.00537109
51474 5327.52490234
51534 5318.20458984
51594 5312.00488281
51630 5307.90185547
51665 5300.72021484
51725 5291.10644531
51785 5281.51464844
51845 5273.74951172
51906 5265.82324219
51966 5257.05371094
52026 5252.34472656
52086 5244.89404297
52146 5236.59765625
52206 5232.31298828
52266 5224.18896484
52327 5212.79736328
52387 5201.265625
52447 5194.00390625
52507 5189.31347656
52567 5184.46630859
52627 5175.57958984
52688 5169.37353516
52748 5159.36425781
52808 5148.20263672
52868 5139.60400391
52928 5131.97753906
52988 5124.44335938
53048 5121.52050781
53108 5116.74609375
53586 4997.86669922
53646 4997.53808594
53767 4995.49316406
53827 4990.93798828
53887 4980.81005859
53947 4976.88378906
54007 4971.52587891
54067 4952.91210938
54127 4933.21484375
