0 18225.9628906
2123 17274.6933594
2170 17245.1796875
2202 17222.9648438
2248 17192.4746094
2549 17066.65625
2768 16921.0527344
2807 16896.7441406
3084 16725.0976562
3098 16714.0078125
3136 16700.6425781
3316 16646.2773438
3858 16323.6113281
3893 16301.9716797
3928 16271.7939453
3989 16247.3671875
4049 16246.8447266
4109 16243.859375
4289 16121.078125
4349 16094.4970703
4410 16066.8632812
4530 15999.6767578
4770 15855.5957031
4869 15837.5947266
4929 15822.3837891
5170 15693.8847656
5651 15543.0947266
5700 15515.8125
5810 15515.9755859
5915 15452.3007812
5960 15429.0654297
6010 15404.6220703
6060 15381.0615234
6110 15361.0488281
6135 15352.8046875
6171 15328.3886719
6231 15298.1484375
6351 15231.390625
6449 15174.7333984
6487 15160.6865234
6607 15166.9980469
6668 15144.0839844
6765 15085.203125
6802 15063.5732422
6862 15042.6884766
6922 15012.6259766
6982 14982.6523438
7163 14883.9541016
7215 14852.5732422
7267 14824.1337891
7327 14796.0175781
7447 14733.9316406
7568 14702.4375
7628 14697.8339844
7748 14632.9521484
7808 14601.5625
7868 14580.2177734
7929 14550.9169922
7989 14522.2763672
8049 14491.1083984
8109 14461.4169922
8169 14440.9521484
8229 14412.5722656
8277 14383.4375
8326 14368.4902344
8567 14273.7851562
8687 14210.4160156
9108 14121.7646484
9168 14097.5751953
9288 14047.5927734
9348 14021.2402344
9409 13994.59375
9529 13999.8369141
9589 13971.8330078
9684 13920.71875
9720 13897.9199219
9780 13883.7148438
9840 13863.4169922
9900 13837.8779297
9960 13813.8251953
10020 13788.3671875
10081 13759.0927734
10141 13734.7392578
10201 13704.4335938
10261 13675.8115234
10321 13653.7773438
10442 13657.2822266
10502 13631.3916016
10562 13611.2744141
10622 13585.7207031
10682 13564.953125
10742 13540.0478516
10802 13514.8242188
10862 13489.8671875
10923 13460.5615234
10983 13440.5556641
11018 13419.3974609
11053 13404.90625
11113 13380.828125
11174 13364.2451172
11234 13342.4033203
11294 13315.0634766
11474 13298.8740234
11534 13269.4931641
11715 13181.7529297
11775 13153.7646484
11895 13093.9443359
11955 13076.2568359
12015 13053.109375
12076 13027.1738281
12136 13004.5478516
12196 12980.6708984
12235 12965.7480469
12274 12952.9013672
12334 12929.6054688
12394 12906.4638672
12501 12903.3710938
12548 12879.7021484
12609 12856.8046875
12729 12803.2353516
12789 12773.6699219
12849 12750.6259766
12909 12731.7783203
12969 12702.9589844
13029 12675.5585938
13090 12662.5126953
13210 12597.0371094
13270 12577.3583984
13330 12566.3203125
13380 12536.0712891
13431 12511.1113281
13491 12496.6826172
13561 12515.0585938
13622 12485.2607422
13682 12462.4384766
13742 12435.8632812
13982 12464.6943359
14043 12441.3203125
14103 12412.1113281
14163 12384.9677734
14223 12364.6816406
14283 12335.6875
14343 12319.6884766
14403 12294.5693359
14464 12276.2167969
14524 12254.9599609
14584 12242.9482422
14704 12238.5332031
14764 12210.2099609
14824 12183.5224609
14885 12158.796875
14945 12141.6357422
15005 12125.6230469
15065 12105.4394531
15125 12081.1035156
15185 12060.6572266
15223 12043.546875
15261 12035.7519531
15301 12019.0205078
15341 11998.1923828
15401 11976.2177734
15461 11960.1757812
15521 11936.3964844
15581 11909.0175781
15641 11900.5498047
15762 11877.5429688
15822 11871.2314453
15882 11851.9492188
15942 11825.2880859
16002 11804.2988281
16062 11788.6416016
16123 11766.9746094
16183 11744.3701172
16303 11672.0849609
16363 11655.8476562
16423 11640.2001953
16483 11620.5839844
16604 11577.4414062
16664 11556.4306641
16724 11528.2607422
16759 11520.4667969
16795 11507.6044922
16898 11522.7988281
16941 11501.6943359
17001 11478.3291016
17062 11466.4267578
17122 11444.3095703
17182 11431.1044922
17242 11408.0429688
17285 11387.4941406
17329 11378.0664062
17389 11363.5556641
17449 11346.2949219
17509 11319.8759766
17569 11299.9931641
17630 11283.9990234
17690 11269.0429688
17750 11248.5351562
17810 11223.4111328
17870 11206.2519531
17931 11185.1289062
17991 11164.7529297
18051 11163.3017578
18111 11162.9033203
18171 11139.0283203
18231 11114.8652344
18291 11098.4296875
18351 11073.0136719
18412 11056.4550781
18472 11036.2734375
18532 11021.6865234
18588 10991.8554688
18645 10975.6914062
18705 10958.1884766
18765 10936.4794922
18825 10925.6484375
18886 10910.4589844
18946 10887.1435547
18981 10873.328125
19016 10866.7929688
19076 10845.2998047
19196 10843.0898438
19255 10813.7548828
19313 10792.296875
19373 10775.2929688
19433 10747.0527344
19553 10720.5830078
19614 10704.8535156
19674 10684.9101562
19734 10664.8994141
19794 10637.0751953
19854 10616.0097656
19914 10589.0478516
19974 10567.0507812
20023 10550.9599609
20071 10538.4990234
20132 10523.3769531
20192 10505.0683594
20252 10485.5869141
20312 10465.9453125
20372 10457.015625
20432 10456.125
20552 10400.2373047
20613 10393.1152344
20673 10387.5761719
20733 10368.2998047
20793 10345.1230469
20853 10326.9863281
20974 10252.1162109
21034 10249.3691406
21395 10348.6982422
21455 10324.6621094
21575 10323.2998047
21635 10317.4628906
21695 10300.4199219
21756 10285.2617188
21816 10261.0449219
21852 10249.4873047
21888 10241.2939453
21948 10225.0263672
22008 10212.2597656
22069 10198.8320312
22129 10176.9316406
22175 10162.5097656
22222 10151.7705078
22282 10135.1054688
22342 10119.0927734
22402 10107.1171875
22438 10095.4638672
22474 10080.3544922
22534 10060.6367188
22594 10045.7109375
22654 10028.3417969
22715 10012.9462891
22835 10020.5742188
22895 9998.75390625
22955 9985.01367188
23015 9970.65332031
23075 9953.12011719
23136 9935.88867188
23196 9917.96679688
23256 9894.39941406
23316 9883.32714844
23376 9871.23535156
23436 9841.171875
23497 9825.12109375
23557 9818.70605469
23617 9799.52734375
23677 9784.37792969
23737 9767.13476562
23797 9749.87597656
23857 9731.95214844
23918 9716.05078125
24038 9716.75195312
24098 9709.69140625
24158 9696.84375
24218 9681.11425781
24279 9662.19042969
24339 9645.80859375
24387 9633.51660156
24435 9622.90625
24495 9609.234375
24555 9591.21289062
24615 9573.20898438
24675 9553.24902344
24736 9538.47070312
24796 9528.92871094
24856 9507.93945312
24916 9492.70507812
24976 9476.93652344
25037 9461.6171875
25097 9448.10839844
25157 9432.68652344
25277 9433.29492188
25337 9415.23925781
25397 9392.38769531
25458 9381.01171875
25518 9357.52246094
25578 9348.43847656
25638 9336.79980469
25698 9318.96484375
25758 9302.3046875
25818 9288.89160156
25879 9272.07226562
25939 9256.49902344
25974 9247.9921875
26009 9237.24902344
26069 9228.74121094
26129 9219.60546875
26190 9204.48046875
26250 9186.94140625
26310 9168.34179688
26370 9151.23632812
26413 9149.140625
26457 9136.9921875
26577 9135.10839844
26637 9119.49316406
26697 9105.44140625
26757 9089.83105469
26818 9075.22558594
26878 9062.86914062
26938 9049.74902344
26998 9035.67382812
27058 9011.99707031
27118 9002.44628906
27178 8986.79101562
27239 8971.98828125
27299 8960.36425781
27359 8944.07128906
27419 8924.10253906
27479 8916.42480469
27539 8896.77050781
27599 8884.94921875
27660 8869.53027344
27720 8855.31347656
28321 9428.69238281
28382 9406.56347656
28442 9391.13671875
28502 9374.24902344
28562 9353.21777344
28622 9337.3125
28682 9321.81054688
28742 9302.28417969
28803 9285.53417969
28863 9270.79589844
28923 9255.56347656
28983 9232.32910156
29043 9211.33496094
29103 9199.65039062
29163 9181.95996094
29224 9170.44140625
29284 9155.89355469
29344 9139.20800781
29404 9121.74023438
29464 9106.00878906
29524 9088.71582031
29585 9070.18359375
29645 9052.43261719
29705 9032.70800781
29765 9020.55761719
29825 9003.03320312
29885 8987.58300781
29946 8969.90234375
30006 8950.93457031
30066 8934.94335938
30126 8917.7734375
30186 8906.51953125
30246 8890.99804688
30306 8877.59667969
30367 8863.5
30427 8846.25
30487 8831.53808594
30547 8813.44335938
30607 8799.20117188
30667 8783.84765625
30727 8765.04980469
30787 8748.76074219
30848 8734.29492188
30908 8720.4140625
30968 8704.28320312
31028 8691.44335938
31088 8677.31640625
31149 8652.4609375
31209 8638.20019531
31269 8623.57226562
31308 8613.39746094
31347 8603.05371094
31408 8586.39355469
31468 8571.33984375
31528 8554.33300781
31588 8540.91699219
31648 8526.58886719
31708 8514.98046875
31769 8499.57226562
31829 8483.03125
31889 8469.07910156
31949 8458.46777344
32009 8444.04882812
32069 8425.71386719
32129 8409.61523438
32190 8395.5
32250 8379.7734375
32310 8365.35742188
32370 8349.00292969
32430 8336.08398438
32490 8320.76074219
32550 8304.36523438
32610 8290.27832031
32671 8277.15136719
32731 8264.82128906
32791 8248.83691406
32851 8233.28027344
32911 8219.38085938
32971 8206.17773438
33031 8190.80810547
33092 8176.53173828
33138 8158.95068359
33184 8154.05615234
33244 8138.32666016
33305 8128.45898438
33365 8113.71826172
33425 8103.68457031
33485 8091.46240234
33545 8073.46777344
33605 8058.69433594
33665 8046.60009766
33726 8027.5546875
33786 8019.01074219
33846 8002.19970703
33906 7990.06542969
33966 7978.421875
34026 7964.66259766
34086 7951.75341797
34146 7936.87841797
34207 7918.49169922
34267 7906.60986328
34327 7894.89648438
34387 7884.14111328
34447 7874.4296875
34507 7860.078125
34542 7854.15087891
34578 7846.97753906
34638 7832.35595703
34698 7820.86376953
34758 7813.36083984
34818 7800.86914062
34878 7785.7890625
34938 7775.40576172
34999 7763.96044922
35059 7750.43603516
35119 7736.46875
35179 7721.30664062
35225 7713.625
35272 7704.16748047
35332 7685.79150391
35392 7674.30175781
35452 7663.60986328
35513 7651.72753906
35573 7629.30810547
35633 7624.91845703
35693 7610.49316406
35753 7597.46435547
35788 7588.83740234
35824 7583.83544922
35884 7567.3125
35944 7559.97949219
36004 7543.87451172
36064 7534.97070312
36124 7519.52978516
36184 7513.18408203
36245 7502.39501953
36305 7489.12255859
36365 7476.25634766
36425 7466.34326172
36485 7455.37158203
36545 7441.44970703
36606 7430.24755859
36666 7416.77587891
36726 7404.80908203
36786 7394.05566406
36846 7385.93115234
36907 7373.59863281
36967 7362.44433594
37027 7347.23339844
37087 7333.96582031
37147 7323.60742188
37207 7314.84667969
37267 7307.62207031
37327 7295.98779297
37388 7282.75537109
37448 7271.56152344
37508 7262.71630859
37568 7250.49072266
37628 7238.20996094
37675 7228.57226562
37722 7219.48779297
37782 7211.41992188
37842 7186.17285156
37902 7176.99414062
37962 7166.62109375
38022 7155.08300781
38323 7112.97460938
38383 7099.80029297
38443 7090.45117188
38503 7082.45703125
38564 7068.44580078
38624 7058.02246094
38684 7047.68408203
38744 7038.35302734
38805 7026.13818359
38865 7016.33398438
38925 7007.85693359
38985 6994.87353516
39045 6986.32080078
39106 6972.92675781
39166 6964.60400391
39226 6951.87988281
39286 6942.20361328
39346 6929.94970703
39406 6918.54882812
39466 6907.30761719
39526 6896.30859375
39587 6888.19824219
39647 6879.36279297
39887 7211.71191406
39947 7198.33300781
40008 7185.734375
40068 7174.24511719
40128 7165.34863281
40188 7151.49707031
40248 7139.32568359
40309 7125.24316406
40369 7112.26513672
40429 7100.93457031
40489 7089.53173828
40549 7076.44335938
40609 7067.06689453
40669 7052.78320312
40730 7040.359375
40790 7027.89794922
40850 7017.89941406
40910 7005.07666016
40970 6992.07470703
41030 6981.11767578
41090 6969.98583984
41151 6956.08251953
41211 6949.91894531
41271 6920.9453125
41331 6917.37402344
41391 6908.67480469
41451 6898.51855469
41511 6887.42871094
41572 6873.04101562
41632 6860.69091797
41692 6848.70361328
41752 6836.96191406
41812 6822.29492188
41872 6810.11132812
41932 6799.2734375
41992 6791.78808594
42052 6778.78515625
42113 6767.20605469
42171 6759.99755859
42230 6748.09228516
42290 6736.42382812
42350 6726.90087891
42410 6716.12988281
42470 6706.33837891
42530 6694.33251953
42590 6685.81005859
42651 6671.82763672
42711 6657.28222656
42771 6647.5703125
42831 6636.53173828
42891 6625.66650391
42951 6613.00390625
43011 6602.33056641
43071 6589.24267578
43132 6577.49804688
43192 6567.43261719
43252 6556.09375
43312 6544.10742188
43372 6534.86279297
43433 6526.05078125
43493 6514.91552734
43553 6506.73095703
43613 6495.125
43673 6483.65332031
43733 6475.08203125
43793 6460.98242188
43854 6450.75830078
43914 6439.23974609
43974 6428.40429688
44034 6416.42626953
44094 6404.97998047
44154 6394.86865234
44214 6385.15380859
44274 6375.52978516
44335 6365.62890625
44395 6358.09326172
44455 6347.31982422
44515 6336.19775391
44575 6327.89794922
44635 6315.56201172
44695 6306.25048828
44756 6296.89453125
44816 6288.67480469
44876 6278.66259766
44936 6267.64111328
44996 6259.41113281
45056 6244.78613281
45105 6239.51464844
45154 6228.50634766
45215 6218.13085938
45275 6208.59375
45335 6198.84326172
45396 6190.23974609
45456 6176.81591797
45516 6168.08300781
45576 6156.38037109
45636 6144.671875
45696 6130.75292969
45757 6123.80712891
45817 6116.15625
45877 6106.20898438
45937 6096.05859375
45997 6087.68457031
46057 6080.84472656
46117 6070.53759766
46178 6063.16113281
46238 6057.29199219
46298 6047.16796875
46358 6040.23046875
46418 6031.93505859
46478 6021.82080078
46539 6014.67236328
46599 6003.91943359
46659 5995.05517578
46719 5987.28515625
46779 5979.32373047
46839 5969.99755859
46960 5947.46875
47020 5939.06298828
47080 5930.07958984
47140 5922.12841797
47200 5912.86621094
47261 5904.77880859
47321 5892.86328125
47381 5884.30859375
47441 5878.79101562
47501 5869.62109375
47561 5860.80419922
47622 5851.95654297
47682 5847.93310547
47742 5839.49121094
48043 5797.828125
48085 5790.19824219
48128 5785.29443359
48189 5776.72265625
48249 5769.515625
48309 5763.04931641
48369 5753.93945312
48429 5745.22802734
48489 5734.78466797
48549 5726.19726562
48610 5717.15869141
48670 5706.95849609
48730 5700.0703125
48790 5692.25244141
48850 5682.98632812
48910 5676.81591797
48970 5667.64257812
49030 5661.39794922
49091 5653.04296875
49151 5644.42773438
49211 5635.57617188
49271 5626.67529297
49331 5620.39746094
49391 5610.60351562
49452 5603.05126953
49512 5594.23681641
49572 5589.99169922
49632 5582.06787109
49692 5573.91552734
49752 5565.51708984
49812 5560.18457031
49872 5551.55761719
49933 5542.37939453
49993 5534.66845703
50053 5527.89208984
50113 5519.87060547
50173 5514.21972656
50233 5505.56494141
50293 5495.41748047
50354 5491.56054688
50414 5482.61474609
50474 5474.91015625
50534 5467.15625
50594 5459.21191406
50654 5454.31152344
50714 5445.99707031
50775 5438.08740234
50835 5430.28271484
50895 5422.10009766
50955 5415.72021484
51015 5407.49414062
51075 5397.359375
51135 5389.78027344
51195 5381.95166016
51256 5373.74169922
51316 5366.97021484
51376 5361.10839844
51436 5353.48779297
51496 5344.05078125
51556 5337.02783203
51616 5329.77539062
51677 5323.20019531
51737 5315.48876953
51778 5310.29638672
51820 5305.74902344
51880 5291.34521484
51940 5289.73828125
52000 5282.27685547
52060 5274.07080078
52120 5268.11279297
52181 5261.06494141
52241 5255.32666016
52301 5248.39013672
52361 5239.97607422
52421 5231.875
52481 5223.75292969
52541 5215.87988281
52602 5209.05908203
52662 5202.83447266
52722 5194.60839844
53185 5140.79150391
53245 5138.10644531
53305 5126.18408203
53365 5121.9140625
53425 5116.37451172
53485 5109.08740234
53545 5103.82177734
53606 5097.30224609
53666 5090.6796875
