0 17360.7949219
83 17312.2558594
1896 16390.1933594
1956 16362.0185547
2549 15993.8476562
2820 15817.2910156
3527 15337.6328125
3888 15604.1865234
4128 15522.03125
4249 15456.8603516
4309 15431.0800781
4489 15323.4580078
4525 15318.4101562
4560 15291.7324219
4740 15183.078125
4801 15157.7070312
4921 15150.9541016
5342 14906.1601562
5377 14891.6464844
5412 14878.6425781
5533 14812.4267578
5833 14669.9042969
5894 14650.2353516
5954 14642.9189453
6074 14581.9794922
6254 14476.2080078
6314 14460.9921875
6375 14437.0654297
6445 14392.3964844
6626 14306.7480469
6746 14294.0771484
6838 14237.21875
6959 14168.5380859
7079 14109.0205078
7139 14101.7216797
7440 13946.0068359
7477 13930.2744141
7515 13913.7890625
7696 13858.0742188
7756 13852.6992188
7997 13688.2617188
8057 13670.0253906
8297 13598.1464844
8357 13578.4580078
8418 13573.3212891
8478 13552.1054688
8538 13532.3886719
8766 13477.7480469
8804 13469.4775391
9113 13517.6357422
9234 13456.3398438
9294 13437.8837891
9354 13415.5078125
9414 13391.8691406
9474 13373.1376953
9534 13346.7070312
9655 13327.0136719
9715 13308.0
9775 13285.0517578
9835 13265.3798828
9955 13201.2099609
10015 13188.9814453
10076 13166.5410156
10136 13147.8320312
10196 13121.09375
10256 13099.7353516
10316 13073.4726562
10376 13049.7744141
10436 13029.0068359
10472 13019.3916016
10507 12996.1621094
10567 12973.9423828
10748 12964.5996094
10868 12910.2128906
10928 12886.9677734
10988 12859.0068359
11109 12805.8320312
11169 12781.9892578
11229 12755.8095703
11289 12729.0878906
11349 12708.1552734
11409 12690.0683594
11470 12671.4912109
11590 12622.2841797
11650 12600.4755859
11770 12606.2480469
11926 12525.0224609
11961 12510.984375
12021 12486.8535156
12082 12462.3964844
12142 12436.4619141
12202 12412.71875
12262 12391.1015625
12322 12364.2148438
12503 12280.6376953
12623 12221.4794922
12683 12206.1542969
12743 12186.1435547
12864 12190.8212891
12984 12132.6318359
13104 12079.6660156
13164 12051.2412109
13223 12029.9941406
13282 12021.9638672
13342 12000.6816406
13402 11972.6289062
13523 11916.8203125
13583 11897.0234375
13643 11872.8896484
13703 11847.9580078
13763 11830.2353516
13823 11803.0341797
13884 11779.2275391
14004 11790.4785156
14244 11666.8105469
14305 11656.2216797
14365 11641.2548828
14425 11626.4287109
14485 11605.3623047
14545 11583.546875
14605 11560.2636719
14640 11548.1826172
14676 11529.9892578
14736 11506.1845703
14796 11484.5673828
14856 11467.2548828
14917 11459.2558594
14977 11441.0869141
15097 11454.0449219
15217 11394.4755859
15277 11373.8730469
15337 11355.5585938
15758 11386.6259766
15819 11372.8798828
15863 11355.5615234
15907 11347.6572266
15967 11326.8974609
16027 11306.3398438
16080 11286.6582031
16134 11272.4365234
16254 11260.4160156
16314 11249.9365234
16375 11235.6582031
16495 11187.9248047
16555 11173.2373047
16615 11155.9697266
16675 11144.1533203
16735 11123.1191406
16796 11102.9404297
16856 11085.0566406
16891 11069.9541016
16926 11061.2519531
16987 11034.0849609
17047 11016.7822266
17107 10997.1943359
17167 10981.6757812
17227 10965.0751953
17348 10971.7314453
17408 10949.9814453
17468 10928.4267578
17528 10913.0048828
17588 10894.6640625
17648 10874.7080078
17709 10859.0292969
17751 10847.6474609
17794 10832.71875
17854 10813.2158203
17914 10793.9589844
17974 10772.9882812
18034 10751.0595703
18095 10736.4804688
18155 10721.125
18215 10704.2851562
18275 10683.3486328
18335 10667.8242188
18395 10646.7304688
18455 10634.2685547
18576 10638.3330078
18636 10618.1357422
18696 10601.6962891
18731 10589.1445312
18767 10573.6816406
18887 10526.6025391
18947 10508.7480469
19007 10490.6025391
19068 10472.6572266
19128 10450.4560547
19188 10429.6416016
19248 10414.0742188
19308 10398.4804688
19368 10382.9326172
19428 10370.8027344
19489 10353.6738281
19549 10328.953125
19729 10320.2949219
19789 10300.2939453
19850 10292.2675781
19910 10269.2294922
19970 10246.9726562
20030 10226.21875
20090 10213.4697266
20150 10191.6816406
20210 10173.8632812
20271 10156.7724609
20331 10139.0908203
20391 10125.4267578
20431 10110.3330078
20450 10103.3857422
20489 10091.6064453
20550 10071.3935547
20610 10056.7880859
20670 10043.2373047
20730 10025.9345703
20790 10004.296875
20910 10002.3144531
20971 9994.21289062
21031 9970.86816406
21091 9958.69726562
21151 9943.46386719
21211 9926.09667969
21271 9905.62597656
21326 9891.56152344
21380 9872.24414062
21415 9860.69726562
21450 9850.00292969
21511 9836.80664062
21571 9822.92089844
21631 9807.90136719
21691 9791.80761719
21750 9775.68261719
21809 9759.65917969
21869 9737.05566406
21929 9713.65136719
21989 9704.3046875
22109 9709.54785156
22170 9683.81640625
22230 9655.13867188
22290 9649.54980469
22350 9637.24121094
22385 9625.83105469
22420 9619.67089844
22481 9609.23046875
22541 9596.38574219
22601 9574.98339844
22661 9562.58886719
22902 9545.53808594
22956 9526.80371094
23009 9510.96875
23070 9492.87890625
23130 9484.20605469
23190 9466.71582031
23250 9454.92285156
23371 9459.57714844
23431 9440.57617188
23475 9428.23535156
23520 9422.1953125
23580 9402.25
23640 9391.83496094
23700 9370.42089844
23760 9354.96972656
23820 9339.03222656
23881 9328.67675781
23941 9310.02246094
24001 9293.39746094
24061 9282.17285156
24121 9267.48535156
24181 9247.38476562
24241 9236.81347656
24301 9217.62695312
24362 9204.01367188
24422 9190.296875
24482 9175.98925781
24542 9161.21484375
24577 9152.67382812
24673 9156.2421875
24733 9143.15332031
24793 9129.18847656
24854 9112.60351562
24914 9098.55957031
24974 9086.40527344
25034 9076.14746094
25094 9058.45800781
25155 9040.63574219
25199 9030.00585938
25244 9022.14941406
25304 9004.83691406
25365 8989.875
25425 8976.91992188
25485 8966.69824219
25545 8950.79785156
25605 8935.22460938
25665 8921.74707031
25725 8909.03417969
25785 8894.13867188
25846 8882.45410156
25966 8890.43945312
26026 8871.93554688
26146 8830.60546875
26206 8817.25097656
26267 8804.73242188
26327 8787.41308594
26808 9343.25390625
26868 9324.14746094
26928 9307.6953125
26988 9292.6484375
27048 9273.95800781
27108 9256.65917969
27168 9239.66210938
27229 9225.00683594
27289 9206.81542969
27349 9189.06152344
27409 9171.58691406
27469 9154.9453125
27530 9139.34375
27590 9114.36230469
27650 9101.29785156
27710 9087.20996094
27770 9068.9375
27830 9055.859375
27890 9044.03515625
27951 9023.90917969
28011 9005.59667969
28071 8990.00976562
28131 8973.85351562
28191 8960.58300781
28251 8944.68945312
28311 8927.15820312
28371 8909.35742188
28432 8897.50878906
28492 8881.0859375
28552 8864.77441406
28612 8847.17773438
28672 8830.61914062
28732 8818.81347656
28792 8801.2734375
28852 8785.56640625
28913 8772.66503906
28973 8755.50585938
29033 8741.85644531
29093 8727.13671875
29153 8710.43261719
29213 8695.04199219
29273 8678.34277344
29309 8668.89746094
29344 8657.77636719
29404 8645.12402344
29465 8629.51171875
29525 8615.13769531
29585 8599.43457031
29645 8588.72949219
29706 8570.75097656
29766 8553.90332031
29826 8538.51855469
29886 8521.25488281
29946 8506.578125
30006 8493.33789062
30066 8480.87792969
30126 8465.80761719
30186 8454.39746094
30247 8441.01367188
30307 8425.375
30367 8411.64355469
30427 8398.62890625
30487 8385.19140625
30547 8366.98339844
30608 8357.52734375
30668 8336.50390625
30728 8322.55175781
30788 8305.62792969
30848 8292.92480469
30909 8277.87988281
30969 8261.80761719
31029 8244.76757812
31089 8234.81347656
31149 8221.49121094
31390 8610.58984375
31690 8526.86621094
31751 8509.82226562
31811 8490.51074219
31871 8470.30175781
31931 8451.72363281
31991 8435.85546875
32051 8424.69921875
32112 8406.83984375
32172 8391.33984375
32232 8378.48242188
32292 8359.86328125
32352 8339.23535156
32412 8326.6640625
32472 8308.59082031
32532 8294.36328125
32593 8282.05078125
32653 8265.3203125
32713 8250.16601562
32773 8237.22753906
32833 8217.0234375
32893 8204.45507812
32953 8185.38671875
33013 8167.43261719
33053 8156.86328125
33094 8144.63085938
33154 8130.21240234
33214 8115.95605469
33274 8103.52148438
33335 8090.80078125
33395 8071.95166016
33455 8054.47314453
33515 8039.43505859
33575 8023.34423828
33695 7980.40576172
33756 7973.45410156
33816 7954.24707031
33876 7937.96582031
33936 7919.41503906
33996 7906.66992188
34056 7894.01953125
34116 7877.09716797
34176 7858.72558594
34237 7846.453125
34297 7834.0703125
34864 7712.46142578
34910 7703.39453125
34955 7685.79248047
35075 7686.04785156
35196 7631.61474609
35256 7614.484375
35316 7599.79003906
35376 7575.09570312
