0 18713.0234375
382 18329.1523438
1901 17671.8378906
2732 16929.5976562
2853 16851.0898438
2983 16740.5175781
3458 16353.6796875
3551 16302.28125
3712 16224.078125
3772 16204.2685547
4072 16051.0117188
4373 15914.5703125
5188 15637.0195312
5832 16001.2177734
5892 15999.9707031
6072 15918.9287109
6230 15820.6201172
6268 15801.8828125
6300 15793.703125
6356 15767.4375
6391 15739.7861328
6426 15728.9306641
6486 15701.7822266
6667 15645.5185547
6727 15623.9375
6835 15569.8291016
6996 15489.8105469
7116 15429.5927734
7176 15409.3710938
7236 15383.4091797
7287 15358.8779297
7339 15330.8310547
7389 15310.5712891
7415 15288.3017578
7450 15278.28125
7485 15272.3974609
7614 15259.2089844
7674 15231.3300781
7915 15112.1611328
7975 15083.5585938
8095 15023.7324219
8156 14997.8740234
8191 14984.2246094
8226 14965.8339844
8273 14941.4130859
8319 14924.7080078
8368 14910.1787109
8395 14900.0419922
8434 14874.3037109
8555 14844.6650391
8615 14832.5332031
8735 14778.8144531
8795 14759.4042969
8855 14732.6943359
8915 14706.4697266
8975 14677.1835938
9096 14616.7265625
9216 14560.9511719
9336 14505.9941406
9712 14372.5917969
9747 14366.1914062
9783 14356.8505859
9843 14332.5400391
9963 14271.1611328
10079 14211.2519531
10135 14190.9355469
10195 14161.3652344
10255 14135.2705078
10315 14106.7978516
10435 14052.4414062
10556 14049.9228516
10736 13954.0380859
10796 13936.2148438
11075 13961.25
11135 13939.3505859
11195 13917.1230469
11256 13891.9257812
11316 13866.1894531
11376 13847.7421875
11436 13820.0078125
11496 13793.0126953
11616 13802.3730469
11677 13774.1298828
11737 13751.7714844
11797 13730.2675781
11857 13704.9541016
11917 13679.9013672
11977 13656.6611328
12020 13638.0253906
12063 13618.1484375
12123 13588.7089844
12243 13540.7548828
12303 13523.6943359
12363 13500.6113281
12423 13480.1699219
12484 13453.2226562
12544 13434.9853516
12579 13425.7314453
12675 13427.125
12855 13348.0390625
12915 13324.9580078
12975 13302.4853516
13035 13273.7128906
13095 13253.9882812
13216 13193.5869141
13276 13169.3242188
13336 13151.7148438
13396 13122.4287109
13457 13102.9560547
13517 13082.4287109
13577 13055.5625
13697 13054.2158203
13757 13038.4980469
13938 12923.3847656
13998 12899.2939453
14044 12877.3193359
14091 12859.2304688
14151 12840.0761719
14211 12818.5712891
14271 12794.1972656
14331 12771.6982422
14392 12743.5058594
14452 12721.7675781
14512 12701.6044922
14572 12674.8759766
14632 12661.1103516
14752 12654.3457031
14973 12538.9521484
15012 12528.5488281
15072 12499.7353516
15133 12473.1748047
15288 12413.0712891
15324 12394.5976562
15384 12365.0927734
15433 12342.3769531
15481 12324.6025391
15542 12304.8935547
15602 12275.4873047
15662 12263.6152344
15722 12244.3554688
15842 12225.9033203
15903 12200.1210938
15963 12177.7011719
16023 12148.4316406
16083 12123.2109375
16143 12102.3339844
16203 12084.7167969
16324 12058.8134766
16430 12000.4765625
16476 11985.40625
16536 11958.8359375
16596 11941.2607422
16656 11921.0078125
16717 11902.3183594
16777 11876.2753906
16837 11850.4658203
16957 11844.4345703
17017 11816.3652344
17077 11788.8632812
17138 11763.859375
17198 11752.1982422
17258 11731.2744141
17318 11708.4990234
17378 11679.1347656
17438 11654.4472656
17499 11631.1455078
17559 11610.9296875
17619 11588.4570312
17679 11569.6220703
17739 11552.2851562
17799 11535.5615234
17920 11473.7460938
18214 11716.6416016
18334 11720.0107422
18394 11700.5058594
18454 11676.8623047
18514 11661.3359375
18574 11642.7617188
18635 11624.3876953
18695 11601.21875
18755 11585.2597656
18815 11565.140625
18875 11547.1933594
18935 11529.109375
18995 11507.703125
19056 11488.4101562
19116 11464.5947266
19176 11447.8886719
19296 11446.1777344
19356 11434.0126953
19416 11415.7441406
19476 11397.0107422
19537 11378.046875
19597 11357.6992188
19657 11340.4335938
19717 11319.5498047
19777 11303.4990234
19837 11286.2216797
19897 11265.7910156
19956 11248.4130859
20014 11229.9882812
20075 11213.9033203
20135 11198.4921875
20195 11176.6992188
20255 11156.484375
20315 11136.5214844
20375 11124.4023438
20496 11128.1191406
20556 11105.2851562
20616 11088.9042969
20676 11071.4082031
20736 11056.2167969
20796 11038.6748047
20856 11020.1875
20892 11002.4453125
20914 11000.625
20960 10986.4121094
21021 10971.9013672
21081 10950.0751953
21141 10934.0537109
21201 10918.4912109
21261 10902.1748047
21321 10886.6855469
21381 10868.59375
21441 10846.1435547
21562 10786.6767578
21682 10776.6015625
21742 10773.5830078
21803 10763.6621094
21863 10744.6464844
21923 10729.0771484
21983 10704.7158203
22043 10692.1347656
22103 10672.9599609
22163 10652.6162109
22223 10637.5917969
22275 10625.9101562
22326 10612.9404297
22365 10586.7412109
22404 10584.2539062
22465 10566.6757812
22525 10556.6328125
22560 10545.125
22575 10540.9111328
22616 10527.34375
22676 10506.4179688
22736 10491.6328125
22856 10492.1220703
22916 10480.3085938
22977 10468.09375
23037 10443.2021484
23097 10427.0703125
23157 10406.4169922
23217 10385.5625
23277 10368.7578125
23337 10356.0498047
23398 10344.1064453
23458 10324.9501953
23518 10303.3271484
23578 10287.9716797
23638 10273.6757812
23698 10257.3740234
23758 10239.1552734
23819 10225.5869141
23879 10212.3271484
23939 10191.609375
23999 10169.5839844
24059 10168.2119141
24119 10165.1953125
24158 10161.2753906
24197 10151.0439453
24257 10133.3466797
24317 10116.5927734
24377 10101.1748047
24414 10093.890625
24452 10089.6669922
24512 10072.6025391
24572 10058.2988281
24632 10036.1074219
24693 10020.1298828
24753 10006.7685547
24813 9988.67578125
24873 9974.66210938
24933 9961.42285156
24993 9945.625
25053 9928.54101562
25114 9909.62011719
25415 9874.48632812
25535 9874.46582031
25595 9870.45703125
25655 9851.36035156
25715 9833.62109375
25775 9816.47949219
25836 9802.12988281
25896 9789.54003906
25956 9773.86035156
26016 9758.46777344
26076 9738.84277344
26136 9724.3828125
26196 9707.89941406
26257 9694.12207031
26317 9674.45996094
26377 9662.08105469
26437 9648.26464844
26497 9632.78125
26592 9644.83105469
26653 9633.95605469
26713 9614.32714844
26773 9597.69335938
26833 9584.30371094
26894 9570.94042969
26954 9553.24023438
27014 9538.57714844
27074 9525.27832031
27134 9514.57910156
27194 9497.44921875
27254 9486.18261719
27315 9468.22167969
27375 9445.36914062
27435 9434.73046875
27495 9419.58789062
27555 9404.4375
27615 9390.64257812
27675 9373.0
27736 9358.11914062
27796 9344.82226562
27916 9345.75195312
27976 9328.44726562
28036 9318.58691406
28096 9303.48242188
28157 9287.93847656
28217 9273.85253906
28277 9254.73046875
28337 9228.83886719
28397 9223.75292969
28457 9209.39257812
28517 9191.37597656
28577 9180.20507812
28638 9164.83398438
28698 9149.43652344
28758 9138.74121094
28793 9125.99023438
28828 9113.92285156
28889 9097.22460938
28949 9091.13183594
29009 9080.30371094
29069 9066.85351562
29129 9049.33886719
29189 9040.49902344
29249 9038.33105469
29310 9020.11816406
29370 9008.18359375
29430 8992.00292969
29490 8974.86035156
29550 8968.92089844
29610 8952.31933594
29671 8935.20019531
29731 8922.53417969
29791 8908.39648438
29851 8896.31933594
29894 8886.1796875
29938 8873.91503906
29998 8860.95117188
30058 8848.49121094
30118 8836.56347656
30178 8817.21191406
30238 8797.39355469
30298 8791.44726562
30358 8780.52148438
30419 8763.97070312
30539 8770.05175781
30599 8752.37207031
30659 8734.11425781
30719 8720.94335938
30779 8706.3359375
30840 8696.82421875
31140 9279.66113281
31200 9263.19433594
31261 9243.23632812
31621 9183.63964844
31681 9163.12109375
31742 9149.60058594
31802 9132.97753906
31862 9120.86035156
31922 9103.61425781
31982 9085.71191406
32043 9072.83691406
32103 9057.94726562
32163 9039.85351562
32223 9025.07910156
32283 9010.0
32343 8998.19628906
32403 8981.72460938
32464 8966.88378906
32524 8948.44433594
32584 8932.7578125
32644 8915.76660156
32704 8902.02148438
32764 8886.59472656
32825 8872.36425781
32885 8856.88476562
32945 8844.89746094
33005 8824.93945312
33065 8803.55566406
33125 8789.33886719
33185 8774.0546875
33246 8761.85253906
33281 8757.14355469
33309 8746.3203125
33361 8734.09667969
33421 8718.46582031
33482 8701.43066406
33542 8684.35253906
33581 8677.16503906
33620 8665.7578125
33680 8648.80664062
33740 8635.91601562
33801 8615.2734375
33861 8595.24902344
33921 8580.47167969
33981 8567.45898438
34041 8551.1484375
34101 8535.72753906
34161 8519.60253906
34222 8505.62597656
34282 8488.40332031
34342 8475.56835938
34402 8460.08984375
34462 8440.07226562
34522 8423.37988281
34582 8415.49902344
34643 8402.03710938
34703 8389.3359375
34763 8374.64160156
34823 8357.62304688
34883 8341.87207031
34943 8333.56738281
35003 8324.58300781
35064 8306.43652344
35124 8289.07421875
35184 8273.94335938
35702 8208.78613281
35738 8179.48876953
35858 8131.16259766
35918 8111.50976562
35978 8091.73193359
36039 8074.01953125
36099 8058.56933594
36159 8052.31787109
