0 18944.1699219
49 18928.5136719
185 18719.3496094
246 18681.4804688
306 18648.8710938
688 17871.9101562
723 17844.1992188
784 17801.8925781
1130 17441.5898438
1167 17403.2695312
1434 17123.9160156
1530 17000.4453125
1801 18075.6074219
1838 18047.5566406
1898 18004.7929688
1958 17977.9824219
2018 17943.1289062
2078 17889.5761719
2113 17873.9648438
2269 17858.4316406
2329 17815.84375
2389 17779.9863281
2449 17744.8769531
2510 17698.9277344
2570 17657.296875
2630 17625.78125
2690 17595.6074219
2750 17559.921875
2787 17533.9667969
2824 17506.1757812
2884 17469.7773438
2945 17435.9003906
3065 17426.4960938
3125 17381.2011719
3167 17356.2578125
3208 17338.3847656
3269 17300.9335938
3321 17261.8945312
3348 17238.9609375
3383 17224.5332031
3444 17178.8203125
3504 17149.2675781
3564 17124.6699219
3624 17103.0527344
3684 17050.890625
3744 17013.6464844
3804 16964.8359375
3925 16976.1953125
4021 16874.5039062
4057 16859.6796875
4118 16830.0429688
4178 16792.2382812
4238 16748.609375
4298 16709.0898438
4358 16671.9960938
4418 16633.3203125
4478 16600.5117188
4539 16565.9101562
4599 16527.1972656
4659 16505.6347656
4719 16487.40625
4779 16485.0332031
4839 16462.4980469
4881 16437.9960938
4922 16396.4980469
4983 16368.4296875
5043 16348.2158203
5343 16339.2724609
5404 16303.4199219
5464 16270.5625
5524 16235.8525391
5584 16210.6308594
5644 16180.0830078
5764 16171.4199219
5825 16161.6865234
5885 16133.1904297
5945 16098.1640625
6005 16065.9628906
6065 16026.7314453
6125 16001.9316406
6186 15972.8486328
6246 15937.3359375
6281 15916.5693359
6316 15898.2792969
6377 15861.2236328
6437 15827.1503906
6497 15794.1220703
6557 15771.3798828
6617 15738.6953125
6669 15711.4521484
6781 15721.3027344
6841 15680.2558594
6902 15648.7246094
6962 15623.3378906
7022 15588.3896484
7082 15551.2314453
7142 15524.3056641
7202 15494.3251953
7262 15486.5136719
7322 15448.9873047
7382 15413.0712891
7418 15399.078125
7453 15367.7519531
7513 15335.1425781
7573 15305.3740234
7694 15303.75
7754 15266.4501953
7814 15237.4726562
7874 15201.75
7917 15168.9306641
7961 15143.734375
8021 15132.7158203
8081 15114.5498047
8141 15086.9599609
8201 15065.0068359
8262 15041.9150391
8322 15007.8417969
8382 14976.3798828
8442 14927.6132812
8502 14902.5332031
8562 14878.5107422
8622 14855.7773438
8658 14841.7509766
8754 14849.0761719
8814 14812.6064453
8875 14785.0869141
8935 14755.5488281
8995 14739.5527344
9055 14710.6123047
9175 14606.8291016
9235 14588.7919922
9295 14556.7373047
9355 14528.375
9656 14561.9228516
9777 14549.9101562
9837 14534.0517578
9897 14511.1103516
9957 14484.5585938
10017 14459.2685547
10078 14430.6054688
10138 14403.2441406
10198 14382.2099609
10258 14349.0996094
10318 14324.453125
10379 14294.9072266
10439 14276.109375
10499 14251.5029297
10559 14225.765625
10619 14201.3193359
10679 14173.9208984
10799 14176.3349609
10860 14152.4189453
10920 14126.2578125
10980 14098.4365234
11040 14073.0078125
11100 14046.5439453
11139 14033.8710938
11177 14017.7539062
11237 13994.640625
11297 13968.5722656
11354 13940.5058594
11410 13915.6083984
11471 13889.3154297
11531 13859.6083984
11591 13832.5273438
11651 13819.7138672
11686 13804.3789062
11721 13783.1328125
11902 13756.7285156
11962 13731.7001953
12022 13705.7255859
12082 13678.6582031
12142 13652.0166016
12202 13633.0664062
12263 13607.9179688
12323 13579.3164062
12383 13552.6152344
12443 13533.7578125
12503 13514.0625
12563 13489.2783203
12610 13461.8857422
12658 13442.8896484
12718 13412.1152344
12778 13379.84375
12898 13352.4267578
12959 13349.4707031
13019 13312.6044922
13079 13293.2148438
13139 13273.9042969
13199 13245.4931641
13259 13224.7783203
13319 13199.8671875
13380 13169.0419922
13440 13139.4404297
13500 13127.1015625
13560 13092.5322266
13604 13072.8681641
13649 13053.109375
13709 13012.8408203
13762 12987.1611328
13815 12959.6503906
13874 12939.2431641
13934 12916.1484375
14055 12920.2753906
14115 12898.1787109
14175 12870.8242188
14235 12845.9863281
14295 12815.7246094
14355 12795.5917969
14415 12770.9560547
14476 12745.7080078
14536 12717.0791016
14596 12694.0615234
14656 12667.4433594
14716 12650.4873047
14776 12621.6767578
14836 12604.7041016
14897 12578.2216797
15017 12547.5878906
15061 12520.2431641
15165 12525.0019531
15225 12497.9326172
15285 12474.4804688
15345 12450.5625
15405 12434.4482422
15465 12405.3144531
15526 12374.9541016
15586 12361.4541016
15646 12337.5234375
15706 12311.4355469
15766 12285.5908203
16007 12173.0107422
16067 12156.1865234
16127 12119.5615234
16187 12118.8183594
16247 12117.8886719
16488 12016.3212891
16532 11990.3769531
16575 11978.96875
16671 11976.4628906
16706 11966.4570312
16766 11934.9072266
16826 11905.7324219
16886 11878.5107422
16947 11852.2529297
17007 11824.4150391
17067 11795.9462891
17127 11774.7705078
17187 11756.7080078
17247 11745.3027344
17307 11714.9619141
17368 11686.2861328
17488 11707.6484375
17548 11687.3027344
17608 11674.1083984
17849 11603.7412109
17909 11584.765625
17948 11561.1259766
17987 11552.4238281
18048 11539.3701172
18108 11530.1005859
18168 11513.9541016
18228 11497.96875
18288 11493.5263672
18348 11483.6494141
18409 11467.0576172
18469 11435.0253906
18529 11423.75
18950 11648.1416016
19010 11624.1347656
19070 11596.3183594
19130 11582.3349609
19190 11571.5224609
19251 11548.6357422
19311 11528.0380859
19371 11510.4345703
19430 11496.9882812
19475 11479.4121094
19521 11464.2333984
19567 11449.2626953
19612 11430.0791016
19673 11410.5253906
19733 11394.8115234
19793 11374.4316406
19913 11382.734375
19973 11359.8671875
20033 11341.0
20093 11325.6513672
20154 11306.3974609
20214 11285.6074219
20274 11264.6708984
20334 11242.8027344
20394 11226.5644531
20454 11206.6289062
20514 11184.4150391
20575 11161.9697266
20635 11152.7158203
20695 11133.6171875
20755 11119.2441406
20815 11098.7753906
20875 11080.5966797
20911 11070.8681641
20948 11054.0927734
21008 11033.6328125
21128 11040.9863281
21188 11019.2910156
21248 11005.1689453
21309 10994.2050781
21369 10971.5546875
21429 10949.0566406
21489 10932.1484375
21549 10923.1396484
21609 10909.375
21650 10902.390625
21690 10883.6845703
21751 10863.7353516
21811 10837.0107422
21871 10818.4960938
21931 10799.2636719
21991 10782.9492188
22232 10737.2919922
22292 10722.2080078
22352 10710.6611328
22412 10696.4667969
22467 10678.9892578
22583 10683.5849609
22643 10661.8212891
22703 10639.6972656
22763 10625.8808594
22823 10606.6982422
22883 10592.1816406
22943 10575.7929688
22983 10564.4150391
23023 10554.2880859
23084 10542.5390625
23144 10526.2353516
23204 10507.3652344
23264 10489.4482422
23324 10471.1953125
23384 10455.1552734
23444 10437.7685547
23504 10426.2910156
23625 10428.8740234
23685 10409.0400391
23745 10388.6494141
23805 10372.0576172
23865 10359.8203125
23925 10339.6123047
23986 10324.0634766
24029 10312.3867188
24072 10301.6572266
24132 10282.40625
24192 10271.5986328
24252 10253.1474609
24312 10236.4775391
24373 10221.4394531
24433 10203.4287109
24493 10187.9882812
24553 10171.8154297
24613 10156.3583984
24673 10140.5253906
24729 10126.1904297
24846 10128.4453125
24906 10117.7861328
24966 10099.4013672
25026 10079.765625
25086 10058.0087891
25146 10047.5
25206 10031.4619141
25266 10019.609375
25327 9998.51074219
25387 9983.27050781
25447 9967.59179688
25507 9948.9609375
25567 9931.75
25627 9916.32421875
25687 9889.60644531
25748 9881.45898438
25808 9869.96289062
25868 9847.95898438
25928 9837.95703125
25988 9824.68359375
26043 9811.49023438
26097 9799.08789062
26217 9806.56152344
26278 9790.671875
26338 9775.54492188
26398 9758.60449219
26458 9742.1484375
26518 9728.13378906
26579 9708.76953125
26639 9693.24609375
26699 9681.86328125
26759 9670.76464844
26819 9657.16113281
26879 9643.41796875
26932 9624.10449219
26984 9609.42675781
27045 9602.49902344
27105 9584.61523438
27165 9569.65625
27225 9550.88769531
27285 9534.97558594
27345 9516.29785156
27466 9509.65820312
27526 9504.00585938
27586 9491.02539062
27646 9483.12304688
27706 9469.08007812
27767 9453.00976562
27827 9433.48242188
27887 9421.18164062
27947 9404.01269531
28007 9395.58496094
28067 9381.65917969
28127 9368.35742188
28187 9350.61230469
28248 9338.06347656
28308 9324.11816406
28368 9303.31347656
28428 9288.23632812
28488 9274.51757812
28549 9258.42382812
28609 9243.36328125
28669 9224.99414062
28729 9206.11621094
28789 9186.75878906
28909 9197.05859375
28970 9180.91503906
29030 9162.984375
29070 9149.77734375
29109 9128.40332031
29170 9119.1640625
29230 9107.95507812
29290 9094.75097656
29350 9084.99511719
29410 9071.98730469
29471 9058.82226562
29531 9039.51855469
29591 9020.60058594
29651 9015.11230469
29711 8999.11035156
29771 8987.87597656
29831 8970.71484375
29892 8955.08886719
29952 8937.68554688
30012 8924.3671875
30072 8906.65136719
30132 8874.50097656
30192 8858.44140625
30313 8864.6484375
30373 8854.85058594
30433 8840.99316406
30493 8827.109375
30553 8810.93945312
30613 8793.13769531
30674 8778.63671875
30734 8759.18945312
30794 8743.94238281
31045 9379.41503906
31105 9357.94921875
31165 9331.87109375
31466 9334.64160156
31526 9318.60742188
31586 9301.89746094
31646 9285.9375
31706 9266.05273438
31741 9255.24707031
31777 9243.82128906
31837 9225.90820312
31897 9209.78222656
31957 9193.37695312
32018 9179.28515625
32078 9158.99804688
32131 9149.17285156
32185 9133.57910156
32245 9117.66015625
32305 9103.45214844
32365 9084.98339844
32425 9069.56347656
32485 9050.64160156
32546 9029.68359375
32606 9016.28320312
32666 9002.08105469
32726 8983.37890625
32786 8963.44042969
32847 8950.47949219
32895 8936.5390625
32944 8922.39941406
33004 8907.89941406
33064 8888.1953125
33124 8873.609375
33184 8857.9140625
33245 8842.57226562
33305 8827.70800781
33365 8812.53320312
33425 8799.79394531
33485 8775.02246094
33545 8758.01367188
33605 8742.78613281
33665 8730.42382812
33726 8718.0625
33786 8699.76464844
33846 8689.11425781
33906 8668.01074219
33947 8659.61132812
33987 8649.03320312
34048 8637.43652344
34108 8628.64550781
34167 8612.046875
34226 8594.046875
34286 8580.24316406
34346 8563.81542969
34406 8550.47851562
34467 8538.36230469
34527 8520.32617188
34587 8507.46191406
34647 8492.13769531
34707 8481.16308594
34767 8468.31152344
34827 8450.72363281
34888 8431.61914062
34948 8419.03417969
35008 8407.24707031
35068 8395.53515625
35128 8380.2265625
35188 8367.68457031
35248 8356.63964844
35309 8337.51855469
35369 8323.95019531
35429 8309.10351562
35669 8704.94042969
35730 8689.90429688
35790 8677.83105469
35850 8659.51757812
35910 8644.44042969
35970 8619.94042969
36030 8601.51269531
36090 8589.2265625
36151 8572.4765625
36211 8555.14648438
36271 8535.25878906
36331 8523.40527344
36391 8505.33300781
36451 8485.17089844
36511 8467.88769531
36572 8457.30761719
36632 8443.19726562
36692 8428.92773438
36752 8408.27050781
36812 8395.74414062
36872 8379.26269531
36932 8359.74316406
36993 8340.47460938
37053 8322.06835938
37113 8312.11328125
37173 8299.20410156
37233 8285.96582031
37293 8266.35644531
37353 8246.15429688
37414 8229.60546875
37474 8214.71484375
37516 8200.01171875
37559 8194.05078125
37619 8174.41894531
37679 8158.83691406
37739 8143.55859375
37799 8126.84033203
38040 8075.29052734
38100 8061.92919922
38160 8044.94335938
38221 8029.35693359
38281 8016.40966797
38341 8002.61962891
38401 7984.84179688
38461 7971.25146484
38521 7957.14355469
38581 7942.35205078
38642 7924.87402344
38702 7914.81933594
38762 7891.36328125
38822 7875.32421875
38882 7858.77636719
38942 7851.38378906
39002 7839.53076172
39063 7825.45703125
39123 7811.67822266
39183 7796.02587891
39243 7782.71240234
39303 7768.81787109
39363 7757.25341797
39423 7742.09960938
39484 7728.99023438
39522 7719.94140625
39561 7710.82226562
39622 7697.67578125
39742 7660.79736328
39802 7655.74462891
39863 7638.69824219
39923 7627.83154297
39983 7611.83105469
40043 7599.54443359
40103 7582.86621094
40163 7572.34082031
40223 7560.72363281
40284 7546.65429688
40344 7533.36816406
40404 7515.95703125
40464 7506.38818359
40524 7492.63720703
40584 7476.9609375
40645 7460.68505859
40705 7446.93554688
40765 7437.54345703
40825 7422.54638672
40885 7403.93554688
40945 7389.93701172
41006 7374.49365234
41066 7358.86767578
41126 7344.90234375
41186 7332.02050781
41246 7311.53662109
41306 7299.1875
41367 7287.5625
41427 7275.04931641
41487 7263.95654297
41547 7249.75830078
41607 7241.63818359
41644 7231.08886719
41682 7218.65820312
41742 7204.02539062
41802 7192.12597656
41862 7182.83398438
41923 7169.22021484
41983 7155.23730469
42043 7142.609375
42103 7128.31445312
42163 7116.10888672
42223 7107.0
42283 7093.46582031
42344 7082.86962891
42404 7072.92578125
42464 7056.84082031
42524 7044.59570312
42584 7032.14941406
42644 7015.48144531
42704 7005.20703125
42764 6989.60693359
42825 6979.15283203
42885 6969.11181641
42945 6956.1953125
43005 6945.81982422
43065 6930.27392578
43125 6919.85400391
43185 6909.85351562
43245 6903.15869141
43306 6889.34228516
43366 6878.07373047
43426 6860.85205078
43486 6849.15722656
43546 6842.59033203
43606 6836.82177734
43666 6823.86621094
43727 6806.94970703
43787 6801.73095703
43847 6787.25488281
43907 6768.92724609
43960 6755.76953125
44012 6753.11230469
44073 6739.01806641
44133 6725.23828125
44193 6715.04443359
44253 6705.72363281
44313 6692.16357422
44373 6672.33349609
44433 6664.15283203
44494 6641.69433594
44554 6634.14013672
44614 6629.43554688
44674 6618.91113281
44735 6606.4765625
44795 6592.42529297
44855 6579.07958984
44915 6566.57177734
44975 6561.24511719
45035 6556.15527344
45095 6549.94384766
45156 6536.10058594
45216 6519.91894531
45276 6502.83447266
45336 6497.29296875
45396 6493.11376953
45456 6483.24853516
45516 6467.74951172
45577 6453.31933594
45637 6439.07470703
45998 6479.52539062
46058 6472.68896484
46118 6459.85839844
46178 6446.09912109
46238 6437.02099609
46299 6432.16210938
46359 6426.02832031
46419 6416.59960938
46479 6406.96386719
46539 6397.84667969
46600 6387.234375
46660 6378.54833984
46720 6368.40771484
46780 6355.72900391
46840 6346.10400391
46900 6335.76513672
46960 6327.02978516
47021 6316.140625
47081 6305.86767578
47141 6295.48828125
47201 6285.22607422
47237 6278.59716797
47274 6275.23779297
47334 6265.26953125
47394 6256.32666016
47454 6245.94335938
47514 6237.34667969
47575 6227.65087891
47635 6218.83398438
47695 6210.47363281
47755 6199.65478516
47815 6189.27441406
47875 6180.99267578
47935 6172.40039062
47996 6165.0859375
48056 6154.25927734
48116 6145.52978516
48176 6136.61083984
48219 6123.93701172
48847 6049.44433594
48895 6042.85498047
48931 6038.38818359
48966 6033.60253906
49026 6032.56298828
49086 6024.32910156
49146 6013.09667969
49206 5999.10400391
49266 5994.77636719
49327 5979.05322266
49387 5969.48828125
49447 5961.70654297
49507 5951.09521484
49567 5944.02148438
49627 5935.60986328
49687 5928.91992188
49748 5920.68994141
49808 5909.70019531
49868 5901.93896484
49928 5891.32910156
49988 5880.2734375
50048 5869.95068359
