0 14866.1503906
45 14850.8759766
96 14797.5712891
156 14762.4511719
217 14714.0908203
277 14690.5917969
456 14500.4912109
516 14490.1669922
576 14454.90625
617 14428.5771484
634 14416.7138672
670 14389.7246094
731 14339.1855469
791 14297.7724609
1510 14286.7109375
1546 14264.9267578
1847 14532.7851562
1907 14521.6533203
1967 14474.9091797
2028 14448.1064453
2066 14430.9580078
2105 14404.4589844
2165 14361.9921875
2225 14334.1542969
2346 14350.9472656
2406 14299.5527344
2466 14260.3574219
2526 14243.2880859
2586 14211.7949219
2646 14174.9267578
2706 14145.9404297
2766 14117.0878906
2827 14079.8515625
2887 14052.9833984
2947 14026.4277344
3006 13979.7949219
3066 13946.6455078
3101 13925.3564453
3197 13945.8632812
3257 13912.6767578
3317 13866.9697266
3377 13845.0576172
3437 13822.0058594
3497 13784.234375
3558 13727.3515625
3618 13690.8291016
3678 13679.2871094
3738 13660.7431641
3798 13630.3212891
3858 13591.9951172
3918 13558.6474609
3979 13522.6865234
4039 13499.9609375
4099 13468.8320312
4134 13457.6826172
4169 13435.6015625
4230 13400.5390625
4290 13372.6962891
4686 13561.5576172
4781 13572.8466797
4842 13559.8730469
4902 13532.1816406
4962 13506.9394531
5022 13486.5048828
5134 13486.8740234
5194 13459.59375
5254 13439.1113281
5314 13411.6503906
5375 13386.6376953
5432 13366.9990234
5488 13338.6337891
5549 13312.5351562
5609 13284.859375
5669 13267.0634766
5729 13243.8847656
5789 13181.2138672
5849 13167.1669922
5909 13160.5146484
6030 13147.1601562
6090 13138.328125
6150 13119.2988281
6210 13096.7685547
6270 13069.4765625
6306 13048.4355469
6341 13039.1787109
6401 13008.6689453
6461 12983.6035156
6502 12970.9609375
6543 12957.1357422
6603 12929.0966797
6663 12906.296875
6723 12880.9765625
6783 12850.2148438
6829 12816.7167969
6875 12806.9677734
6935 12771.8847656
7056 12747.8486328
7116 12731.8115234
7176 12713.6884766
7236 12682.7207031
7296 12640.7617188
7357 12608.7480469
7417 12577.3818359
7477 12558.0302734
7537 12530.8867188
7597 12505.3212891
7639 12476.4257812
7680 12467.6982422
7801 12448.4355469
7861 12428.8320312
7921 12385.9814453
7981 12384.9316406
8041 12378.7988281
8101 12353.9277344
8162 12335.5263672
8222 12314.8193359
8282 12290.3388672
8342 12270.9638672
8402 12235.9101562
8462 12206.5996094
8522 12200.2958984
8583 12186.0957031
8643 12157.65625
8703 12138.0195312
8763 12115.65625
8823 12086.0810547
8883 12071.1503906
8943 12049.4746094
9064 12041.0195312
9124 12017.8310547
9184 11979.9306641
9219 11969.0976562
9255 11953.4130859
9315 11929.2109375
9375 11908.0566406
9435 11889.5273438
9495 11869.6054688
9555 11845.0722656
9616 11817.5849609
9977 11978.2285156
10097 11966.7148438
10157 11960.8925781
10217 11935.4970703
10278 11915.9072266
10338 11897.3310547
10398 11871.7929688
10458 11846.3789062
10518 11826.3330078
10578 11814.5009766
10638 11785.1289062
10699 11773.6494141
10759 11753.1923828
10819 11726.2548828
10879 11707.3203125
10939 11687.5976562
10999 11672.5947266
11060 11647.0820312
11120 11627.8505859
11240 11638.0087891
11300 11616.3984375
11360 11593.5273438
11420 11574.0625
11481 11555.5683594
11541 11539.9013672
11581 11530.8564453
11621 11519.8945312
11663 11502.2744141
11682 11499.2089844
11719 11488.2578125
11780 11460.7529297
11840 11443.0126953
11900 11421.9638672
11960 11398.8427734
12020 11379.1992188
12080 11354.1083984
12140 11343.9990234
12236 11330.8955078
12331 11353.1376953
12392 11326.3710938
12452 11304.9326172
12512 11285.9013672
12572 11272.2197266
12632 11255.3935547
12692 11238.7451172
12752 11217.0732422
12813 11202.7373047
12873 11198.2509766
12933 11177.9042969
12993 11152.8105469
13053 11132.6318359
13113 11113.7226562
13173 11095.1328125
13233 11073.046875
13294 11056.6640625
13330 11054.0292969
13426 11050.1308594
13486 11034.5244141
13546 11012.6240234
13607 10991.4863281
13667 10980.6982422
13727 10964.7236328
13787 10952.9091797
13847 10931.1230469
13907 10911.0234375
13967 10899.8417969
14028 10873.7675781
14088 10856.6660156
14148 10843.3603516
14208 10825.6708984
14268 10805.5195312
14328 10788.6679688
14388 10755.5996094
14449 10740.3837891
14509 10729.4902344
14735 10739.8193359
14770 10728.1152344
14830 10710.5527344
14890 10693.6318359
14951 10671.8515625
15011 10643.0644531
15071 10634.8125
15131 10620.6162109
15191 10603.5634766
15251 10587.2128906
15286 10578.2724609
15322 10568.3300781
15382 10554.9287109
15442 10535.7060547
15502 10519.2255859
15563 10501.7060547
15623 10481.2587891
15803 10476.1054688
15863 10460.6494141
15923 10447.0625
15984 10431.6806641
16044 10409.8623047
16104 10392.1582031
16164 10375.78125
16224 10359.9335938
16284 10345.0820312
16344 10329.6679688
16405 10317.2011719
16440 10300.2792969
16476 10293.3642578
16536 10275.2314453
16596 10255.2695312
16656 10228.9921875
16716 10218.9794922
16776 10206.2119141
16897 10205.2871094
16957 10193.4355469
17017 10174.1210938
17077 10156.8984375
17137 10135.0322266
17197 10108.9208984
17232 10100.3955078
17268 10087.5039062
17328 10086.6875
17388 10066.5654297
17448 10050.9628906
17509 10037.3242188
17569 10024.1455078
17629 10007.328125
17689 9988.27539062
17749 9964.48339844
17809 9943.57714844
17930 9911.96191406
17990 9895.37695312
18170 9893.26660156
18230 9876.46972656
18291 9855.09765625
18351 9840.80566406
18411 9826.43261719
18471 9800.92871094
18531 9783.49414062
18591 9764.16699219
18651 9749.56152344
18712 9736.83300781
18772 9717.79394531
18832 9700.4765625
18892 9684.45117188
18952 9667.30078125
19012 9654.61816406
19072 9638.98730469
19132 9623.90820312
19189 9606.703125
19245 9589.54492188
19365 9597.93554688
19425 9586.35644531
19486 9566.04394531
19546 9549.40527344
19606 9530.04882812
19666 9516.84960938
19726 9502.19628906
19786 9490.8046875
19847 9474.34179688
19907 9463.94335938
19967 9447.22167969
20027 9430.67675781
20087 9407.52832031
20147 9384.71582031
20208 9366.61816406
20268 9353.078125
20328 9346.65039062
20388 9337.75292969
20448 9317.63964844
20509 9304.546875
20629 9306.31542969
20689 9281.00097656
20749 9260.41699219
20809 9237.44628906
20869 9227.97363281
20929 9216.35058594
20990 9193.19824219
21050 9174.640625
21110 9163.26660156
21170 9145.91699219
21205 9135.85253906
21241 9116.48046875
21301 9106.31835938
21361 9102.71484375
21421 9094.40820312
21481 9075.484375
21541 9071.5546875
21602 9050.29394531
21662 9035.50195312
21722 9015.59960938
21782 8993.92089844
21903 9004.91601562
21963 8986.47460938
22023 8971.22558594
22083 8949.29199219
22143 8940.18652344
22203 8917.47851562
22263 8899.00097656
22323 8876.19921875
22384 8859.25878906
22444 8852.51953125
22504 8841.7421875
22564 8828.07617188
22599 8821.4609375
22634 8801.67773438
22694 8792.7421875
22755 8791.70507812
22815 8773.70800781
22875 8756.62890625
22935 8742.18652344
22995 8719.01855469
23056 8706.10546875
23176 8704.21777344
23236 8667.51757812
23279 8628.25585938
23323 8621.4609375
23383 8612.21972656
23443 8595.16308594
23503 8551.93164062
23684 8564.6328125
23744 8547.08886719
23804 8541.36621094
23864 8524.01464844
23924 8508.90136719
23985 8494.37207031
24045 8474.99023438
24105 8461.39550781
24146 8457.10546875
24187 8449.58203125
24247 8437.35742188
24308 8424.27246094
24368 8401.59863281
24488 8399.29980469
24548 8379.7890625
24609 8291.67382812
24849 8537.65039062
24910 8524.05273438
24970 8509.44824219
25030 8498.25488281
25090 8485.13476562
25150 8471.99316406
25210 8458.95898438
25270 8447.47460938
25330 8435.42773438
25391 8417.359375
25691 8994.53710938
25752 8978.87597656
25812 8964.93652344
25872 8943.421875
25932 8928.11132812
25992 8911.96289062
26052 8895.67773438
26113 8881.76074219
26173 8864.41210938
26215 8849.71875
26257 8837.26953125
26318 8822.25292969
26378 8806.41210938
26438 8790.77148438
26498 8774.8046875
26558 8760.22558594
26618 8744.16601562
26678 8727.63183594
26738 8712.23828125
26799 8697.26171875
26859 8682.3984375
26919 8666.58203125
26979 8650.5703125
27039 8632.68359375
27099 8621.53710938
27159 8604.57910156
27220 8586.78710938
27280 8573.06347656
27340 8557.46386719
27400 8538.27441406
27460 8522.71484375
27520 8510.97363281
27581 8496.640625
27641 8483.35644531
27701 8467.2890625
27761 8452.09863281
27821 8436.48339844
27881 8418.125
27941 8403.29101562
28001 8386.96386719
28062 8372.00488281
28122 8355.11230469
28182 8344.58105469
28242 8328.00097656
28302 8314.91503906
28362 8301.61035156
28422 8288.96777344
28483 8275.21289062
28543 8262.14648438
28603 8246.36914062
28638 8236.42480469
28673 8226.09863281
28734 8211.88671875
28794 8201.21679688
28852 8189.90039062
28911 8175.35888672
28971 8160.55078125
29031 8145.30957031
29091 8130.36328125
29152 8118.12792969
29212 8102.4609375
29272 8090.54785156
29332 8077.45996094
29392 8063.10449219
29452 8047.96923828
29512 8034.88183594
29573 8025.40478516
29633 8006.02197266
29693 7992.39697266
29753 7980.66943359
29813 7965.87011719
29873 7958.98535156
29933 7951.81933594
29994 7935.92382812
30054 7922.09179688
30114 7909.56054688
30174 7896.81787109
30234 7885.39550781
30294 7872.25976562
30354 7847.46728516
30415 7842.06201172
30475 7832.65869141
30535 7818.31005859
30595 7805.35351562
30655 7792.46289062
30715 7776.95068359
30776 7762.93310547
30836 7749.28369141
30896 7736.85595703
30956 7723.03662109
31001 7713.79052734
31045 7704.09814453
31105 7690.20019531
31165 7679.41894531
31226 7667.03759766
31286 7653.75830078
31346 7639.57226562
31587 7595.61767578
31647 7580.09912109
31707 7563.48144531
31948 7921.89013672
32008 7909.45361328
32068 7890.82910156
32128 7876.68945312
32188 7862.82617188
32249 7850.68359375
32309 7833.08496094
32369 7817.19238281
32429 7799.55664062
32489 7785.35205078
32549 7775.75341797
32609 7758.15234375
32670 7743.24316406
32730 7731.75683594
32790 7718.54492188
32850 7703.0859375
32910 7690.45019531
32970 7669.57128906
33031 7657.91699219
33091 7642.30957031
33151 7627.60595703
33211 7614.08886719
33271 7599.51806641
33331 7587.84521484
33392 7569.36230469
33452 7559.05908203
33512 7543.94482422
33572 7530.12548828
33632 7514.28271484
33692 7499.60449219
33752 7486.92871094
33812 7473.32275391
33873 7455.49316406
33933 7453.21923828
33993 7438.84033203
34053 7427.89941406
34113 7412.73828125
34173 7399.58349609
34233 7385.75878906
34294 7372.3046875
34354 7359.65576172
34414 7348.50585938
34474 7334.87255859
34534 7324.09863281
34594 7309.72314453
34655 7293.12304688
34715 7279.859375
34775 7264.50439453
34835 7249.06738281
34895 7242.27148438
34941 7236.24658203
34986 7225.34619141
35047 7211.40039062
35107 7200.19824219
35167 7188.85009766
35227 7176.60595703
35287 7164.91113281
35347 7148.95214844
35408 7132.50292969
35468 7123.52246094
35528 7112.73339844
35588 7097.75732422
35648 7087.63330078
35708 7074.84277344
35769 7062.57910156
35829 7050.80664062
35889 7039.09472656
35949 7026.50878906
36009 7012.05908203
36070 7006.24169922
36130 6993.68310547
36190 6982.28857422
36250 6966.69921875
36310 6958.32080078
36370 6947.19091797
36430 6935.33300781
36491 6924.66162109
36551 6912.15478516
36611 6899.49707031
36671 6886.92724609
36731 6876.40039062
36791 6864.48535156
36851 6853.49316406
36912 6842.86816406
36972 6828.07666016
37032 6817.86035156
37092 6810.18066406
37152 6794.60839844
37213 6785.11816406
37273 6771.59570312
37333 6763.94335938
37376 6758.43359375
37420 6752.69970703
37480 6741.73925781
37540 6731.33251953
37600 6717.80664062
37660 6711.91650391
37721 6706.42578125
37781 6694.36962891
37841 6685.43505859
37901 6677.73583984
37961 6669.98193359
38021 6656.76708984
38081 6646.59130859
38142 6635.68798828
38202 6625.1171875
38262 6614.91894531
38322 6604.17871094
38382 6591.80761719
38442 6580.07666016
38502 6567.55029297
38562 6556.08398438
38623 6542.11425781
38683 6533.57617188
38743 6523.80957031
38803 6515.29296875
38863 6507.30126953
38923 6496.00537109
38984 6485.88183594
39044 6472.62988281
39104 6462.48828125
39164 6451.24902344
39224 6441.60595703
39284 6432.984375
39345 6421.3046875
39405 6416.36621094
39465 6404.82421875
39525 6397.29882812
39585 6386.41552734
39645 6377.81738281
39705 6365.09375
39766 6357.26025391
39826 6345.86523438
39886 6334.72558594
39946 6325.63769531
40006 6315.98339844
40044 6310.71289062
40318 6272.03173828
40378 6271.07666016
40438 6262.47460938
40498 6252.77441406
40558 6246.12890625
40619 6235.20996094
40679 6224.83935547
40739 6213.63037109
40799 6203.4921875
40859 6193.69091797
40919 6185.43994141
40979 6174.65380859
41040 6163.85742188
41100 6154.70410156
41160 6148.33349609
41220 6139.56298828
41280 6130.33886719
41340 6120.23779297
41400 6108.96875
41461 6102.00488281
41521 6093.72167969
41581 6083.38867188
41641 6074.57421875
41701 6064.79638672
41761 6056.77197266
41821 6046.015625
41882 6038.85107422
41942 6032.11132812
42002 6021.57324219
42062 6012.06738281
42122 6001.89892578
42183 5993.83105469
42243 5985.57275391
42303 5975.77929688
42363 5966.58349609
42423 5959.46728516
42483 5950.65673828
42543 5942.31201172
42604 5934.828125
42664 5929.14257812
42724 5919.03222656
42784 5911.24169922
42844 5899.80712891
42904 5891.04833984
42944 5886.18261719
42959 5882.39892578
42972 5879.14794922
42997 5876.60791016
43007 5873.49414062
43036 5872.38671875
43067 5868.38427734
43080 5867.37109375
43093 5864.50878906
43106 5862.99072266
43128 5862.45556641
43159 5860.39306641
43211 5854.26513672
43269 5845.4921875
43329 5834.68457031
43389 5826.22607422
43449 5815.38085938
43509 5808.43164062
43569 5799.109375
43617 5791.16845703
43665 5786.72314453
43725 5776.82910156
43785 5766.52978516
43846 5760.43212891
43906 5752.57617188
43966 5743.77050781
44026 5737.24414062
44086 5726.65917969
44146 5718.40478516
44206 5709.54541016
44267 5703.6015625
44327 5696.48632812
44387 5688.59814453
44447 5682.06152344
44507 5675.00976562
44567 5663.31347656
44628 5654.47460938
44688 5647.2265625
44748 5637.14111328
44808 5632.56152344
44868 5629.70507812
44911 5623.76855469
44940 5621.85253906
44987 5613.34472656
45048 5606.85058594
45108 5599.10107422
45168 5592.41699219
45228 5579.38183594
45288 5573.53417969
45348 5567.05566406
45408 5562.0703125
45468 5554.39990234
45529 5547.95166016
45589 5539.24609375
45649 5528.42675781
45709 5523.34619141
45769 5515.66845703
45829 5508.77001953
45890 5498.5625
45950 5492.05175781
46010 5485.14941406
46070 5480.13916016
46121 5473.15576172
46172 5464.77636719
46232 5459.49023438
46292 5452.49365234
46352 5447.65722656
46412 5439.48486328
46473 5430.18310547
46533 5422.00097656
46593 5414.59960938
46653 5409.40332031
46713 5400.71240234
46773 5391.52246094
46833 5385.40039062
46894 5377.74169922
46954 5373.48291016
47485 5328.17041016
47545 5318.71337891
47624 5318.56640625
47684 5308.54785156
47744 5304.4765625
47805 5298.00292969
47865 5295.09716797
47925 5287.53369141
47985 5280.05175781
48045 5270.04736328
48106 5261.71923828
