0 7617.57128906
304 7537.74267578
485 7449.32519531
527 7436.11767578
569 7422.64013672
749 7352.09521484
809 7333.05615234
923 7303.18408203
977 7284.81396484
1021 7270.42333984
1064 7258.28173828
1124 7242.70556641
1184 7222.83398438
1244 7208.62353516
1304 7192.90380859
1364 7172.49951172
1425 7158.22900391
1485 7143.25634766
1605 7102.52392578
1662 7086.91259766
1719 7070.3671875
1780 7055.1796875
1818 7042.94970703
1847 7035.36279297
1897 7025.26025391
1957 7008.60009766
2017 6991.93554688
2137 6956.00683594
2197 6937.61523438
2236 6926.66552734
2275 6913.82226562
2335 6900.22949219
2395 6890.67773438
2455 6877.33154297
2497 6870.06835938
2539 6853.14697266
2599 6841.20263672
2660 6828.72265625
2960 7043.74755859
3020 7032.74609375
3080 7020.59667969
3130 7012.50976562
3180 7001.99804688
3240 6991.33544922
3300 6977.62841797
3360 6964.98193359
3420 6952.77539062
3481 6944.80175781
3522 6936.39941406
3554 6930.75732422
3604 6921.28173828
3665 6910.77099609
3725 6899.29980469
3769 6891.60546875
3804 6883.49951172
3855 6876.01025391
3915 6865.51269531
3975 6856.29785156
4035 6844.41748047
4095 6833.75488281
4155 6824.04199219
4215 6813.88037109
4276 6802.60888672
4336 6793.06005859
4396 6783.30029297
4456 6773.53662109
4516 6763.55957031
4569 6757.99511719
4622 6750.89355469
4682 6740.49511719
4742 6730.77734375
4802 6721.26806641
4862 6711.46484375
4912 6700.9296875
4962 6692.97509766
5022 6684.44482422
5082 6675.20214844
5142 6667.95117188
5203 6658.87744141
5263 6639.29443359
5323 6629.85058594
5383 6621.04150391
5443 6614.09912109
5503 6602.94238281
5563 6592.91015625
5599 6587.42480469
5634 6579.93945312
5694 6567.91210938
5754 6559.31982422
5815 6548.47460938
5875 6541.09375
5912 6536.49121094
5938 6534.53466797
5987 6526.30175781
6047 6518.54101562
6107 6510.00439453
6167 6501.21191406
6202 6495.48583984
6223 6492.39892578
6268 6486.03759766
6312 6480.04296875
6332 6475.81933594
6356 6471.59277344
6404 6463.79833984
6465 6453.78271484
6525 6442.77880859
6566 6437.61621094
6595 6435.27734375
6644 6426.80615234
6704 6417.97900391
6765 6410.33203125
6825 6400.453125
6885 6392.18212891
6945 6382.87011719
7005 6374.07324219
7065 6365.03613281
7125 6355.74169922
7185 6347.00683594
7245 6335.68701172
7306 6332.05810547
7366 6321.38134766
7426 6310.5078125
7481 6308.00830078
7537 6294.74755859
7597 6285.42626953
7657 6275.30761719
7717 6270.54296875
7777 6260.06738281
7837 6252.55761719
7897 6246.46044922
7958 6235.01806641
8018 6222.45703125
8078 6218.37792969
8138 6211.43603516
8198 6206.52099609
8258 6195.29833984
8318 6186.03320312
8378 6180.37890625
8434 6168.54296875
8490 6164.37597656
8527 6163.19921875
8565 6152.09912109
8625 6144.22167969
8685 6135.48242188
8745 6129.01708984
8805 6118.54150391
8865 6115.64160156
8925 6107.51464844
8985 6099.64746094
9028 6097.19970703
9059 6090.16699219
9107 6089.39208984
9167 6079.06005859
9227 6072.94433594
9287 6065.37548828
9348 6055.61669922
9408 6054.98828125
9468 6047.89355469
9528 6039.53759766
9588 6031.05810547
9648 6018.90576172
9708 6013.83007812
9760 6007.79785156
9812 6001.64306641
9872 5997.71875
9932 5989.08935547
9992 5980.36083984
10052 5972.03515625
10113 5963.54443359
10173 5957.28710938
10233 5950.57080078
10293 5942.91845703
10353 5935.5
10413 5928.63427734
10473 5921.75097656
10533 5912.60742188
10594 5905.61328125
10654 5899.18115234
10714 5888.77441406
10774 5884.421875
10834 5877.0234375
10894 5869.95507812
10954 5861.33056641
11014 5855.25976562
11074 5847.32177734
11135 5840.80322266
11195 5834.42236328
11255 5827.01416016
11315 5820.39501953
11375 5811.72607422
11435 5804.72998047
11495 5795.62304688
11555 5789.52539062
11591 5785.58105469
11601 5783.68261719
11636 5779.12060547
11696 5771.20947266
11756 5765.48486328
11816 5759.390625
11876 5745.61279297
11937 5737.43164062
11997 5729.56494141
12237 5711.28466797
12297 5701.64355469
12357 5696.20605469
12417 5689.60400391
12478 5679.52246094
12538 5674.13085938
12598 5667.67480469
12658 5660.96582031
12718 5652.44726562
12778 5644.70458984
12814 5643.13525391
12850 5640.21679688
12911 5632.02294922
12971 5625.21337891
13031 5618.84228516
13091 5613.36132812
13151 5605.96337891
13211 5599.20849609
13271 5592.3203125
13331 5584.89257812
13392 5577.2890625
13452 5572.02246094
13512 5564.08203125
13572 5555.7265625
13632 5549.17333984
13692 5543.42529297
13752 5535.31884766
13812 5528.65332031
13872 5522.5390625
13927 5517.36865234
13982 5510.79199219
14042 5504.78759766
14102 5498.35839844
14162 5489.82421875
14223 5484.30712891
14283 5475.84570312
14343 5470.63818359
14403 5463.92089844
14463 5458.45214844
14523 5451.55859375
14583 5442.67675781
14643 5436.91503906
14703 5428.82128906
14764 5421.11962891
14824 5413.44580078
14884 5410.39404297
14944 5403.3203125
15004 5391.99658203
15064 5390.10839844
15124 5379.93066406
15184 5372.63378906
15244 5364.53027344
15305 5354.79345703
15365 5353.28320312
15425 5345.71289062
15485 5338.34521484
15545 5330.31787109
15605 5323.79833984
15665 5320.07861328
15725 5314.03515625
15786 5308.33251953
15846 5302.36230469
15906 5293.42431641
15966 5288.60009766
16026 5283.76513672
16086 5279.59082031
16146 5270.98632812
16266 5257.83837891
16326 5251.12695312
16387 5246.50732422
16447 5241.15039062
16507 5235.65527344
16567 5227.12011719
16627 5224.57958984
16687 5214.32373047
16747 5211.38037109
16807 5201.17138672
16868 5197.26269531
16928 5191.60693359
16988 5184.14160156
17048 5181.11132812
17108 5173.22021484
17168 5165.17871094
17228 5159.38183594
17288 5155.56494141
17348 5148.63916016
17409 5142.35302734
17469 5137.55859375
17529 5130.55029297
17589 5125.64111328
17649 5116.67578125
17709 5111.14160156
17769 5105.06884766
17829 5098.91992188
17890 5092.07080078
17950 5086.25390625
18010 5081.76367188
18070 5075.171875
18130 5068.19238281
18190 5064.11328125
18250 5058.97753906
18310 5054.89990234
18370 5047.60546875
18431 5039.43505859
18491 5033.37060547
18551 5027.64013672
18611 5022.4453125
18657 5018.60644531
18703 5016.75195312
18763 5010.51660156
18823 5003.0234375
18883 4999.94189453
18943 4995.33837891
19003 4989.82421875
19063 4983.96484375
19124 4976.27490234
19184 4971.55615234
19244 4965.60546875
19544 4953.64013672
19604 4949.50341797
19665 4945.34179688
19725 4939.48144531
19785 4934.86328125
19845 4929.97998047
19905 4924.08935547
19965 4918.24755859
20025 4911.43701172
20085 4905.70751953
20145 4897.71679688
20206 4894.44628906
20266 4888.19775391
20326 4882.12011719
20386 4874.24267578
20446 4869.58007812
20506 4866.34375
20566 4860.56201172
20626 4856.04296875
20686 4849.54931641
20747 4845.79589844
20807 4841.41308594
20867 4835.58251953
20927 4830.20410156
20987 4825.88378906
21047 4820.09472656
21107 4814.56494141
21167 4810.44091797
21227 4806.49707031
21288 4801.57275391
21348 4798.81640625
21408 4790.68847656
21468 4785.19921875
21528 4778.94580078
21588 4774.40576172
21648 4769.71337891
21708 4763.64160156
21769 4760.20214844
21829 4756.41699219
21889 4747.8828125
21949 4741.50976562
22009 4735.08984375
22069 4732.54882812
22129 4727.23779297
22189 4722.97363281
22249 4717.70703125
22310 4714.26611328
22370 4707.73925781
22430 4700.20996094
22490 4695.90576172
22550 4692.49853516
22610 4688.86132812
22670 4683.60888672
22730 4677.63671875
22790 4673.27148438
22851 4668.0234375
22911 4662.57568359
22971 4657.64160156
23031 4652.89453125
23091 4647.47216797
23151 4642.41015625
23211 4636.47705078
23271 4632.05566406
23331 4627.40576172
23391 4622.359375
23452 4617.07958984
23512 4610.56933594
23572 4606.30615234
23632 4601.35888672
23692 4596.34570312
23752 4591.3046875
23812 4586.91845703
23872 4580.18408203
23933 4576.47021484
23993 4572.85595703
24053 4567.09082031
24113 4562.83056641
24173 4557.22900391
24233 4549.77392578
24293 4544.92724609
24353 4541.15820312
24413 4537.10253906
24474 4529.78515625
24534 4524.95800781
24594 4516.61279297
24654 4511.95361328
24714 4506.20947266
24774 4500.61425781
24834 4498.47167969
24874 4495.29052734
24913 4490.90722656
24973 4485.22412109
25033 4481.40869141
25094 4475.81591797
25154 4471.44384766
25214 4465.25878906
25274 4461.4296875
25334 4456.47900391
25394 4451.13769531
25454 4446.64550781
25514 4441.17724609
25574 4436.8203125
25635 4432.36035156
25695 4427.52978516
25755 4423.21240234
25815 4418.76757812
25875 4414.10693359
25935 4410.50097656
25995 4408.25927734
26055 4403.44628906
26115 4397.42089844
26176 4391.68798828
26236 4385.60595703
26296 4380.35449219
26356 4376.02783203
26416 4371.60302734
26476 4364.58251953
26536 4360.77783203
26596 4357.59521484
26657 4353.89550781
26717 4346.64648438
26777 4344.71826172
26837 4340.20898438
26897 4336.82763672
26957 4331.72119141
27017 4327.27929688
27077 4323.31103516
27137 4318.71582031
27197 4312.34375
27258 4308.40087891
27318 4303.36572266
27378 4300.53417969
27438 4296.34863281
27498 4292.66650391
27558 4287.49267578
27618 4282.28515625
27678 4278.60644531
27739 4275.82177734
27795 4272.24267578
27852 4266.93896484
27912 4261.93554688
27972 4258.47509766
28032 4254.41308594
28092 4248.81640625
28152 4245.56982422
28212 4241.16259766
28273 4235.48876953
28333 4231.07568359
28393 4228.22753906
28453 4223.76708984
28513 4219.32128906
28573 4212.38867188
28633 4208.82080078
28693 4204.61132812
28753 4200.10791016
28814 4197.14160156
28874 4193.73925781
28911 4191.60205078
28947 4186.69140625
28983 4179.86669922
29018 4179.21826172
29078 4175.52685547
29138 4172.82568359
29198 4168.54394531
29258 4162.64892578
29318 4157.81689453
29379 4153.09570312
29439 4148.92089844
29499 4146.30712891
29559 4140.72460938
29619 4134.28955078
29679 4128.26318359
29799 4127.14013672
29920 4122.21630859
30040 4116.17773438
30100 4105.96630859
30160 4099.99804688
30205 4095.21386719
30250 4090.43798828
30310 4086.77783203
30370 4083.23046875
30430 4078.33618164
30731 4167.69580078
30791 4155.67138672
31152 4188.46630859
31212 4182.06396484
31272 4171.52001953
31332 4166.92919922
31392 4162.57470703
31452 4157.70507812
31513 4153.20849609
31573 4150.15039062
31633 4146.16308594
31693 4142.09179688
31753 4137.37695312
31813 4133.1015625
31873 4129.36279297
31933 4124.72412109
31993 4120.21923828
32054 4115.27636719
32114 4111.04980469
32174 4106.21240234
32234 4101.32470703
32294 4097.62548828
32354 4093.10205078
32414 4089.10375977
32474 4084.58496094
32534 4080.40844727
32595 4076.30419922
32655 4073.36132812
32715 4068.20800781
32775 4064.48461914
32835 4059.24462891
32895 4056.89160156
32955 4052.91357422
33015 4049.39599609
33136 4053.85058594
33196 4043.94702148
33256 4042.48876953
33316 4033.48779297
33556 4016.57275391
33797 4119.04589844
33857 4112.26416016
33917 4109.63525391
33977 4099.24072266
34037 4094.51660156
34097 4090.70410156
34157 4087.06396484
34218 4080.75390625
34278 4076.26245117
34338 4072.53979492
34398 4069.5925293
34458 4065.10424805
34518 4061.8515625
34578 4056.13232422
34638 4052.30712891
34698 4047.2578125
34759 4043.87231445
34819 4040.60571289
34879 4035.52026367
34939 4030.77758789
34999 4026.89477539
35052 4022.6875
35106 4018.53979492
35166 4015.06225586
35226 4011.7019043
35286 4007.58569336
35346 4003.65625
35407 3998.34692383
35467 3993.73022461
35527 3987.73535156
35587 3983.82177734
35647 3980.29345703
35707 3976.5456543
35767 3973.63208008
35827 3969.40527344
35887 3964.55249023
35948 3961.1081543
36008 3956.51391602
36068 3951.59106445
36128 3947.88598633
36188 3943.34326172
36248 3940.04785156
36308 3936.30175781
36368 3932.23364258
36489 3931.08984375
36609 3931.00366211
36669 3921.77270508
36729 3915.13256836
36789 3910.85864258
36849 3906.83300781
36909 3901.9609375
37150 3972.2253418
37210 3963.43920898
37270 3959.68530273
37330 3955.27905273
37390 3949.265625
37450 3945.20654297
37511 3940.18579102
37571 3934.19238281
37631 3931.85791016
37691 3927.44482422
37751 3923.04833984
37811 3918.95849609
37871 3916.27709961
37931 3910.265625
37991 3905.63012695
38051 3902.96582031
38112 3897.96142578
38172 3892.16503906
38232 3888.83105469
38352 3886.36791992
38472 3884.82910156
38532 3878.3425293
38593 3872.68383789
38653 3861.65869141
38713 3858.76782227
38773 3854.54223633
38833 3849.73803711
38893 3846.32666016
38953 3841.40380859
39013 3837.11450195
39073 3831.40161133
39134 3829.26733398
39194 3823.75219727
39254 3817.18139648
39314 3815.59790039
39374 3810.15161133
39434 3804.55200195
39494 3802.9765625
39554 3797.67749023
39615 3791.78808594
39675 3788.32080078
39735 3782.73828125
40097 3789.19189453
40158 3784.02124023
40218 3780.91259766
40278 3776.75024414
40338 3772.78662109
40398 3769.55541992
40458 3765.90283203
40518 3762.46704102
40578 3758.2331543
40639 3753.81347656
40699 3749.70922852
40759 3745.23950195
40819 3741.07763672
40879 3737.73852539
40939 3733.90942383
40999 3729.54614258
41059 3726.06640625
41120 3722.54907227
41180 3718.96435547
41240 3715.01806641
41300 3711.63256836
41360 3708.4128418
41420 3704.60498047
41480 3700.63623047
41541 3696.51245117
41601 3692.60791016
41661 3689.04199219
41721 3684.09448242
41781 3680.04931641
