0 7872.79833984
448 7680.01269531
628 7660.54833984
869 7583.04101562
1049 7549.75585938
1229 7509.4140625
1329 7469.75097656
1429 7469.55273438
1608 7418.27539062
1848 7336.68212891
2029 7279.95068359
2149 7240.77929688
2282 7188.63476562
2463 7136.14794922
2523 7123.65136719
2643 7123.17333984
2823 7116.61230469
2884 7107.984375
3244 7094.56396484
3304 7085.19677734
3364 7071.65673828
3425 7067.00488281
3485 7061.04248047
3545 7057.17333984
3605 7047.46777344
3665 7035.95703125
3785 7035.29101562
3845 7024.59423828
3906 7016.91308594
3966 7007.38964844
4026 6999.59667969
4086 6995.31201172
4146 6989.58496094
4206 6981.08203125
4266 6967.58642578
4326 6955.20507812
4386 6949.90820312
4444 6939.32177734
4622 6898.88574219
4682 6887.81884766
4742 6875.73242188
4802 6870.52587891
4863 6862.92333984
4923 6853.18261719
4969 6844.0234375
5016 6833.08984375
5076 6825.48632812
5137 6819.58984375
5197 6808.07568359
5257 6797.82763672
5582 6767.91699219
5688 6723.55322266
5748 6715.62207031
5868 6708.42041016
6049 6682.91503906
6349 6631.26953125
6409 6623.99707031
6590 6591.44628906
6650 6587.77929688
6710 6583.03710938
7011 6528.96435547
7118 6525.72509766
7165 6511.72070312
7226 6506.17382812
7346 6495.10107422
7466 6467.89990234
7586 6459.12158203
7647 6456.78271484
7887 6399.45605469
7947 6390.44921875
8007 6381.71289062
8067 6372.10449219
8188 6352.07373047
8248 6343.64941406
8308 6331.86083984
8368 6320.36669922
8428 6316.42236328
8608 6293.61865234
8668 6288.25683594
8729 6279.22070312
8789 6267.80273438
8849 6263.18603516
8909 6257.28125
8969 6247.640625
9029 6247.32275391
9089 6235.87744141
9149 6221.99804688
9270 6229.40380859
9390 6222.29541016
9450 6222.24560547
9510 6208.94970703
9871 6290.19677734
9991 6262.57324219
10051 6253.21728516
10111 6242.75439453
10171 6231.03710938
10291 6211.00390625
10352 6208.05712891
10472 6185.79882812
10532 6176.51025391
10652 6153.46289062
10712 6146.77050781
10772 6134.6953125
11313 6406.61669922
11373 6402.21533203
11494 6368.24169922
11554 6361.10986328
11614 6350.56396484
11674 6342.90039062
11734 6335.49658203
11794 6327.67285156
11854 6318.16015625
11915 6310.95068359
11975 6303.70556641
12035 6295.46679688
12095 6285.75878906
12155 6276.73291016
12215 6270.51074219
12275 6261.24609375
12336 6252.74267578
12396 6244.01367188
12456 6236.65039062
12516 6229.19287109
12576 6219.76513672
12636 6211.34277344
12696 6204.90625
12756 6196.37207031
12816 6188.62646484
12877 6180.29638672
12937 6171.328125
12997 6161.70263672
13057 6155.25732422
13117 6149.19482422
13177 6140.68408203
13237 6131.60449219
13297 6127.67773438
13357 6119.421875
13418 6113.80908203
13478 6106.94482422
13538 6099.09716797
13580 6094.77392578
13622 6090.24853516
13682 6082.59521484
13742 6076.87548828
13803 6071.33447266
13863 6065.58007812
13923 6056.47949219
13983 6050.83251953
14043 6046.12451172
14103 6038.17871094
14163 6031.56005859
14223 6025.45654297
14283 6017.60302734
14344 6010.47509766
14404 6003.88037109
14464 5996.78515625
14524 5989.24414062
14584 5982.49511719
14622 5979.30859375
14661 5975.38134766
14721 5968.87597656
14781 5961.62695312
14841 5955.51171875
14902 5947.80517578
14962 5941.24755859
15022 5933.86230469
15082 5926.64208984
15142 5917.68994141
15202 5909.98925781
15262 5905.69287109
15322 5897.63964844
15382 5890.92529297
15443 5883.08691406
15503 5878.37939453
15563 5872.85058594
15623 5865.0078125
15683 5856.03222656
15743 5848.58349609
15803 5844.54150391
15863 5836.59619141
15923 5831.23144531
15984 5824.44824219
16044 5815.72753906
16104 5809.78613281
16164 5803.05761719
16224 5795.32666016
16284 5787.99365234
16344 5782.67431641
16404 5776.98339844
16464 5768.50585938
16525 5762.30712891
16585 5754.94091797
16645 5749.02880859
16705 5741.46777344
16765 5735.54199219
16825 5728.30419922
16885 5722.57128906
16945 5714.55859375
17005 5708.66992188
17066 5704.10546875
17126 5698.09326172
17186 5690.63378906
17246 5684.09326172
17306 5676.11425781
17366 5670.62988281
17426 5664.11425781
17486 5657.46582031
17546 5650.04003906
17607 5643.54345703
17667 5637.47265625
17727 5632.35644531
17787 5627.64941406
17847 5620.72412109
17907 5609.83789062
17967 5597.80224609
18027 5590.55371094
18087 5583.0
18148 5577.33642578
18208 5571.8359375
18268 5565.45996094
18328 5559.53222656
18388 5554.46142578
18448 5548.51025391
18508 5541.11816406
18568 5535.03515625
18629 5528.07421875
18689 5521.82373047
18749 5515.63330078
18809 5510.09863281
18869 5503.42822266
18929 5499.26220703
18989 5492.94189453
19049 5484.81005859
19109 5480.22998047
19170 5473.67871094
19230 5465.47753906
19290 5460.62890625
19350 5454.61132812
19410 5447.99267578
19470 5441.34082031
19530 5435.95703125
19590 5432.32861328
19650 5424.71240234
19771 5425.57714844
19891 5423.66357422
19982 5413.63427734
20102 5386.93164062
20162 5380.85644531
20222 5376.38232422
20282 5371.33007812
20884 5503.58251953
21004 5483.02050781
21124 5461.93115234
21184 5454.50976562
21244 5449.99365234
21304 5442.51269531
21365 5435.10400391
21425 5428.77685547
21485 5422.46044922
21545 5418.33789062
21605 5410.63232422
21665 5405.8828125
21725 5398.47705078
21785 5392.44042969
21845 5386.51171875
21966 5374.54296875
22026 5369.68457031
22086 5363.50683594
22146 5357.19384766
22206 5350.046875
22266 5343.39697266
22326 5337.84912109
22386 5331.98291016
22447 5326.44384766
22507 5320.99267578
22567 5316.65527344
22627 5309.68017578
22687 5302.73535156
22747 5297.82568359
22807 5290.75341797
22867 5286.13183594
22927 5279.45019531
22988 5273.23925781
23048 5267.08154297
23108 5260.34667969
23168 5255.05273438
23228 5248.24072266
23288 5243.54101562
23337 5238.23828125
23384 5234.15039062
23441 5227.52880859
23501 5222.00634766
23562 5217.59033203
23622 5210.87792969
23682 5206.13574219
23742 5198.83349609
23802 5192.70556641
23862 5186.12841797
23922 5180.21826172
23982 5174.64990234
24042 5169.71972656
24103 5163.21289062
24163 5158.32763672
24223 5152.13867188
24283 5146.97998047
24343 5141.61376953
24403 5136.72851562
24463 5129.11425781
24523 5123.33642578
24583 5117.48193359
24644 5114.23095703
24704 5106.671875
24764 5100.48535156
24824 5094.80859375
24884 5088.46826172
24944 5084.12890625
25004 5077.75927734
25064 5071.57861328
25125 5069.80371094
25185 5062.57128906
25245 5055.79589844
25365 5051.72265625
25485 5061.07519531
25605 5039.75390625
25666 5030.86572266
25726 5024.66845703
25786 5019.92773438
25846 5014.60644531
