0 12298.4570312
121 12233.4511719
181 12226.0361328
343 12198.2617188
513 12077.3505859
547 12066.7578125
571 12057.9179688
616 12048.5654297
674 12029.0625
734 12015.3671875
794 11993.21875
854 11968.0263672
914 11948.0869141
974 11925.2207031
1034 11908.7490234
1094 11891.0859375
1144 11873.8544922
1193 11860.5976562
1248 11838.0742188
1362 11803.0107422
1482 11747.6376953
1542 11723.9482422
1585 11702.4873047
1628 11691.3505859
1688 11671.0664062
1748 11649.1015625
1790 11648.1826172
1817 11639.1601562
1838 11632.9492188
1873 11616.4306641
1933 11594.3876953
2053 11556.2197266
2174 11507.5341797
2234 11501.578125
2304 11487.5869141
2357 11459.8017578
2410 11432.1474609
2470 11420.1591797
2530 11395.8535156
2650 11372.6640625
2771 11327.3271484
2831 11307.8144531
2951 11247.109375
3072 11204.9765625
3114 11192.5644531
3155 11171.9013672
3276 11146.2597656
3341 11105.2080078
3396 11103.3066406
3543 11050.6474609
3720 11006.0576172
3900 10945.5166016
4020 10913.8066406
4080 10899.8994141
4261 10854.0048828
4321 10831.3046875
4381 10806.3505859
4441 10785.5263672
4501 10772.8095703
4558 10759.2617188
4616 10744.9746094
4736 10734.2060547
4796 10707.0380859
5097 10938.7675781
5157 10931.5136719
5217 10920.0908203
5277 10903.7216797
5337 10886.0039062
5397 10879.1748047
5457 10864.9003906
5517 10843.5878906
5578 10823.3447266
5638 10815.8046875
5698 10804.6279297
5758 10789.9892578
5818 10774.4667969
5878 10768.5742188
5938 10753.9003906
5998 10732.9667969
6059 10718.4277344
6119 10700.2675781
6179 10688.4804688
6239 10677.6630859
6299 10660.625
6359 10651.9453125
6419 10643.1113281
6479 10626.1132812
6539 10605.3886719
6600 10599.1679688
6660 10584.7431641
6720 10567.7978516
6780 10552.1074219
6840 10549.3681641
6900 10543.3095703
6960 10528.4306641
7020 10513.4892578
7080 10501.0380859
7140 10486.0537109
7201 10473.3974609
7261 10463.5771484
7321 10450.9140625
7381 10447.8212891
7441 10425.9921875
7501 10399.4775391
7561 10387.0390625
7621 10379.6630859
7682 10366.8759766
7742 10354.4990234
7802 10349.8789062
7862 10331.5263672
7922 10310.0957031
7982 10292.1191406
8030 10276.9589844
8079 10271.9267578
8139 10263.1347656
8199 10251.5410156
8245 10246.1191406
8290 10239.8974609
8351 10226.0019531
8411 10205.5371094
8471 10198.8125
8531 10185.9316406
8591 10168.578125
8831 10385.6396484
8892 10370.7958984
8952 10366.1699219
9012 10347.7226562
9252 10361.4189453
9307 10341.4902344
9361 10322.0449219
9396 10320.0126953
9431 10315.0615234
9492 10301.2236328
9552 10284.2958984
9612 10281.3164062
9672 10266.2070312
9709 10253.9423828
9746 10240.8125
9806 10223.4853516
9866 10214.1191406
9927 10200.2324219
9987 10188.5917969
10047 10179.5478516
10107 10172.1103516
10167 10154.6279297
10211 10139.5136719
10245 10129.4453125
10295 10118.0107422
10334 10108.8984375
10348 10107.0458984
10383 10099.8193359
10440 10087.6923828
10497 10079.8681641
10557 10073.4199219
10618 10057.1738281
10678 10039.1328125
10738 10021.8173828
10798 10010.75
10858 10000.9697266
10906 9987.90332031
10939 9980.62207031
10985 9971.046875
11045 9962.95117188
11105 9952.90234375
11166 9936.70019531
11226 9924.06542969
11286 9912.03613281
11346 9897.73730469
11406 9884.5234375
11466 9874.48632812
11507 9865.12890625
11549 9863.33691406
11609 9847.48632812
11669 9825.43652344
11729 9816.66113281
11789 9805.28125
11827 9800.29589844
11846 9793.15625
11887 9782.24121094
11947 9770.71386719
12007 9761.91992188
12058 9760.05273438
12099 9748.44335938
12159 9729.14453125
12220 9716.625
12280 9704.21386719
12340 9692.1484375
12400 9679.65332031
12460 9670.37695312
12520 9659.92382812
12580 9650.90234375
12640 9630.11523438
12700 9614.70214844
12761 9604.53613281
12821 9596.52441406
12881 9584.36425781
12941 9571.92578125
13001 9557.92089844
13061 9545.07910156
13121 9534.98046875
13181 9524.26855469
13241 9509.13671875
13302 9501.92382812
13362 9481.75683594
13422 9469.13964844
13482 9457.03222656
13542 9447.80175781
13602 9434.69628906
13662 9423.58398438
13722 9410.25488281
13782 9402.59277344
13843 9388.88964844
13903 9372.92773438
13959 9360.49316406
14015 9352.640625
14053 9346.421875
14090 9339.5234375
14150 9326.23730469
14409 9312.29394531
14445 9306.65917969
14505 9294.11035156
14565 9281.46875
14625 9270.21777344
14685 9259.76464844
14745 9250.96679688
14806 9240.12597656
14866 9229.85351562
14926 9218.02636719
14986 9209.29199219
15046 9196.12792969
15106 9186.27148438
15166 9175.37402344
15226 9163.7890625
15286 9150.703125
15347 9143.0859375
15407 9131.1484375
15467 9116.76074219
15527 9107.78710938
15587 9095.4140625
15647 9082.90136719
15707 9070.53515625
15767 9058.14648438
15827 9048.00878906
15888 9038.61621094
15948 9025.26953125
16008 9016.90625
16068 9009.71875
16128 8998.84472656
16188 8987.46777344
16248 8974.8203125
16308 8964.47558594
16368 8954.22167969
16429 8946.53417969
16489 8931.20898438
16549 8925.09960938
16609 8915.36425781
16669 8905.7890625
16729 8895.2109375
16789 8881.54882812
16849 8872.08691406
16910 8861.17382812
16970 8848.34472656
17030 8838.15917969
17081 8829.046875
17132 8820.30078125
17193 8811.01367188
17253 8801.16113281
17313 8787.91699219
17373 8777.10644531
17433 8764.50097656
17493 8756.98730469
17553 8746.77734375
17613 8737.41894531
17673 8727.2265625
17733 8715.921875
17794 8707.21679688
17854 8696.39160156
17905 8689.09667969
17946 8672.84570312
17996 8665.17773438
18056 8660.22265625
18116 8655.52050781
18176 8645.375
18236 8631.53613281
18296 8622.4140625
18357 8608.55957031
18417 8607.86621094
18477 8590.77636719
18537 8584.78125
18597 8575.87109375
18657 8557.81347656
18717 8557.35644531
19018 8679.20214844
19078 8669.09375
19138 8651.75
19198 8650.47558594
19258 8632.96191406
19318 8619.13574219
19378 8602.19824219
19439 8601.8984375
19499 8594.54980469
19559 8575.75390625
19619 8570.16210938
19679 8559.7421875
19799 8548.67773438
19920 8530.03515625
19980 8521.46484375
20100 8509.234375
20160 8490.65722656
20220 8475.88085938
20280 8473.88183594
20340 8456.76074219
20400 8444.8359375
20461 8432.0625
20521 8418.00488281
20581 8408.09277344
20641 8402.5234375
20701 8397.61621094
20761 8385.16992188
20821 8375.43652344
20881 8365.63574219
20936 8354.35742188
20991 8338.82324219
21051 8324.36914062
21111 8315.69140625
21171 8303.8515625
21231 8299.47265625
21291 8292.41015625
21351 8282.48339844
21411 8270.83300781
21472 8257.08007812
21532 8248.88964844
21592 8241.54101562
21652 8229.79199219
21712 8222.51953125
21772 8214.62304688
22073 8261.46875
22133 8251.59960938
22193 8241.64355469
22253 8236.12304688
22313 8228.33398438
22373 8213.43359375
22433 8202.84570312
22493 8193.72167969
22554 8185.36962891
22614 8177.38671875
22674 8168.5
22734 8158.63769531
22794 8153.59960938
22854 8143.22705078
22914 8131.61425781
22974 8120.29199219
23034 8111.70361328
23094 8102.17236328
23155 8092.51611328
23215 8081.06054688
23275 8077.87158203
23335 8069.85791016
23395 8057.71142578
23455 8047.08251953
23515 8036.81835938
23575 8028.49951172
23636 8017.45263672
23756 8001.83056641
23816 7995.27001953
23876 7983.63183594
23936 7973.50537109
23996 7964.19628906
24056 7959.74169922
24116 7944.97363281
24177 7938.13818359
24237 7928.55859375
24297 7921.83105469
24357 7912.30273438
24417 7905.72851562
24477 7895.36523438
24537 7883.85058594
24597 7875.93457031
24657 7869.52050781
24718 7862.99365234
24778 7853.42773438
24838 7843.94775391
24898 7834.64550781
24958 7826.12792969
25018 7816.67871094
25078 7805.93457031
25138 7798.73828125
25198 7788.14550781
25259 7780.23583984
25319 7769.74511719
25364 7765.40576172
25410 7760.67236328
25471 7751.59912109
25531 7742.31787109
25591 7734.20800781
25651 7723.28076172
25691 7717.86328125
25732 7710.89697266
25792 7702.46044922
25852 7695.75097656
25912 7689.07763672
25972 7680.14208984
26032 7669.57714844
26093 7662.68994141
26153 7654.39501953
26213 7644.77734375
26273 7636.07861328
26333 7628.1328125
26393 7620.23681641
26453 7610.59179688
26513 7599.66455078
26573 7592.59277344
26634 7587.87207031
26694 7580.02441406
26754 7571.40136719
26814 7562.50683594
26874 7555.60986328
26934 7547.00097656
26994 7536.48339844
27054 7530.29003906
27114 7521.92773438
27175 7513.51220703
27235 7505.078125
27295 7495.08398438
27355 7489.70068359
27415 7480.70849609
27475 7471.66552734
27535 7464.38769531
27595 7457.26953125
27655 7448.90185547
27716 7434.35205078
27776 7431.14697266
27836 7423.90429688
27896 7414.90429688
27956 7406.32421875
28016 7400.75195312
28070 7394.01904297
28123 7388.04492188
28183 7381.25683594
28243 7373.42285156
28303 7366.20556641
28364 7361.41650391
28424 7353.60644531
28484 7346.46728516
28544 7336.83837891
28604 7330.27587891
28664 7321.1875
28724 7312.28955078
28784 7306.18994141
28844 7299.10546875
28905 7291.11181641
28965 7282.80126953
29025 7276.75
29085 7267.85400391
29145 7261.47509766
29205 7254.22460938
29265 7246.57568359
29325 7239.02099609
29385 7229.96826172
29446 7222.98242188
29506 7215.89453125
29987 7363.25976562
30047 7346.76367188
30107 7344.00292969
30167 7323.00439453
30227 7316.27148438
30287 7309.05322266
30347 7299.92773438
30407 7290.17236328
30467 7282.09082031
30528 7272.47216797
30588 7265.52929688
30648 7257.18408203
30708 7249.890625
30768 7241.66259766
30808 7235.66796875
30831 7233.49169922
30849 7230.92236328
30884 7223.94287109
30930 7221.38574219
30975 7212.4453125
31035 7205.83056641
31096 7197.06152344
31156 7186.453125
31216 7179.70800781
31276 7170.75537109
31336 7165.01806641
31396 7159.29589844
31456 7150.54638672
31516 7141.32324219
31577 7133.37890625
31637 7124.68847656
31697 7116.1484375
31757 7109.43554688
31817 7102.66503906
31877 7094.82373047
31937 7085.96972656
31997 7076.88427734
32057 7071.72900391
32117 7062.26025391
32178 7055.25292969
32238 7047.00537109
32285 7040.61035156
32333 7034.0703125
32369 7029.04931641
32406 7023.36279297
32466 7013.12646484
32526 7010.44677734
32586 7001.59130859
32646 6988.94628906
32707 6982.69628906
32767 6974.88964844
32827 6968.12792969
32887 6964.68310547
32947 6952.50195312
33007 6947.19042969
33067 6939.10888672
33127 6928.07714844
33187 6924.31445312
33248 6913.70751953
33308 6909.05175781
33368 6901.52880859
33428 6893.63867188
33486 6882.83300781
33544 6874.30859375
33604 6868.87548828
33664 6861.65185547
33724 6851.68603516
33785 6847.77539062
33845 6838.03125
33905 6832.03515625
33965 6825.71923828
34025 6815.98242188
34085 6810.99462891
34145 6800.36279297
34205 6795.30517578
34265 6782.52832031
34326 6778.49462891
34386 6772.02734375
34446 6762.53564453
34506 6755.27929688
34566 6742.08203125
34626 6736.58154297
34686 6733.65380859
34746 6728.41699219
34806 6721.86621094
34867 6713.5546875
34927 6706.20849609
34987 6700.87255859
35047 6691.00097656
35107 6681.56542969
35167 6675.23535156
35227 6668.44482422
35287 6662.86523438
35348 6657.09277344
35408 6648.50585938
35468 6641.21289062
35528 6631.62548828
35588 6624.85742188
35648 6617.21777344
35708 6608.28613281
35768 6600.37890625
35828 6594.67041016
35888 6591.015625
35949 6583.3359375
36009 6578.57470703
36069 6570.41455078
36129 6564.91259766
36189 6558.61083984
36249 6551.88964844
36309 6545.3671875
36369 6537.56201172
36429 6529.7578125
36490 6520.57714844
36550 6516.43212891
36610 6508.57373047
36670 6503.29443359
36730 6497.63330078
37091 6467.80126953
37151 6459.8359375
37211 6454.56494141
37271 6448.42236328
37331 6440.42626953
37391 6430.71435547
37451 6424.52734375
37511 6417.86865234
37572 6411.54736328
37632 6404.17822266
37692 6398.02441406
37752 6391.44873047
37812 6383.50537109
37872 6377.59521484
37932 6371.67675781
37992 6364.77441406
38053 6357.421875
38113 6352.18994141
38173 6345.04443359
38233 6337.27636719
38293 6331.82226562
38339 6326.82666016
38386 6321.35595703
38447 6314.72265625
38507 6307.72509766
38567 6302.16503906
38627 6295.18505859
38687 6288.20605469
38747 6281.61572266
38807 6275.4375
38867 6269.59228516
38927 6263.83251953
38988 6258.07519531
39048 6249.97558594
39108 6242.67382812
39168 6234.1875
39228 6227.92138672
39288 6223.19189453
39348 6219.41845703
39408 6212.47265625
39468 6204.41064453
39528 6200.81445312
39589 6195.17919922
39649 6187.25146484
39709 6180.18994141
39769 6173.59765625
39829 6168.19238281
39889 6161.68164062
39949 6155.13134766
40009 6149.49462891
40069 6142.09619141
40130 6135.34765625
40190 6130.18115234
40250 6123.54394531
40310 6117.13818359
40370 6111.15283203
40430 6105.65136719
40490 6098.67675781
40550 6091.86083984
40610 6085.67578125
40671 6080.98583984
40731 6074.25878906
40791 6067.72460938
40851 6061.18017578
40911 6055.04736328
40971 6049.52978516
41006 6045.64404297
41042 6042.70751953
41102 6036.03271484
41162 6030.43066406
41222 6023.93603516
41282 6016.48095703
41342 6010.25195312
41402 6004.08447266
41462 5998.37841797
41522 5990.77978516
41583 5985.65722656
41643 5978.68066406
41703 5970.60058594
41763 5968.43115234
41823 5960.95068359
41883 5955.38232422
41943 5951.50683594
42003 5944.00585938
42063 5937.22900391
42124 5931.75488281
42165 5925.6484375
42207 5923.82470703
42267 5919.04833984
42327 5911.11279297
42387 5903.89550781
42430 5900.22460938
42473 5892.58740234
42533 5888.03466797
42593 5885.07275391
42653 5878.53027344
42713 5871.64990234
42773 5866.9453125
42833 5861.27734375
42893 5854.84472656
42954 5848.19921875
43014 5844.37988281
43074 5837.85107422
43134 5829.84228516
43194 5823.88378906
43254 5817.61132812
43314 5813.75488281
43374 5809.32373047
43434 5803.00585938
43495 5797.64941406
43555 5791.05712891
43615 5782.92919922
43675 5779.07177734
43735 5772.23535156
43795 5766.81152344
43855 5760.55224609
43915 5754.69433594
43976 5749.3671875
44036 5743.20214844
44096 5737.05078125
44156 5730.73144531
44216 5725.70947266
44276 5721.33203125
44336 5714.53613281
44396 5707.87207031
44456 5702.43994141
44517 5696.63232422
44577 5690.61914062
44637 5684.17919922
44697 5678.53808594
44757 5674.99316406
44817 5666.91259766
44877 5660.57226562
44937 5653.56982422
44997 5648.12158203
45058 5643.38623047
45118 5637.49414062
45178 5632.84716797
45238 5627.06298828
45298 5619.73925781
45358 5614.4609375
45418 5609.08789062
45478 5605.45068359
45538 5601.58837891
45599 5596.20458984
45644 5590.96826172
45690 5586.26757812
45750 5581.73388672
45810 5576.00097656
45870 5570.51025391
45930 5564.08203125
45990 5557.74755859
46050 5552.15722656
46110 5547.93115234
46171 5542.60058594
46231 5536.07714844
46291 5528.86572266
46351 5524.52880859
46411 5520.68652344
46471 5514.53125
46531 5508.58105469
46591 5503.74853516
46651 5497.58740234
46712 5494.67773438
46772 5488.59033203
46832 5481.86865234
46892 5476.45556641
46952 5471.31005859
47012 5467.21142578
47072 5462.20458984
47132 5457.00634766
47192 5452.22314453
47253 5447.36572266
47313 5439.20263672
47373 5432.97998047
47408 5432.93310547
47443 5430.81054688
47503 5425.68457031
47564 5420.29541016
47624 5414.93408203
47684 5410.21826172
47744 5404.26660156
47804 5398.40234375
47864 5394.24755859
47924 5389.50683594
47984 5384.35205078
48044 5376.72363281
48105 5371.06005859
48165 5368.36279297
48225 5364.12841797
48285 5358.07763672
48345 5352.76269531
48405 5347.1171875
48465 5342.23193359
48525 5336.98339844
48586 5332.32958984
48646 5326.70751953
48706 5320.78759766
48766 5316.39501953
48826 5310.85644531
48886 5303.82080078
48946 5300.57470703
49006 5295.55078125
49066 5290.74560547
49127 5284.73583984
49187 5279.26855469
49247 5276.58300781
49307 5270.75878906
49367 5264.98339844
49427 5260.65283203
49487 5254.7265625
49547 5248.79589844
49607 5245.69189453
49668 5237.93798828
49728 5232.75292969
49788 5227.18798828
49848 5222.96582031
49908 5219.91943359
49968 5214.76855469
50028 5209.05224609
50088 5204.69482422
50148 5199.66259766
50209 5195.45703125
50269 5190.79150391
50329 5185.54296875
50389 5180.66796875
50449 5175.74755859
50509 5170.47216797
50569 5165.14208984
50629 5162.13232422
50689 5157.26123047
50750 5152.75439453
50810 5147.32519531
50870 5139.55566406
50930 5135.55273438
50990 5131.35400391
51050 5126.70898438
51110 5122.38085938
51170 5117.55175781
51471 5099.24072266
51531 5096.53417969
51591 5092.38769531
51651 5087.48583984
51711 5082.35888672
51771 5077.79150391
51832 5073.87988281
51892 5068.72363281
51952 5064.08203125
52012 5058.55175781
52072 5054.46923828
52132 5050.37109375
52192 5044.75292969
52252 5040.73730469
52312 5035.47802734
52373 5030.81591797
52433 5025.8046875
52493 5021.40283203
52553 5016.96826172
52613 5012.21337891
52673 5007.65478516
52733 5003.08203125
52793 4997.25683594
52853 4992.52490234
52914 4987.07861328
52974 4981.75195312
53034 4977.98144531
53094 4972.88427734
53154 4968.28710938
53214 4965.38916016
53274 4960.29003906
53334 4955.10839844
53395 4951.28173828
53455 4946.40869141
53515 4942.75927734
53575 4938.84472656
53635 4932.66943359
53695 4927.94042969
53743 4925.35253906
53792 4921.609375
53852 4916.5859375
53912 4912.74414062
53972 4907.96337891
54032 4902.66113281
54092 4896.80615234
54152 4893.52880859
54212 4890.16748047
54273 4884.80859375
54333 4880.57519531
54393 4876.63867188
54453 4873.05029297
54513 4866.51464844
54573 4863.26953125
54633 4860.08056641
54693 4855.83740234
54754 4850.10986328
54814 4846.60058594
54874 4841.19238281
54934 4836.35498047
54994 4832.44238281
55054 4827.52539062
55114 4823.33544922
55174 4820.51318359
55234 4816.16699219
55295 4811.95849609
55355 4806.63183594
55415 4801.63623047
55475 4799.91455078
55535 4795.06298828
55595 4790.07714844
55655 4785.0703125
55715 4781.40673828
55775 4777.90869141
55836 4773.88378906
55896 4768.72070312
55956 4765.78710938
56016 4760.54003906
56076 4755.36083984
56136 4750.98095703
56196 4747.04638672
56256 4741.91748047
56316 4738.80175781
56377 4733.47119141
56437 4729.52441406
56497 4720.16503906
56557 4715.56201172
56617 4714.03955078
56677 4710.95703125
56737 4705.08740234
56797 4702.77001953
56857 4697.21386719
56918 4692.94335938
56978 4686.79199219
57038 4683.83740234
57098 4677.95458984
57158 4674.54589844
57218 4672.29638672
57278 4668.62695312
57339 4664.59472656
57399 4661.45166016
57459 4654.84960938
57519 4652.76904297
57579 4646.55224609
57639 4643.87451172
57699 4639.53417969
57759 4635.54833984
57819 4632.59423828
57880 4627.37646484
57940 4623.37304688
58000 4619.35986328
58060 4614.80126953
58120 4609.85742188
58180 4606.29199219
58240 4602.13476562
58300 4598.390625
58360 4593.73486328
58421 4589.14208984
58481 4585.23388672
58541 4581.51269531
58601 4575.82470703
58661 4572.14648438
58721 4568.29394531
58781 4564.99121094
58841 4559.62988281
58902 4555.94775391
58962 4552.11669922
59022 4548.55810547
59082 4543.44433594
59142 4538.80664062
59202 4535.54541016
59262 4531.93115234
59322 4528.01025391
59382 4522.63525391
59443 4519.81689453
59503 4516.68554688
59563 4511.71679688
59623 4507.97607422
59683 4503.95410156
59743 4499.48144531
59803 4495.44042969
59863 4491.04150391
59923 4486.18798828
59984 4482.10351562
60044 4478.72021484
60104 4474.97949219
60164 4470.75292969
60224 4467.16601562
60284 4461.82470703
60344 4457.53027344
60404 4454.35449219
60442 4451.61279297
60480 4448.91650391
60540 4445.23730469
60591 4442.57275391
60642 4438.73535156
60677 4436.74365234
60703 4436.49658203
60754 4431.36816406
60790 4428.98974609
60825 4425.56103516
60885 4422.01367188
60945 4418.546875
61005 4414.47412109
61065 4409.95507812
61125 4402.54248047
61186 4402.54003906
61246 4400.51318359
61306 4396.22314453
61342 4393.36474609
61378 4390.68066406
61415 4387.49707031
61451 4386.24902344
61511 4381.88085938
61571 4377.75732422
61632 4374.4296875
61692 4371.34228516
61735 4367.71728516
61777 4363.08300781
61825 4359.29785156
61873 4356.38037109
61933 4352.96484375
61993 4348.89453125
62054 4344.81884766
62114 4343.07128906
62174 4337.77099609
62234 4333.39599609
62294 4330.15917969
62354 4326.60791016
62414 4323.04150391
62474 4318.19726562
62535 4314.41064453
62595 4310.1640625
62655 4306.68847656
62715 4301.46728516
62775 4297.31103516
62835 4293.58691406
62895 4289.73144531
62955 4287.31738281
63015 4284.11767578
63076 4280.234375
63136 4276.06054688
63196 4271.75390625
63256 4268.01660156
63316 4265.61962891
63376 4262.73193359
63436 4257.98046875
63496 4255.68212891
63556 4252.26074219
63617 4249.48486328
63677 4246.94140625
63737 4243.09375
63797 4239.20654297
63857 4235.14306641
63917 4231.48681641
63977 4227.89648438
64037 4225.87744141
64097 4222.51123047
64158 4219.21240234
64218 4214.86230469
64278 4210.99316406
64338 4206.54003906
64398 4202.43505859
64458 4199.83837891
64518 4197.21923828
64578 4192.96826172
64638 4190.09375
64699 4185.68603516
64759 4182.28125
64819 4178.30126953
64879 4174.57617188
64939 4171.50244141
64999 4168.18945312
65059 4164.44775391
65119 4160.35449219
65179 4157.81542969
65240 4154.28955078
65300 4150.29931641
65360 4146.80517578
65420 4143.36572266
65480 4141.20751953
65540 4137.24853516
65600 4133.7578125
65660 4130.26416016
65720 4126.84082031
65781 4123.44238281
65841 4121.56005859
65901 4117.27246094
65961 4113.33496094
66021 4109.42822266
66081 4106.75341797
66141 4103.2890625
66201 4098.86083984
66261 4094.77294922
66322 4091.02319336
66382 4086.89038086
66442 4083.47558594
66502 4080.1472168
66562 4076.25415039
66622 4074.38330078
66682 4070.83496094
66742 4068.40283203
66802 4064.16821289
66863 4060.44482422
66923 4056.63110352
66983 4053.70751953
67043 4050.73071289
67103 4048.94091797
67163 4044.63232422
67223 4040.72363281
67283 4037.31494141
67344 4034.01928711
67404 4030.81469727
67464 4027.21655273
67524 4024.11865234
67561 4021.33569336
67599 4019.15795898
67653 4016.4296875
67707 4012.921875
67767 4009.35473633
67827 4005.64453125
67887 4002.12719727
67948 3999.30834961
68008 3996.09399414
68068 3993.2175293
68128 3989.9909668
68184 3986.61108398
68241 3983.171875
68301 3979.67285156
68361 3975.91308594
68421 3972.84130859
68482 3969.49951172
68542 3966.43774414
68602 3963.22070312
68662 3959.31347656
68722 3956.03710938
68782 3953.14257812
68842 3948.60693359
68902 3944.39331055
68962 3942.00463867
69022 3939.77832031
69083 3936.53320312
69143 3933.2487793
69203 3929.07958984
69263 3924.20654297
69323 3921.4284668
69383 3917.52880859
69443 3914.85205078
69503 3911.93481445
69564 3908.82006836
69624 3904.9519043
69684 3901.84130859
69744 3898.48779297
69804 3896.49194336
69864 3892.86181641
69924 3888.95385742
69984 3885.93701172
70044 3882.03930664
70105 3880.66430664
70165 3876.1706543
70225 3872.89648438
70285 3871.92260742
70345 3866.30615234
70405 3861.63867188
70465 3859.82910156
70536 3856.85571289
70578 3854.73095703
70617 3852.63378906
70674 3848.43505859
70734 3846.08935547
70794 3841.38256836
70854 3838.21191406
70914 3834.79907227
70974 3832.10986328
71034 3828.30249023
71094 3825.19897461
71155 3822.74316406
71215 3820.30249023
71275 3817.16918945
71335 3813.36108398
71395 3809.86157227
71455 3807.60595703
71515 3804.05834961
71575 3799.81420898
71635 3797.27099609
71696 3792.75805664
71756 3791.1027832
71816 3788.88232422
71876 3786.60620117
71936 3782.8527832
71996 3779.46923828
72056 3776.94482422
72116 3773.6953125
72176 3770.88549805
72237 3767.45825195
72297 3765.05175781
72357 3760.82177734
72417 3759.20947266
72477 3754.43237305
72537 3751.48339844
72597 3747.98291016
72657 3744.6315918
72717 3742.89526367
72778 3739.44165039
72838 3734.74804688
72898 3732.72094727
72958 3729.62011719
73018 3726.63842773
73078 3723.66015625
73138 3719.47729492
73198 3715.36181641
73258 3712.21655273
73319 3708.83129883
73379 3706.60742188
73439 3703.2878418
73499 3699.24462891
73559 3694.40185547
73619 3691.44628906
73679 3689.63598633
73739 3687.3046875
73800 3685.2902832
73860 3682.90283203
73920 3679.61669922
73980 3674.87817383
74040 3671.03173828
74100 3669.37475586
74160 3666.06567383
74280 3664.8684082
74401 3662.03173828
74461 3656.48266602
74521 3654.25634766
74581 3648.22045898
74641 3644.96826172
74701 3641.46459961
74761 3638.27026367
74799 3636.15087891
74836 3632.59228516
74897 3629.19433594
74957 3627.40917969
75017 3625.27685547
75077 3621.69042969
75137 3617.67163086
75197 3614.22314453
75257 3610.77636719
75317 3607.19921875
75377 3603.99780273
75438 3600.94287109
75498 3597.99487305
75558 3593.05981445
75618 3589.08276367
75678 3585.32202148
75738 3581.72631836
75798 3578.35424805
75858 3575.84301758
75918 3573.55932617
75979 3569.61572266
76039 3567.13793945
76078 3564.30395508
76117 3561.48754883
76177 3558.24365234
76237 3556.90576172
76297 3552.08129883
76358 3546.72485352
76418 3545.47070312
