0 14286.0439453
60 14258.9599609
432 11071.9003906
492 11068.9580078
552 11057.4130859
612 10993.0292969
672 10908.3154297
773 10810.171875
814 10795.5810547
874 10780.5380859
934 10733.2919922
1395 13797.2089844
1425 13785.4179688
1476 13770.9414062
1536 13744.5957031
1596 13722.9414062
1644 13701.8916016
1692 13685.8408203
1752 13660.0576172
1812 13639.8017578
1853 13627.8896484
1893 13609.9072266
1953 13581.9990234
2003 13571.4365234
2053 13552.3388672
2113 13524.7001953
2174 13504.5175781
2234 13488.1894531
2294 13463.9765625
2354 13450.2919922
2414 13426.9140625
2474 13401.5869141
2534 13386.9267578
2594 13362.2451172
2654 13336.8037109
2715 13316.4501953
2775 13296.0986328
2835 13279.6904297
2895 13258.2666016
2955 13246.1542969
3003 13228.2119141
3052 13211.6289062
3112 13191.0
3172 13172.1845703
3232 13153.5419922
3352 13145.3076172
3473 13136.8554688
3533 13103.3212891
3568 13087.4873047
3603 13054.8769531
3664 13044.2871094
3724 13026.5800781
3784 13007.3251953
3844 12993.2255859
3904 12971.3398438
3964 12936.7617188
4024 12926.6962891
4084 12915.7617188
4144 12892.5947266
4205 12876.6132812
4265 12861.4511719
4325 12840.5898438
4385 12819.2119141
4445 12802.2822266
4505 12780.9003906
4565 12776.6494141
4625 12746.9902344
4685 12729.4697266
4721 12716.7470703
4744 12709.7783203
4791 12696.5273438
4851 12679.2509766
4911 12660.7373047
4971 12646.0683594
5007 12627.9306641
5041 12623.5996094
5085 12610.2294922
5120 12602.5537109
5170 12585.28125
5230 12566.3603516
5290 12547.7998047
5350 12528.5849609
5411 12509.5126953
5471 12485.6044922
5531 12469.1923828
5591 12451.5859375
5651 12434.6953125
5711 12418.9423828
5771 12398.2314453
5832 12379.8251953
5892 12368.9775391
5952 12350.1679688
6012 12320.5595703
6072 12310.6630859
6132 12289.0771484
6192 12275.0556641
6252 12255.6542969
6312 12231.6728516
6373 12219.2412109
6433 12203.4443359
6493 12182.0800781
6537 12173.1972656
6581 12158.3652344
6618 12143.890625
6633 12136.015625
6653 12125.9423828
6696 12120.8691406
6964 12145.2919922
7024 12127.1328125
7074 12117.5527344
7124 12104.078125
7159 12092.9677734
7194 12080.3203125
7254 12062.9091797
7291 12050.7548828
7328 12046.1201172
7364 12037.3476562
7399 12028.0341797
7459 12012.7275391
7519 12001.5644531
7579 11983.7949219
7639 11967.7402344
7699 11952.6992188
7760 11919.9042969
7820 11907.6064453
7880 11895.0302734
7940 11879.7958984
8000 11861.2734375
8060 11848.1992188
8120 11830.7900391
8180 11816.9921875
8240 11792.3017578
8301 11787.6972656
8361 11772.1035156
8421 11759.3095703
8481 11738.9941406
8541 11726.1025391
8601 11709.8984375
8661 11697.3564453
8721 11681.7216797
8781 11662.9414062
8842 11656.7109375
8902 11639.9541016
8962 11624.8427734
8997 11614.9902344
9032 11610.4814453
9093 11589.6679688
9153 11577.6025391
9213 11563.5136719
9273 11544.3515625
9330 11528.5458984
9387 11514.6435547
9474 11497.6738281
9534 11476.1386719
9594 11457.6464844
9654 11447.4169922
9714 11429.5341797
9774 11414.8339844
9834 11402.8691406
9895 11383.9150391
9955 11373.6025391
10436 11651.5957031
10496 11634.3427734
10556 11623.0888672
10616 11603.6855469
10676 11588.3808594
10736 11572.2021484
10796 11558.9960938
10857 11547.46875
10917 11534.3232422
10977 11516.3427734
11037 11502.3300781
11097 11492.0849609
11157 11469.1650391
11217 11462.3720703
11277 11449.5849609
11337 11435.7880859
11398 11418.6552734
11458 11407.1484375
11518 11392.5126953
11578 11372.9716797
11638 11361.7802734
11698 11348.0068359
11758 11336.0283203
11818 11321.6796875
11879 11307.1025391
11939 11293.9365234
11983 11282.4013672
12028 11271.5244141
12088 11259.9169922
12148 11247.8613281
12208 11233.8388672
12268 11220.125
12329 11206.2148438
12389 11193.9453125
12449 11178.3349609
12509 11167.3554688
12569 11151.9316406
12629 11130.5507812
12689 11116.4404297
12749 11104.9238281
12810 11090.8701172
12870 11076.9414062
12930 11061.6298828
12990 11055.1455078
13050 11045.2197266
13110 11030.8134766
13170 11019.8837891
13230 11005.3242188
13290 10991.6533203
13351 10976.4335938
13411 10964.1806641
13471 10951.2998047
13531 10939.4619141
13591 10925.9736328
13651 10912.6464844
13711 10899.2636719
13771 10886.3994141
13831 10877.3183594
13892 10859.1835938
13952 10844.7460938
14012 10834.4355469
14072 10822.4990234
14132 10809.4472656
14177 10795.5449219
14222 10786.5107422
14282 10781.1318359
14342 10765.1787109
14402 10749.5439453
14462 10736.8867188
14522 10726.9384766
14582 10713.4785156
14643 10702.7636719
14703 10690.9121094
14763 10678.3007812
14823 10665.4794922
14883 10651.5849609
14943 10641.4208984
15003 10628.7568359
15063 10615.9902344
15124 10602.7939453
15184 10591.2578125
15244 10577.9248047
15304 10568.5722656
15364 10554.1503906
15424 10539.3730469
15484 10527.7255859
15544 10513.7695312
15604 10498.3320312
15665 10488.7724609
15725 10481.8564453
15785 10467.5957031
15829 10458.5761719
15853 10449.9462891
15891 10446.0996094
15951 10432.6689453
16011 10419.5371094
16071 10405.7402344
16131 10399.7773438
16192 10387.2001953
16252 10372.1474609
16312 10356.4931641
16372 10345.5537109
16432 10333.8994141
16492 10321.7998047
16552 10310.203125
16612 10299.5830078
16648 10291.8076172
16683 10282.5810547
16744 10275.2128906
16804 10263.9882812
16864 10247.3417969
16924 10236.0810547
16984 10222.2734375
17034 10204.5039062
17083 10198.0810547
17119 10188.2373047
17154 10183.4580078
17214 10169.9990234
17274 10155.9277344
17334 10141.2148438
17394 10125.8027344
17515 10117.0214844
17575 10101.4814453
17635 10087.7558594
17695 10075.4453125
17755 10066.8496094
17815 10059.2441406
17875 10044.5957031
17935 10031.4287109
17995 10022.0634766
18055 10013.9726562
18116 9998.81152344
18176 9985.7890625
18236 9979.87890625
18296 9967.61816406
18356 9955.68457031
18416 9941.51660156
18474 9930.75195312
18533 9918.7421875
18593 9907.75878906
18653 9894.20996094
18713 9883.14550781
18773 9872.50585938
18833 9862.43847656
18893 9852.95996094
18953 9843.13769531
19014 9832.28515625
19074 9822.37011719
19134 9813.51269531
19194 9799.19921875
19254 9787.96972656
19289 9780.09179688
19324 9773.1484375
19360 9762.08496094
19383 9757.86230469
19431 9748.76269531
19491 9740.16113281
19551 9727.18554688
19611 9712.27148438
19671 9697.390625
19731 9693.10058594
19792 9683.46679688
19852 9674.0
19912 9661.17871094
19972 9650.93945312
20032 9641.31933594
20092 9628.83398438
20152 9621.609375
20212 9612.16601562
20659 9837.90332031
20719 9824.35058594
20779 9814.24707031
20839 9804.59765625
20900 9791.40234375
20960 9780.99414062
21020 9769.33691406
21080 9757.42480469
21140 9746.22460938
21200 9734.52636719
21260 9720.1953125
21320 9709.76367188
21380 9699.76074219
21441 9685.72363281
21501 9672.1171875
21561 9667.42285156
21621 9657.15820312
21681 9640.1484375
21741 9631.36425781
21801 9615.52050781
21861 9606.45410156
21921 9596.16015625
21982 9586.609375
22042 9576.74902344
22102 9566.92480469
22162 9552.7109375
22222 9539.83691406
22282 9534.36035156
22342 9523.07324219
22402 9509.0234375
22462 9499.24902344
22523 9489.06347656
22583 9480.34765625
22643 9464.06738281
22703 9444.42382812
22763 9431.42089844
22823 9417.98730469
22883 9405.89160156
22943 9386.79296875
23003 9375.125
23064 9363.16601562
23124 9349.45410156
23167 9334.74902344
23211 9323.99902344
23271 9313.20507812
23332 9307.37890625
23513 9322.45605469
23574 9306.1484375
23634 9284.15136719
23695 9275.00585938
23756 9269.26367188
23816 9265.41894531
23876 9254.52636719
23937 9235.43261719
23997 9195.56445312
24058 9146.06640625
24118 9095.15820312
24178 9062.23925781
24238 8993.95898438
24298 8942.36523438
24358 8894.65820312
24418 8850.07226562
24478 8812.82714844
24514 8808.72167969
24549 8789.12109375
24609 8759.66894531
24669 8748.89550781
24729 8736.80566406
24789 8731.21777344
24850 8722.61328125
25210 9053.14648438
25270 9044.421875
25330 9033.109375
25391 9021.93066406
25451 9012.0546875
25511 9001.58496094
25571 8992.796875
25631 8983.1796875
25685 8972.02246094
25737 8965.3359375
25796 8957.47851562
25856 8945.55761719
25916 8933.39941406
25977 8926.24316406
26037 8915.55175781
26097 8903.78417969
26157 8894.30566406
26217 8886.78320312
26277 8877.95214844
26337 8864.07714844
26397 8855.48925781
26457 8844.83886719
26518 8833.6328125
26578 8810.18261719
26638 8790.87109375
26698 8781.5625
26756 8772.03710938
26806 8762.4375
26857 8753.39160156
26917 8741.265625
26977 8727.83496094
27037 8716.37109375
27097 8702.70410156
27158 8690.54882812
27218 8677.11132812
27338 8665.76464844
27398 8646.46679688
27458 8632.85742188
27518 8615.44140625
27578 8603.20410156
27638 8590.91308594
27699 8579.3203125
27759 8569.81347656
27819 8554.640625
27879 8543.67089844
27939 8523.12304688
27999 8514.8671875
28059 8493.06738281
28119 8488.49609375
28179 8476.21777344
28240 8462.68554688
28300 8455.64355469
28360 8449.94628906
28420 8440.28417969
28480 8417.18359375
28540 8409.89257812
28600 8398.28222656
28660 8385.46484375
28720 8370.08496094
28772 8364.61816406
28823 8352.97363281
28883 8334.44628906
28943 8321.49707031
29003 8314.35253906
29064 8301.01074219
29124 8291.453125
29184 8275.2578125
29244 8256.43359375
29304 8247.33300781
29364 8234.86621094
29424 8220.22167969
29484 8212.57324219
29545 8197.01367188
29605 8177.12255859
29665 8162.63818359
29725 8149.65283203
29785 8143.77490234
29845 8134.76220703
29905 8123.85400391
30025 8112.56542969
30086 8095.33984375
30146 8080.7265625
30266 8061.05322266
30386 8024.02294922
30446 8013.2265625
30506 8005.39208984
30566 8000.28515625
30627 7997.06689453
30687 7964.58007812
30747 7951.49462891
30807 7946.15380859
30867 7931.22509766
30987 7907.70849609
31047 7895.87011719
31096 7872.20996094
31146 7864.15429688
31206 7853.19970703
31386 7833.14208984
31446 7808.80224609
31506 7797.65039062
31567 7791.31152344
31627 7786.66210938
31747 7768.25341797
31807 7755.57177734
31927 7724.57128906
31987 7709.609375
32151 7714.92822266
32194 7678.27880859
32254 7655.17382812
32374 7655.48632812
32494 7638.98681641
32937 8141.43896484
32997 8132.92578125
33057 8125.63574219
33117 8115.21337891
33178 8106.06298828
33231 8097.07324219
33274 8093.69433594
33309 8091.10791016
33345 8082.56152344
33405 8072.40429688
33465 8063.19091797
33506 8057.90429688
33547 8048.62451172
33607 8042.57128906
33667 8032.80761719
33713 8026.03759766
33758 8020.46142578
33818 8011.72167969
33878 8001.90527344
33938 7993.89941406
33999 7983.0625
34059 7975.27490234
34119 7963.55761719
34179 7953.97558594
34239 7947.22802734
34299 7938.90576172
34359 7932.16259766
34419 7925.453125
34479 7915.53076172
34540 7907.4140625
34600 7897.57714844
34660 7888.83056641
34720 7876.50146484
34780 7871.99023438
34840 7860.07128906
34900 7853.76318359
34960 7846.48681641
35020 7840.16650391
35076 7830.37158203
35131 7822.94384766
35171 7816.40087891
35211 7811.37890625
35246 7805.11279297
35262 7802.63085938
35302 7796.29248047
35342 7791.5859375
35383 7787.4921875
35418 7782.04296875
35433 7781.58105469
35447 7780.14990234
35460 7773.29248047
35498 7773.09082031
35536 7768.89599609
35573 7761.56591797
35633 7749.67041016
35693 7741.16015625
35753 7730.56103516
35814 7721.91552734
35874 7717.86425781
35934 7708.88574219
35994 7696.40332031
36054 7691.46582031
36114 7682.21777344
36174 7678.30029297
36234 7671.18554688
36274 7670.42236328
36291 7660.84619141
36329 7657.43359375
36389 7650.97070312
36449 7645.70117188
36509 7639.30517578
36569 7630.31640625
36630 7623.60498047
36690 7617.96630859
36750 7608.30273438
36810 7600.74169922
36870 7594.64599609
36930 7588.69677734
36988 7582.06982422
37047 7572.84960938
37107 7564.54833984
37167 7557.39941406
37227 7550.54394531
37287 7542.46582031
37347 7533.95507812
37408 7528.265625
37468 7520.95654297
37528 7512.8671875
37588 7505.36669922
37648 7497.0390625
37708 7490.28222656
37768 7482.85595703
37828 7477.22119141
37888 7469.59521484
37949 7461.0234375
38009 7455.25390625
38069 7446.03173828
38129 7439.22460938
38189 7431.34375
38249 7423.28759766
38309 7417.53125
38369 7411.39697266
38429 7403.22607422
38466 7399.75
38503 7394.27685547
38564 7382.80126953
38606 7378.57958984
38630 7375.05859375
38671 7368.55957031
38723 7362.79443359
38775 7357.26660156
38834 7350.86474609
38894 7344.62255859
38954 7337.19921875
39014 7329.52783203
39074 7320.50195312
39134 7312.77539062
39194 7305.02880859
39239 7300.30615234
39284 7294.49169922
39344 7288.22070312
39404 7280.38720703
39464 7274.70263672
39524 7267.46484375
39584 7258.48828125
39644 7252.01806641
39704 7245.48095703
39764 7236.94921875
39824 7228.43115234
39885 7221.58789062
39945 7212.80371094
40005 7207.87792969
40065 7199.79394531
40125 7193.68359375
40160 7189.43994141
40195 7183.26904297
40256 7177.81494141
40316 7170.86132812
40376 7162.41894531
40436 7153.41113281
40496 7149.98291016
40535 7145.83300781
40574 7138.15283203
40633 7131.03027344
40693 7124.12695312
40753 7116.72802734
40813 7109.42431641
40873 7101.9453125
40933 7095.58251953
40993 7088.859375
41053 7080.91113281
41114 7070.42773438
41174 7064.10986328
41234 7056.74365234
41294 7049.79003906
41354 7042.84277344
41399 7037.75976562
41443 7032.34570312
41479 7028.04003906
41514 7023.44580078
41574 7014.328125
41634 7007.66796875
41694 7001.14746094
41754 6991.82519531
41814 6984.79785156
41875 6976.83642578
41995 6986.00634766
42055 6974.46289062
42115 6966.62841797
42175 6950.93457031
42235 6942.46484375
42295 6933.79833984
42355 6927.91064453
42416 6921.74853516
42476 6913.62109375
42536 6904.36425781
42596 6896.47949219
42651 6888.42919922
42705 6881.82324219
42766 6876.92578125
42826 6870.56201172
42886 6864.17285156
42946 6856.31933594
42986 6848.99169922
43026 6845.29541016
43086 6839.11181641
43146 6828.53759766
43206 6822.13574219
43267 6813.50585938
43327 6807.78613281
43387 6800.01855469
43447 6793.61962891
43507 6784.62402344
43567 6778.95019531
