0 14055.2949219
51 14024.4316406
1014 13504.6894531
1195 13416.0751953
1232 13402.8242188
1488 13265.5107422
1583 13220.7353516
1618 13212.8730469
2374 12868.5332031
2434 12856.0976562
2495 12852.3359375
2675 12768.4736328
2968 12642.5585938
3028 12626.6044922
3088 12609.5361328
3269 12533.9775391
3449 12468.3544922
3509 12461.7783203
3890 12779.7041016
3950 12768.5273438
4071 12731.6982422
4163 12702.5439453
4283 12665.875
4404 12629.7216797
4524 12593.3457031
4584 12577.9941406
4644 12564.4023438
4704 12548.7109375
4824 12520.6337891
5005 12469.640625
5065 12454.6298828
5118 12440.1318359
5172 12426.2246094
5232 12408.1738281
5292 12397.0634766
5352 12381.953125
5412 12364.2421875
5532 12327.5566406
5592 12314.9560547
5697 12283.578125
5742 12273.2148438
5778 12263.0761719
5813 12254.0546875
5873 12239.5859375
5922 12226.5087891
5971 12211.2216797
6007 12201.9746094
6042 12188.7021484
6102 12176.3320312
6154 12165.0224609
6202 12150.8935547
6251 12135.1318359
6304 12121.8583984
6339 12118.9658203
6374 12104.5810547
6494 12077.5908203
6554 12059.9365234
6675 12023.5888672
6722 12017.3056641
6749 12009.8183594
6788 12001.6396484
6823 11994.6865234
6854 11985.5400391
6910 11972.7880859
7091 11922.1572266
7151 11908.7646484
7211 11894.2285156
7271 11882.7871094
7331 11868.7226562
7391 11852.8798828
7451 11841.0273438
7512 11825.2529297
7572 11808.9863281
7632 11792.7773438
7692 11775.5478516
7752 11762.0791016
7872 11732.6835938
7932 11721.7099609
7992 11704.0644531
8053 11687.5009766
8163 11663.8134766
8213 11651.0546875
8334 11622.9550781
8394 11605.7246094
8454 11594.1660156
8514 11581.8134766
8634 11544.8007812
8694 11532.0791016
8729 11526.2412109
8740 11523.1582031
8755 11518.4804688
8771 11513.1416016
8806 11504.0947266
8866 11488.2148438
8926 11474.9960938
8986 11462.5087891
9046 11444.5791016
9106 11433.0722656
9405 11362.6953125
9465 11345.6240234
9522 11334.8066406
9578 11322.7666016
9614 11317.5927734
9649 11305.7314453
9709 11290.4521484
9829 11253.3115234
9889 11241.9082031
9949 11226.1142578
10010 11212.5205078
10070 11203.6699219
10190 11167.8466797
10250 11153.5273438
10490 11473.1005859
10791 11398.0019531
10849 11388.9677734
10907 11373.9980469
10942 11363.9072266
10978 11356.5576172
11038 11344.9697266
11098 11332.2617188
11158 11316.2705078
11218 11303.7451172
11278 11293.2226562
11338 11275.6044922
11398 11261.7392578
11459 11255.3330078
11519 11247.34375
11616 11212.2675781
11654 11206.3242188
11714 11197.1669922
11774 11182.2617188
11835 11165.421875
11895 11152.6640625
11955 11141.0556641
12015 11128.0966797
12075 11116.6386719
12135 11103.4433594
12195 11090.0947266
12256 11072.6708984
12316 11062.1806641
12376 11046.7275391
12436 11033.6884766
12479 11027.1582031
12523 11016.4951172
12583 11002.4853516
12643 10989.2158203
12703 10974.3056641
12763 10959.7519531
12823 10945.1533203
12883 10933.4355469
12944 10920.7519531
13004 10911.3056641
13064 10896.4521484
13124 10880.9785156
13184 10867.6787109
13244 10853.3193359
13304 10841.2333984
13364 10830.6074219
13423 10818.7851562
13482 10804.4912109
13542 10787.7607422
13603 10775.0566406
13663 10767.3554688
13723 10751.8847656
13783 10742.0117188
13843 10731.1816406
13903 10714.6816406
13963 10703.8017578
14023 10692.9462891
14083 10683.3603516
14264 10618.5136719
14324 10605.4140625
14384 10597.8369141
14444 10586.0351562
14504 10573.0214844
14564 10564.1269531
14624 10550.9580078
14685 10543.1611328
14745 10529.9863281
14805 10516.625
14865 10504.96875
14925 10496.1982422
14985 10482.5927734
15045 10470.8808594
15105 10458.5068359
15165 10445.5185547
15286 10421.9277344
15346 10410.6748047
15406 10398.5332031
15466 10390.4042969
15526 10376.6064453
15586 10359.2529297
15646 10351.9228516
15767 10321.59375
15827 10315.6123047
15887 10303.1210938
15947 10290.5771484
16007 10278.4697266
16067 10266.8886719
16127 10252.2919922
16187 10240.3730469
16247 10231.4101562
16308 10217.4970703
16368 10207.2050781
16428 10196.9794922
16488 10183.8544922
16548 10167.6621094
16594 10159.1201172
16639 10149.1503906
16700 10132.5273438
16760 10120.0146484
16820 10110.4882812
16880 10102.7294922
16940 10093.8173828
17000 10085.9892578
17060 10071.9130859
17301 10061.1630859
17361 10059.4902344
17421 10046.3564453
17481 10035.8662109
17516 10030.1230469
17533 10026.8427734
17575 10021.0917969
17635 10009.7568359
17695 9999.58105469
17755 9988.57714844
17815 9977.71777344
17875 9966.06640625
17935 9951.49902344
17995 9941.00878906
18056 9931.03710938
18116 9923.03027344
18176 9912.31054688
18236 9903.2890625
18295 9892.16796875
18354 9877.74511719
18389 9873.22949219
18424 9871.91796875
18484 9861.54492188
18544 9847.86132812
18605 9835.82617188
18665 9827.75683594
18725 9816.671875
18785 9805.45898438
18845 9794.74414062
18905 9783.63769531
18965 9771.89355469
19025 9762.08203125
19085 9749.48242188
19146 9732.62695312
19206 9722.4375
19241 9719.27539062
19276 9714.59765625
19336 9701.63769531
19396 9687.01464844
19455 9678.01074219
19491 9671.70214844
19526 9667.4296875
19586 9653.54394531
19630 9644.09667969
19674 9635.23046875
19710 9624.25195312
19745 9614.80371094
19805 9607.04199219
19859 9599.0859375
19912 9587.49609375
19973 9578.60644531
20033 9573.3046875
20093 9562.12207031
20153 9553.59082031
20213 9544.99707031
20273 9535.07714844
20333 9523.00683594
20393 9514.28515625
20454 9506.77539062
20514 9493.08398438
20574 9488.06152344
20634 9477.75390625
20694 9466.46679688
20754 9458.54296875
20814 9447.13085938
20874 9437.83300781
20934 9425.66210938
20995 9414.53710938
21055 9406.56835938
21115 9393.46972656
21167 9382.5703125
21220 9377.50683594
21280 9365.37597656
21340 9356.45800781
21400 9348.95605469
21460 9337.62695312
21520 9329.77929688
21581 9316.9921875
21641 9306.14941406
21701 9297.2578125
21761 9288.03808594
21803 9284.75292969
22385 9465.34765625
22446 9454.35742188
22506 9444.10742188
22566 9432.48730469
22626 9420.05175781
22686 9405.10253906
22746 9392.90429688
22806 9381.69921875
22866 9368.765625
22906 9357.81445312
22946 9348.09570312
23006 9333.51464844
23046 9327.61230469
23084 9316.49316406
23142 9305.53808594
23180 9294.35351562
23219 9283.44628906
23274 9270.38085938
23329 9257.49511719
23389 9241.24804688
23509 9216.14746094
23569 9201.50292969
23689 9190.91210938
23748 9181.11523438
23783 9173.07714844
23818 9169.66796875
23879 9156.66699219
23918 9153.0625
23956 9145.49707031
24015 9134.51074219
24075 9120.00097656
24135 9112.17480469
24195 9097.77929688
24255 9085.40722656
24315 9069.6015625
24375 9053.74316406
24435 9053.26464844
24495 9041.95605469
24556 9031.91308594
24616 9024.34082031
24676 9016.04199219
24796 9013.99609375
24856 9010.21972656
24916 9008.40332031
24976 9001.66210938
25036 8992.13085938
25097 8985.44726562
25157 8979.62402344
25231 8972.73730469
25272 8965.56054688
25328 8955.40332031
25384 8948.2265625
25444 8938.58984375
25498 8933.44140625
25551 8925.48925781
25612 8919.18066406
25672 8907.91699219
25732 8898.00878906
25792 8888.01367188
25852 8877.38964844
25912 8867.01074219
25972 8857.86132812
26032 8847.92285156
26092 8840.56445312
26153 8831.38964844
26213 8819.90039062
26273 8813.51367188
26333 8802.04882812
26388 8793.49609375
26442 8783.81933594
26478 8779.99707031
26513 8773.07910156
26573 8765.69433594
26633 8755.75
26693 8744.58105469
26753 8736.05273438
26796 8725.18554688
26838 8721.90234375
26959 8697.04394531
27019 8688.21484375
27057 8682.77246094
27072 8681.48339844
27084 8680.88378906
27119 8674.71191406
27178 8662.69433594
27236 8655.89746094
27296 8645.26464844
27356 8637.55859375
27416 8626.24414062
27463 8619.91601562
27509 8614.58984375
27544 8611.43359375
27579 8605.59277344
27639 8596.15039062
27699 8586.69140625
27759 8579.6953125
27819 8569.78710938
27879 8557.5625
27940 8549.58496094
28000 8539.37695312
28060 8531.54296875
28120 8520.76757812
28180 8511.02539062
28240 8500.7265625
28300 8495.04394531
28360 8489.04003906
28421 8479.85839844
28472 8466.21386719
28522 8461.84570312
28558 8458.96679688
28593 8451.66308594
28773 8415.53710938
28833 8409.91503906
28893 8403.87695312
28954 8397.33105469
29014 8383.390625
29074 8373.796875
29134 8366.98339844
29194 8362.07519531
29247 8350.67089844
29300 8345.76660156
29335 8342.61523438
29424 8325.26171875
29459 8324.00195312
29494 8321.11230469
29554 8310.59765625
29614 8304.39550781
29675 8296.26855469
29735 8291.06152344
29855 8289.11132812
29915 8281.15625
29975 8269.27734375
30035 8260.72265625
30095 8250.20507812
30156 8247.0546875
30216 8242.36035156
30276 8236.1796875
30336 8230.48339844
30396 8221.23144531
30456 8212.35253906
30516 8209.27929688
30576 8199.37207031
30636 8189.77294922
30697 8176.35253906
30757 8173.01708984
30817 8167.12158203
30877 8165.78466797
30937 8156.61132812
30997 8145.30517578
31057 8131.62451172
31117 8118.37011719
31177 8117.52978516
31238 8111.92285156
31298 8098.94140625
31358 8090.84326172
31418 8081.67822266
31478 8075.09423828
31538 8071.12353516
31598 8064.85351562
31658 8061.36865234
31718 8049.65283203
31778 8042.61328125
31839 8029.41503906
31959 8000.7578125
32019 7995.70654297
32079 7985.5078125
32139 7975.35205078
32199 7966.70214844
32259 7961.33837891
32295 7960.67138672
32330 7953.84570312
32390 7946.31640625
32450 7937.99853516
32510 7929.15087891
32570 7925.90087891
32622 7921.81542969
32656 7916.24609375
32697 7913.36914062
32758 7905.57373047
32815 7900.42626953
32858 7892.45068359
32899 7888.83398438
32954 7884.35351562
33014 7874.3828125
33074 7863.71191406
33134 7855.42675781
33195 7853.26220703
33255 7849.39208984
33315 7839.57714844
33350 7832.87402344
33385 7825.14990234
33445 7819.19384766
33484 7814.76757812
33522 7811.64306641
33582 7802.07568359
33642 7794.66162109
33702 7783.88769531
33762 7778.09423828
33823 7771.19091797
33883 7759.87841797
34319 7944.74462891
34379 7932.76025391
34439 7926.078125
34500 7917.97998047
34560 7911.19482422
34620 7902.55078125
34680 7895.00537109
34740 7888.8515625
34800 7881.87451172
34860 7870.65234375
34920 7863.04736328
34980 7854.67138672
35041 7844.95849609
35101 7839.89013672
35161 7833.03222656
35221 7824.74707031
35281 7819.35058594
35341 7807.84326172
35401 7799.57958984
35461 7792.1875
35521 7784.36132812
35582 7776.42822266
35642 7770.234375
35702 7761.29541016
35762 7752.5703125
35822 7743.36181641
35882 7735.40380859
35942 7728.39355469
36002 7718.62451172
36062 7710.41748047
36123 7701.79980469
36183 7693.18554688
36243 7686.99609375
36303 7676.84521484
36363 7667.16308594
36423 7662.52539062
36483 7653.08886719
36543 7643.48242188
36603 7633.8046875
36664 7626.89306641
36724 7615.75537109
36784 7607.60839844
36844 7600.89160156
36904 7591.57226562
36964 7582.21435547
37024 7573.71728516
37084 7566.29736328
37145 7558.01220703
37265 7554.66943359
37385 7554.61132812
37505 7515.63964844
37806 7502.64746094
37866 7495.19970703
37925 7487.65869141
37985 7482.00585938
38045 7473.30175781
38105 7467.23046875
38165 7459.80322266
38226 7450.47949219
38286 7441.83203125
38346 7436.35546875
38406 7428.80322266
38466 7421.86962891
38526 7415.60058594
38569 7411.15966797
38613 7404.41259766
38673 7396.24511719
38733 7388.265625
38793 7380.06689453
38853 7372.67773438
38914 7366.05712891
38974 7359.64013672
39034 7351.3125
39094 7344.29785156
39154 7337.81347656
39214 7330.33886719
39274 7321.47509766
39334 7313.62207031
39394 7305.46630859
39455 7299.54638672
39515 7291.46240234
39575 7282.19873047
39635 7274.46191406
39695 7267.37695312
39755 7261.12890625
39815 7253.48730469
39875 7244.75488281
39935 7229.49902344
39996 7223.17333984
40056 7215.58203125
40116 7207.78955078
40176 7202.29248047
40236 7196.81201172
40296 7189.93652344
40356 7183.17871094
40416 7176.65332031
40476 7168.56103516
40537 7162.78076172
40597 7153.95068359
40657 7146.68847656
40717 7141.23388672
40777 7127.34375
40837 7123.7578125
40897 7117.65917969
40957 7112.92138672
41017 7105.33496094
41078 7096.80517578
41138 7089.671875
41198 7083.58544922
41258 7077.43554688
41318 7069.73730469
41378 7065.29589844
41438 7059.48486328
41498 7050.72412109
41558 7043.45068359
41619 7038.40136719
41679 7033.21679688
41739 7025.49121094
41799 7018.12988281
41859 7013.16796875
41919 7005.24804688
41979 7002.64208984
42039 7000.90136719
42099 6994.80908203
42160 6989.14160156
42220 6982.953125
42280 6976.25195312
42340 6970.24023438
42400 6962.96386719
42460 6957.46728516
42520 6950.95849609
42580 6944.58105469
42640 6937.20947266
42700 6932.05957031
42736 6929.20263672
42767 6926.61914062
42822 6919.99169922
42876 6913.89697266
42930 6908.04101562
42990 6901.41455078
43050 6895.41943359
43110 6889.47949219
43171 6881.85839844
43231 6875.07226562
43291 6869.11767578
43351 6861.79052734
43411 6856.68994141
43465 6850.27734375
43519 6842.95800781
43579 6837.05615234
43639 6831.48388672
43700 6824.21630859
43760 6816.36181641
43814 6810.59375
43868 6806.28222656
43929 6799.42724609
43989 6794.16455078
44049 6788.52734375
44109 6781.91357422
44169 6774.6015625
44229 6766.14990234
44289 6760.10449219
44349 6751.87158203
44409 6743.99560547
44470 6739.65869141
44530 6733.80859375
44590 6727.37207031
44650 6720.43945312
44710 6712.74267578
44770 6708.87109375
44819 6703.29736328
44869 6699.54394531
44913 6694.80224609
44958 6689.46679688
45017 6682.28076172
45075 6675.29785156
45136 6671.24902344
45196 6666.31152344
45256 6658.03076172
45316 6652.25683594
45376 6645.90185547
45436 6643.86376953
45494 6637.84863281
45552 6628.40869141
45612 6622.02392578
45672 6616.49511719
45732 6611.68066406
45792 6604.05908203
45849 6598.36230469
45906 6593.63378906
45966 6588.14208984
46026 6583.64550781
46086 6577.70556641
46146 6571.08203125
46206 6565.52783203
46266 6559.62548828
46326 6553.30078125
46387 6547.61767578
46447 6540.12890625
46507 6533.62207031
46567 6529.92675781
46627 6523.67871094
46687 6517.36572266
46747 6511.94384766
46807 6507.42089844
46867 6499.20898438
46928 6491.92041016
46988 6486.24121094
47048 6481.66992188
47108 6474.578125
47168 6469.74169922
47228 6463.40283203
47288 6459.04492188
47348 6451.98388672
47408 6445.18457031
47469 6439.51123047
47529 6435.95117188
47589 6429.66845703
47649 6423.57568359
47709 6416.96679688
47769 6410.96435547
47829 6406.51757812
47889 6400.28759766
47938 6395.88232422
47987 6391.00439453
48047 6383.60107422
48107 6376.40478516
48167 6372.22949219
48220 6368.58251953
48272 6361.47705078
48332 6355.08105469
48393 6349.31005859
48453 6343.98242188
48513 6336.43164062
48573 6329.91357422
48633 6326.11914062
48693 6322.57519531
48753 6315.53613281
48813 6309.20800781
48873 6304.10400391
48934 6297.94970703
48994 6291.02392578
49054 6284.984375
49114 6278.46826172
49174 6273.89746094
49234 6268.17529297
49294 6259.234375
49354 6256.84570312
49414 6250.82666016
49475 6244.12060547
49535 6240.578125
49595 6235.32470703
49655 6227.7265625
49715 6222.86376953
49775 6217.578125
49835 6212.21142578
49895 6206.79931641
49955 6200.75976562
50016 6194.08203125
50076 6188.09960938
50136 6182.78173828
50196 6177.41894531
50256 6171.98095703
50316 6166.60839844
50376 6158.11816406
50436 6152.75195312
50496 6148.40039062
50552 6142.89257812
50607 6137.19921875
50667 6134.14892578
50728 6129.26611328
50788 6125.10009766
50848 6120.0390625
50908 6114.18457031
50968 6108.00927734
51009 6103.35107422
51049 6099.06054688
51109 6093.29785156
51161 6090.24707031
51213 6083.77294922
51274 6082.1015625
51322 6076.63427734
51370 6072.42675781
51405 6069.48144531
51440 6066.37011719
51500 6058.59033203
51560 6052.53173828
51620 6052.28662109
51680 6044.42626953
51740 6038.37597656
51801 6031.25439453
51861 6029.59814453
51921 6025.11425781
51981 6019.75195312
52022 6013.62353516
52064 6010.48779297
52184 6002.13574219
52244 5994.53466797
52304 5986.98779297
52364 5981.73828125
52424 5976.95898438
52485 5972.87207031
52545 5968.15917969
52605 5962.64892578
52665 5957.02099609
52725 5951.58056641
52785 5945.81494141
52845 5942.51269531
52905 5935.71875
52966 5930.26708984
53026 5923.70117188
53086 5918.76611328
53146 5916.97753906
53189 5911.49316406
53233 5907.06591797
53293 5904.74462891
53353 5897.859375
53414 5892.52734375
53474 5888.03076172
53534 5882.13037109
53594 5876.07470703
53654 5873.05517578
53691 5872.37939453
53728 5864.57910156
53788 5862.04296875
53848 5859.44580078
53908 5854.75097656
53969 5849.53271484
54029 5844.61767578
54089 5841.73486328
54149 5837.62597656
54209 5832.40625
54269 5827.54394531
54312 5823.41259766
54356 5819.92529297
54416 5813.94921875
54476 5810.91894531
54536 5806.35546875
54596 5800.15283203
54656 5795.34130859
54716 5789.82470703
54777 5785.59033203
54837 5781.56494141
54897 5775.69677734
54957 5772.10839844
55017 5766.93261719
55077 5761.11083984
55137 5757.08935547
55197 5751.81298828
55257 5745.74072266
55318 5741.86767578
55378 5737.61523438
55438 5733.35644531
55498 5728.26904297
55558 5722.87890625
55618 5718.65234375
55678 5714.8203125
55738 5707.70703125
55799 5699.45751953
55859 5695.56542969
55919 5691.12011719
55979 5686.78076172
56039 5682.68652344
56099 5677.10253906
56159 5670.64941406
56219 5666.9140625
56279 5663.45507812
56340 5660.49365234
56400 5655.94970703
56460 5651.80761719
56520 5646.41845703
56580 5641.84033203
56615 5639.37109375
56650 5637.18896484
56710 5632.91699219
56771 5629.35302734
56831 5625.09521484
56891 5619.59667969
56951 5615.07324219
57011 5610.40039062
57071 5606.40722656
57131 5601.38574219
57191 5594.37451172
57251 5592.45166016
57312 5586.55908203
57372 5581.14160156
57432 5576.50341797
57492 5573.63964844
57552 5568.39111328
57612 5565.25488281
57672 5560.93945312
57732 5556.53222656
57792 5551.45898438
57853 5547.48876953
57913 5542.13476562
57973 5538.57275391
58093 5536.33642578
58213 5536.80078125
58273 5525.99072266
58333 5517.41699219
58394 5511.12353516
58454 5507.91650391
58514 5503.18017578
58574 5497.91113281
58634 5492.47314453
58694 5487.91748047
58754 5483.35546875
58814 5480.63134766
58875 5475.05517578
58935 5467.94628906
58995 5463.45019531
59055 5458.66064453
59115 5456.16552734
