0 11717.7021484
105 11697.4111328
127 11693.5654297
225 11627.4287109
826 11314.0371094
887 11293.7373047
947 11276.1328125
1187 11161.34375
1367 11086.9375
1476 11032.5283203
1584 10984.296875
1825 10896.1669922
2065 10787.1425781
2125 10779.5175781
2186 10760.1523438
2246 10740.1875
2306 10728.4433594
2366 10712.4667969
2401 10698.8417969
2436 10683.8183594
2557 10624.7460938
2617 10609.2207031
2677 10592.9199219
2737 10578.0009766
2797 10563.7626953
2857 10546.0058594
2978 10485.3574219
3038 10472.7519531
3398 10926.6894531
3458 10918.984375
3494 10913.6845703
3517 10912.8417969
3565 10898.0527344
3625 10887.4912109
3685 10870.5830078
3745 10858.8330078
3805 10843.4951172
3865 10831.7626953
3925 10817.3896484
3985 10805.296875
4046 10790.3955078
4106 10774.140625
4166 10756.6347656
4226 10746.40625
4269 10737.1669922
4311 10728.5625
4372 10719.9296875
4432 10702.9990234
4492 10688.7294922
4552 10674.9443359
4587 10663.4365234
4597 10659.7324219
4611 10657.7480469
4649 10650.9628906
4709 10634.8564453
4769 10622.0537109
4829 10611.5283203
4889 10595.8691406
4949 10581.9570312
5009 10570.5097656
5069 10555.2978516
5129 10541.8369141
5190 10529.2099609
5250 10515.9873047
5310 10499.4853516
5370 10485.9658203
5430 10480.5166016
5490 10466.2939453
5550 10450.8378906
5610 10435.9462891
5671 10420.1474609
5731 10401.9003906
5791 10380.6005859
5851 10375.4101562
5911 10360.0927734
5971 10348.7675781
6031 10336.8544922
6091 10323.8623047
6151 10312.3486328
6212 10296.6767578
6272 10279.1025391
6332 10269.9492188
6392 10253.8164062
6452 10241.5947266
6495 10232.0380859
6538 10225.8740234
6599 10214.5566406
6659 10205.3027344
6719 10191.7382812
6779 10174.5478516
6839 10163.9736328
6899 10152.7509766
6959 10141.7802734
7019 10130.8203125
7079 10118.0771484
7140 10103.2832031
7620 10413.2988281
7681 10404.9003906
7741 10391.5654297
7801 10378.5234375
7861 10365.578125
7921 10353.8867188
7981 10341.6425781
8041 10331.0927734
8101 10315.1005859
8162 10305.0585938
8203 10296.7324219
8244 10286.4052734
8304 10277.1484375
8364 10264.8222656
8424 10250.7255859
8484 10238.6591797
8544 10229.8076172
8605 10218.5380859
8665 10206.7910156
8725 10191.5253906
8785 10180.6572266
8845 10171.2490234
8905 10158.0390625
8965 10151.6494141
9025 10139.8251953
9085 10126.5214844
9146 10115.7617188
9206 10103.7949219
9266 10091.4931641
9326 10082.1308594
9386 10070.7910156
9446 10061.2929688
9506 10046.4189453
9566 10037.7802734
9627 10025.3574219
9687 10014.4550781
9747 10005.5244141
9807 9992.08398438
9867 9981.02441406
9927 9968.8359375
9987 9955.84667969
10047 9945.08886719
10107 9936.57324219
10168 9925.77734375
10228 9913.53027344
10288 9904.84863281
10348 9892.53808594
10408 9881.93457031
10468 9868.98730469
10528 9857.80957031
10588 9848.81054688
10648 9836.73046875
10709 9825.32910156
10769 9813.64160156
10829 9803.28710938
10889 9791.30175781
10949 9781.59277344
11009 9770.49121094
11069 9761.41015625
11129 9752.34179688
11189 9737.78125
11239 9730.4921875
11289 9722.16015625
11350 9711.47167969
11410 9699.91308594
11470 9689.28613281
11530 9676.91601562
11590 9668.8125
11650 9659.72949219
11710 9646.61914062
11770 9633.59570312
11831 9624.21386719
11891 9616.86132812
11951 9604.95410156
12011 9592.27050781
12071 9584.08398438
12131 9570.89257812
12191 9561.98144531
12251 9553.33789062
12311 9540.34179688
12372 9533.03320312
12432 9518.66699219
12492 9508.93066406
12552 9499.44824219
12612 9489.3125
12672 9476.66210938
12732 9464.58496094
12792 9457.60644531
12853 9444.29589844
12913 9437.59179688
12973 9427.55957031
13033 9415.06542969
13081 9408.74316406
13129 9400.0625
13190 9387.75976562
13250 9376.8984375
13310 9371.94433594
13370 9361.08691406
13430 9348.23242188
13490 9337.13574219
13550 9326.69238281
13601 9317.00292969
13651 9308.08984375
13711 9298.28515625
13771 9287.33398438
13831 9276.67773438
13891 9263.1875
13952 9257.92285156
14012 9252.83496094
14072 9243.58691406
14132 9234.11328125
14192 9222.77636719
14252 9216.51171875
14312 9203.52441406
14372 9189.99023438
14408 9183.10351562
14443 9179.70214844
14478 9174.97070312
14513 9167.40332031
14573 9155.15234375
14633 9148.37011719
14668 9144.25
14704 9138.47363281
15195 9327.22851562
15255 9318.74902344
15315 9312.87109375
15375 9300.83789062
15435 9287.97558594
15495 9277.7890625
15556 9269.48242188
15616 9257.48828125
15676 9249.55664062
15736 9238.75390625
15796 9230.27832031
15856 9220.62597656
15916 9207.90625
15976 9195.83691406
16036 9184.83007812
16096 9173.54980469
16157 9164.58203125
16217 9157.96679688
16277 9147.32421875
16337 9134.56152344
16397 9125.43359375
16457 9114.71972656
16517 9106.30566406
16577 9093.57910156
16638 9079.38671875
16698 9070.31835938
16758 9062.08886719
16818 9051.07226562
16878 9041.39941406
16938 9030.58007812
16998 9022.14453125
17058 9012.6015625
17118 8999.26855469
17179 8985.81835938
17239 8973.6484375
17299 8966.25195312
17359 8957.45898438
17419 8946.34277344
17479 8935.24511719
17539 8925.19140625
17599 8914.0
17659 8904.05078125
17720 8894.09082031
17772 8886.91699219
17816 8878.42480469
17868 8872.31445312
17928 8863.70019531
17972 8855.83203125
18015 8850.87695312
18075 8843.41601562
18136 8830.93359375
18196 8821.87695312
18256 8813.59863281
18316 8801.52148438
18376 8792.54785156
18436 8776.24707031
18556 8763.03222656
18603 8751.18457031
18650 8748.07910156
18685 8740.32421875
18720 8734.24609375
18781 8726.70898438
18841 8719.14257812
18901 8712.65625
18961 8701.06640625
19010 8692.47460938
19059 8684.359375
19119 8674.46875
19179 8666.41601562
19239 8659.15625
19300 8651.16308594
19360 8644.19921875
19420 8633.64648438
19480 8624.0546875
19540 8613.98144531
19600 8602.41699219
19660 8594.45996094
19720 8590.98339844
19780 8578.86230469
19841 8568.3203125
19901 8562.57714844
19961 8554.57421875
20021 8546.01757812
20081 8541.2421875
20141 8530.85546875
20201 8521.60546875
20261 8514.33300781
20321 8506.125
20382 8495.48632812
20442 8486.45800781
20502 8481.671875
20562 8472.45117188
20622 8461.03027344
20682 8450.96386719
20742 8441.54199219
20802 8434.578125
20862 8426.51074219
20923 8418.35742188
20983 8407.93457031
21043 8399.86621094
21103 8391.31835938
21163 8382.06835938
21213 8375.1015625
21262 8366.12988281
21323 8358.61425781
21383 8352.82714844
21443 8341.49023438
21503 8331.33789062
21563 8322.44335938
21623 8321.02441406
21683 8314.24511719
21743 8308.41699219
21804 8295.98242188
21864 8287.43945312
21924 8284.4296875
21959 8284.21386719
21989 8274.19433594
22044 8267.40136719
22104 8260.03515625
22164 8253.88964844
22224 8246.28125
22284 8238.97363281
22344 8231.71875
22404 8223.39257812
22440 8219.32714844
22474 8215.76757812
22534 8204.91699219
22594 8198.24414062
22654 8191.28564453
22714 8183.39453125
22774 8176.93896484
23135 8127.84765625
23195 8119.53076172
23255 8109.99121094
23315 8100.66259766
23375 8096.90136719
23435 8087.10644531
23495 8078.62353516
23556 8064.5625
23616 8061.34277344
23676 8053.3359375
23736 8046.34667969
23796 8035.92773438
23856 8029.79052734
23916 8021.48339844
23976 8016.03955078
24037 8005.38134766
24097 7997.875
24157 7992.03662109
24217 7983.12207031
24277 7973.31396484
24337 7966.4921875
24385 7958.42578125
24433 7951.421875
24493 7942.72705078
24553 7935.06298828
24613 7928.37939453
24673 7919.36230469
24733 7910.67578125
24794 7904.51220703
24854 7895.24023438
24900 7889.546875
24947 7882.52148438
25007 7872.87109375
25065 7866.04833984
25124 7857.60888672
25184 7849.42773438
25244 7844.51611328
25304 7836.79296875
25364 7827.02685547
25424 7818.93603516
25485 7808.53955078
25545 7802.26611328
25605 7793.66601562
25665 7787.08349609
25725 7777.46777344
25785 7770.41210938
25845 7762.45654297
25905 7752.63476562
25965 7742.45263672
26026 7734.7734375
26086 7727.32470703
26146 7719.85107422
26206 7711.77636719
26266 7706.23339844
26326 7699.05712891
26386 7691.05517578
26446 7686.77490234
26506 7677.69726562
26567 7667.1796875
26627 7659.14550781
26687 7651.78808594
26747 7645.00195312
26807 7637.74951172
26867 7631.41113281
26927 7625.00878906
26987 7618.20996094
27047 7608.30273438
27108 7603.17919922
27168 7598.81982422
27228 7587.74414062
27288 7579.76757812
27348 7572.49365234
27408 7567.35986328
27468 7552.61132812
27528 7545.9453125
27588 7542.17089844
27649 7539.18554688
27709 7530.88183594
27769 7525.81396484
27829 7516.53027344
27889 7509.2421875
27949 7501.08642578
28009 7495.96484375
28069 7486.46679688
28130 7484.25146484
28190 7476.796875
28250 7465.81640625
28310 7460.88574219
28370 7453.07324219
28430 7444.77685547
28490 7436.73828125
28540 7426.62451172
28589 7423.75341797
29020 7574.66113281
29081 7567.12695312
29141 7560.76611328
29201 7553.68359375
29261 7537.30371094
29321 7530.33935547
29381 7521.86621094
29441 7510.51660156
29501 7500.20556641
29561 7492.76806641
29622 7482.03320312
29682 7474.25195312
29742 7466.88037109
29802 7458.71386719
29862 7451.43017578
29922 7440.40380859
29982 7430.84277344
30042 7424.46533203
30102 7417.02539062
30162 7406.04980469
30258 7401.53271484
30293 7389.06201172
30353 7375.73046875
30413 7368.22021484
30474 7361.89306641
30534 7352.77001953
30594 7346.07177734
30654 7338.10107422
30714 7331.47216797
30774 7311.4453125
30954 7208.13574219
31015 7197.89160156
31075 7191.05126953
31135 7185.9453125
31195 7175.8359375
31255 7171.20849609
31315 7165.46191406
31375 7155.53662109
31435 7147.65722656
31495 7139.86181641
31556 7129.85449219
31616 7121.67089844
31676 7114.36279297
31736 7107.31835938
31796 7099.51269531
31976 6963.16455078
32036 6950.89013672
32097 6946.43457031
32157 6939.84765625
32217 6930.68066406
32277 6921.87060547
32337 6915.55322266
32391 6906.00634766
32420 6900.43359375
32438 6899.5234375
32479 6896.31396484
32539 6885.73046875
32600 6881.92529297
32660 6876.10107422
32720 6868.41552734
32780 6862.4296875
32819 6854.40283203
32832 6849.97119141
32848 6849.23144531
32888 6844.5
33009 6839.55908203
33069 6832.10400391
33129 6824.81689453
33189 6820.35986328
33249 6814.83105469
33309 6806.35449219
33369 6799.26367188
33429 6795.61767578
33490 6789.625
33547 6788.22167969
33601 6785.72070312
33658 6779.50488281
33718 6771.22460938
33778 6763.07226562
33829 6759.25683594
33860 6756.22119141
33901 6751.60595703
33962 6745.46972656
34022 6738.83935547
34082 6731.96582031
34142 6717.26464844
34202 6714.65136719
34262 6709.80273438
34322 6701.76269531
34382 6692.24169922
34488 6687.80371094
34548 6683.16650391
34609 6671.59033203
34659 6666.41650391
34710 6660.84179688
34745 6654.71386719
34841 6614.90771484
34901 6610.7265625
34941 6604.62792969
34981 6600.47558594
35292 6617.91455078
35352 6614.53271484
35400 6610.29101562
35448 6602.98291016
35508 6594.43798828
35568 6591.70849609
35688 6587.95898438
35748 6584.57470703
35809 6574.11865234
35989 6503.47216797
36049 6496.87011719
36109 6492.3046875
36169 6486.64892578
36229 6481.62060547
36289 6475.625
36350 6470.98583984
36410 6461.67041016
36470 6455.20703125
36530 6450.27539062
36590 6442.69433594
