0 14688.6865234
60 14651.4306641
217 14526.4833984
253 14498.2607422
314 14464.4384766
484 14353.7109375
537 14323.0634766
594 14306.5322266
650 14272.421875
710 14240.8964844
770 14213.5869141
870 14158.9189453
910 14156.9384766
970 14137.0068359
1030 14106.5585938
1210 13953.0751953
1270 13923.5302734
1390 13830.1191406
1451 13793.9208984
1511 13756.7871094
1571 13730.5957031
1673 13702.5361328
1716 13695.2539062
2017 14066.0957031
2077 14042.0976562
2118 14028.9619141
2160 14008.3642578
2220 13992.8105469
2280 13979.3398438
2340 13953.4541016
2400 13932.8886719
2461 13913.5136719
2521 13895.0400391
2581 13879.1123047
2641 13855.4960938
2701 13835.2158203
2761 13811.65625
2821 13789.0996094
2881 13772.2558594
2941 13751.6523438
3002 13729.5185547
3062 13709.7011719
3122 13690.8515625
3182 13670.0224609
3242 13647.7128906
3302 13628.1035156
3362 13608.4804688
3422 13583.7675781
3460 13573.3876953
3498 13563.4462891
3533 13558.5800781
3902 13542.0507812
3952 13537.1611328
3968 13534.6201172
3979 13530.8271484
4014 13525.9541016
4074 13511.3886719
4134 13498.5898438
4195 13487.6005859
4255 13463.4277344
4315 13437.0380859
4375 13413.0136719
4435 13395.0791016
4495 13374.9765625
4555 13370.1757812
4615 13362.2402344
4675 13357.2880859
4735 13353.5146484
4796 13343.5966797
4856 13338.8076172
4916 13330.5087891
4976 13321.1552734
5036 13309.5732422
5096 13299.2246094
5216 13216.046875
5276 13204.4521484
5457 13220.8886719
5517 13214.7128906
5565 13203.0761719
5612 13192.5751953
5673 13186.2470703
5733 13175.46875
5793 13152.6777344
5853 13122.0214844
5913 13094.3300781
5973 13069.7509766
6032 13050.1962891
6146 13039.0966797
6206 13032.2050781
6266 13027.6748047
6326 13025.6386719
6387 13014.5664062
6447 13007.7294922
6507 12992.515625
6567 12980.1455078
6627 12968.9287109
6724 12899.7119141
6755 12886.8085938
6811 12871.046875
6871 12852.4785156
6931 12835.4306641
6991 12817.5195312
7051 12806.6933594
7111 12787.5205078
7171 12769.5214844
7231 12748.6259766
7302 12730.2763672
7362 12714.5
7422 12699.4394531
7483 12684.3652344
7543 12665.4443359
7603 12647.8349609
7663 12633.0273438
7723 12619.6533203
7783 12598.4501953
7843 12582.4775391
7963 12561.5263672
8024 12540.1455078
8084 12518.8671875
8144 12506.1933594
8204 12492.1572266
8264 12471.125
8324 12454.6757812
8384 12444.6367188
8444 12423.2519531
8504 12393.4443359
8559 12388.7900391
8614 12380.8691406
8674 12361.5332031
8734 12347.9345703
8794 12340.8789062
8854 12317.6064453
9353 12633.0732422
9410 12619.9902344
9470 12601.9316406
9530 12582.7900391
9590 12569.6865234
9650 12560.2880859
9710 12537.9697266
9771 12518.5810547
9831 12504.6210938
9891 12490.6640625
9951 12473.1074219
10011 12456.5244141
10071 12442.2070312
10131 12424.3164062
10191 12409.7548828
10251 12380.3359375
10312 12368.1503906
10372 12353.7324219
10432 12337.9951172
10492 12320.7148438
10552 12301.8076172
10612 12282.0136719
10672 12261.5820312
10707 12246.6708984
10743 12240.8515625
10803 12226.1083984
10863 12217.390625
10923 12197.328125
10983 12181.9228516
11043 12164.4121094
11104 12147.90625
11164 12131.1367188
11224 12115.2890625
11284 12098.953125
11344 12082.5644531
11404 12065.34375
11464 12043.7763672
11524 12030.4052734
11584 12016.8925781
11645 12000.7480469
11705 11982.7851562
11765 11962.6552734
11825 11942.5966797
11885 11925.7158203
11945 11909.4023438
12005 11893.8388672
12065 11876.4199219
12125 11864.0820312
12186 11847.6708984
12246 11824.3681641
12306 11806.8271484
12363 11793.1474609
12421 11783.3808594
12481 11768.0722656
12541 11748.8876953
12601 11730.6269531
12661 11710.3251953
12721 11696.7929688
12769 11684.8447266
12791 11679.1787109
12807 11675.1787109
12848 11666.5126953
12908 11644.2978516
12968 11618.6230469
13029 11601.1884766
13089 11585.1132812
13149 11572.6640625
13209 11558.0380859
13269 11545.5068359
13329 11526.9814453
13389 11502.7880859
13449 11485.3193359
13509 11473.0898438
13570 11453.6455078
13630 11441.1982422
13690 11430.6210938
13750 11411.9619141
13870 11394.7958984
13930 11370.2333984
13990 11349.8242188
14051 11330.2490234
14111 11312.109375
14171 11304.5927734
14291 11287.3613281
14351 11272.7675781
14407 11257.5019531
14463 11241.2558594
14523 11220.6455078
14584 11204.7626953
14644 11180.8896484
14704 11178.8154297
14764 11162.1923828
15145 11557.1435547
15180 11547.1542969
15241 11531.9785156
15301 11512.4873047
15361 11501.6425781
15421 11487.9873047
15473 11476.5410156
15525 11460.5253906
15564 11453.9404297
15604 11446.8828125
15664 11432.5927734
15724 11415.3154297
15784 11402.7607422
15844 11385.4267578
15904 11372.4912109
15964 11360.0371094
16025 11347.3486328
16085 11334.5576172
16145 11320.2900391
16205 11309.7900391
16265 11291.3447266
16325 11273.8857422
16385 11261.2685547
16445 11249.9404297
16505 11237.0253906
16566 11226.0351562
16615 11213.8164062
16646 11209.7597656
16678 11198.8369141
16714 11190.8085938
16760 11178.0175781
16796 11171.3779297
16831 11164.0009766
16873 11156.7929688
16916 11147.1318359
16976 11132.7470703
17036 11117.8818359
17096 11105.5830078
17156 11092.8349609
17216 11081.3310547
17276 11067.3955078
17336 11054.6767578
17397 11041.5175781
17457 11029.8066406
17517 11011.8007812
17552 11007.1152344
17586 10998.3916016
17644 10984.5244141
17704 10970.8994141
17764 10957.5117188
17824 10944.3886719
17884 10934.1201172
17944 10921.8642578
18004 10907.2744141
18065 10892.9921875
18125 10880.2617188
18185 10864.3808594
18245 10849.1953125
18305 10840.4892578
18365 10824.7763672
18400 10822.3662109
18430 10815.546875
18485 10800.0292969
18521 10795.7080078
18556 10788.0087891
18617 10776.0927734
18677 10760.9902344
18737 10746.7675781
18797 10734.5097656
18857 10721.3212891
18917 10710.4833984
18977 10699.2568359
19037 10685.6025391
19097 10672.6640625
19157 10659.5078125
19218 10647.6015625
19278 10634.5009766
19338 10618.9130859
19391 10613.671875
19443 10602.2724609
19502 10589.1855469
19562 10581.015625
19622 10570.3066406
19682 10555.3222656
19742 10541.8007812
19802 10531.9453125
19862 10520.0205078
19922 10507.078125
19983 10493.7958984
20043 10480.4277344
20103 10469.9492188
20163 10455.0341797
20223 10444.2705078
20283 10432.2060547
20343 10419.8662109
20403 10407.5478516
20463 10391.2089844
20523 10379.5361328
20584 10368.9433594
20644 10356.6748047
20704 10352.0439453
20764 10337.3476562
20824 10320.9130859
20884 10312.0927734
20944 10302.0146484
20997 10291.1308594
21049 10279.3896484
21109 10267.5839844
21169 10254.8408203
21230 10244.3779297
21290 10233.8808594
21350 10218.3662109
21410 10205.0996094
21470 10193.7148438
21530 10181.5498047
21590 10169.0302734
21650 10159.3583984
21710 10148.2949219
21771 10137.4355469
21831 10125.6787109
21891 10113.1992188
21951 10098.7900391
22011 10087.1777344
22071 10080.0693359
22131 10066.7001953
22191 10054.4462891
22252 10041.6777344
22312 10029.7832031
22372 10017.3808594
22432 10009.3710938
22492 9999.1640625
22552 9984.15625
22612 9962.94628906
22672 9957.2734375
22732 9948.390625
22792 9939.35351562
22853 9932.2421875
22913 9915.45410156
22973 9906.97753906
23033 9889.23535156
23093 9884.89160156
23153 9875.90136719
23213 9858.93847656
23273 9847.43847656
23333 9836.99511719
23394 9823.5
23454 9805.93359375
23503 9801.86132812
23553 9791.06738281
23614 9781.77832031
23674 9770.7421875
23734 9761.06640625
23773 9753.78125
23812 9745.62597656
23847 9735.66503906
23882 9728.49609375
23943 9718.88574219
24003 9711.36132812
24063 9696.75683594
24123 9683.34960938
24183 9673.25097656
24243 9661.88964844
24303 9650.34960938
24363 9639.5078125
24424 9628.54199219
24484 9618.94042969
24544 9609.59765625
24579 9604.546875
24590 9602.96289062
24625 9595.64355469
24685 9584.9453125
24745 9571.82128906
24805 9559.93261719
24866 9548.8984375
24926 9537.44921875
24986 9526.52832031
25046 9513.78125
25106 9500.8984375
25166 9491.24511719
25226 9482.4375
25286 9469.04492188
25325 9459.96972656
25363 9453.91113281
25424 9442.68359375
25484 9428.328125
25544 9419.87988281
25604 9414.8359375
25664 9401.8984375
25724 9390.9296875
25784 9382.21386719
25844 9372.78027344
25905 9358.84960938
25965 9345.77929688
26007 9336.88671875
26050 9329.58007812
26110 9318.95800781
26495 8989.25
26555 8981.73046875
26856 8989.15527344
26916 8981.44433594
26976 8971.55957031
27036 8965.36035156
27096 8955.68359375
27156 8942.36328125
27216 8933.67089844
27277 8925.14453125
27337 8913.60839844
27397 8902.09765625
27457 8894.12792969
27517 8887.65039062
27577 8874.95703125
27637 8867.14160156
27697 8858.50585938
27757 8849.69433594
27817 8841.15039062
27877 8829.90722656
27938 8821.88671875
27998 8809.04589844
28058 8798.8125
28118 8790.37695312
28178 8781.8515625
28238 8773.44335938
28298 8763.9375
28358 8755.2265625
28418 8739.640625
28479 8733.99023438
28539 8724.1640625
28599 8714.3984375
28659 8706.08691406
28719 8696.890625
28779 8690.90234375
28839 8678.7890625
28899 8672.41601562
28959 8660.36132812
29080 8649.33984375
29140 8640.85253906
29200 8630.45214844
29259 8622.21875
29317 8613.1640625
29376 8604.22167969
29888 8753.51855469
29948 8744.02441406
30008 8737.80273438
30068 8725.18261719
30128 8715.05078125
30188 8704.57519531
30248 8694.53320312
30308 8687.91796875
30369 8679.05175781
30429 8668.86816406
30489 8657.52832031
30549 8647.7734375
30609 8636.61621094
30669 8625.52441406
30729 8619.23339844
30767 8612.44921875
30802 8609.0625
30861 8597.55761719
30921 8589.58789062
30981 8580.87695312
31041 8574.40234375
31101 8560.17675781
31161 8547.45703125
31221 8538.875
31281 8530.86132812
31342 8522.13476562
31402 8514.93066406
31462 8507.05664062
31522 8500.19628906
31582 8487.10253906
31642 8476.56835938
31702 8468.05175781
31762 8459.44433594
31823 8453.375
31883 8442.15625
31943 8435.40625
32003 8433.39550781
32063 8423.64550781
32123 8411.41699219
32164 8408.24804688
32204 8402.39257812
32264 8395.72460938
32324 8387.54882812
32384 8377.07324219
32444 8365.51757812
32504 8356.16699219
32564 8352.23144531
32625 8340.22363281
32685 8330.94335938
32725 8326.0703125
32765 8321.29394531
32826 8312.83789062
32886 8306.0703125
32925 8298.85058594
32964 8294.85644531
33024 8289.18847656
33084 8279.2734375
33144 8271.2109375
33204 8262.00488281
33264 8254.63183594
33324 8248.74804688
33384 8238.82128906
33445 8230.765625
33505 8221.95410156
33565 8211.54199219
33625 8203.82910156
33685 8196.16503906
33745 8188.57714844
33805 8175.52880859
33865 8172.56396484
33925 8163.26171875
33986 8156.25
34046 8147.81835938
34346 8111.34375
34406 8101.44677734
34466 8092.70361328
34527 8086.28222656
34577 8081.11865234
34627 8072.48681641
34687 8061.48730469
34747 8054.4375
34807 8045.87646484
34867 8039.09130859
34928 8029.05224609
34988 8021.41992188
35048 8015.79736328
35108 8008.89160156
35168 7996.89599609
35228 7991.60595703
35288 7983.11328125
35348 7975.51269531
35408 7965.71142578
35469 7956.3984375
35529 7948.42773438
35589 7939.62841797
35649 7926.99707031
35709 7926.03417969
35769 7916.32519531
35829 7908.38916016
35889 7901.20068359
35949 7893.71630859
36010 7886.72265625
36070 7880.81884766
36130 7872.42675781
36190 7865.7109375
36250 7858.83349609
36294 7850.78125
36338 7846.42382812
36398 7838.51269531
36458 7831.03417969
36519 7822.44287109
36579 7814.91748047
36639 7809.80859375
36699 7802.08105469
36759 7792.69482422
36819 7784.10546875
36879 7777.61279297
36939 7769.12207031
36999 7760.89892578
37059 7753.578125
37120 7747.43896484
37180 7738.68115234
37240 7732.52783203
37300 7726.16601562
37360 7715.17529297
37420 7706.86376953
37480 7700.38378906
37540 7693.890625
37600 7685.03417969
37661 7675.40576172
37721 7667.52490234
37781 7658.67773438
37841 7654.97021484
37901 7647.17236328
37961 7640.12304688
38021 7632.32861328
38081 7623.68066406
38142 7613.63574219
38202 7606.25244141
38262 7600.14208984
38322 7591.69091797
38382 7584.29492188
38442 7577.8125
38502 7570.72167969
38537 7565.60107422
38548 7565.16943359
38558 7562.63183594
38568 7561.81542969
38603 7558.47900391
38663 7551.31201172
38724 7543.82470703
38784 7536.01513672
38844 7528.89453125
38904 7522.40771484
38964 7515.6875
39024 7505.65478516
39084 7498.12744141
39144 7491.97265625
39204 7486.82958984
39265 7478.74072266
39325 7470.62304688
39367 7468.99121094
39410 7462.61572266
39470 7455.70898438
39530 7447.57763672
39590 7439.81445312
39650 7433.23388672
39710 7425.09179688
39771 7417.70654297
39831 7409.38525391
39891 7404.64257812
39951 7397.5859375
40011 7389.07324219
40047 7384.43115234
40084 7379.87939453
40144 7370.23779297
40204 7363.47216797
40264 7357.85498047
40324 7349.61279297
40384 7345.47412109
40445 7335.546875
40505 7322.03613281
40565 7315.90234375
40625 7305.80078125
40685 7300.53271484
40745 7290.88134766
40805 7282.26416016
40865 7274.26318359
40925 7267.08984375
40985 7258.68017578
41106 7149.08154297
41226 7034.63427734
41286 7026.98095703
41346 7018.96582031
41587 7012.40917969
41647 7004.70996094
41707 7003.01416016
41767 6995.83349609
41827 6985.21923828
41887 6979.17724609
41947 6973.59863281
42007 6966.03271484
42068 6957.55126953
42128 6953.96484375
42188 6947.0546875
42248 6937.31396484
42308 6930.01513672
42368 6920.87988281
42428 6915.67041016
42488 6909.68066406
42549 6901.54785156
42602 6895.48583984
42657 6889.15283203
42717 6883.92724609
42777 6876.78271484
42837 6867.29150391
42897 6861.36035156
42957 6853.37890625
43017 6849.48144531
43078 6842.77441406
43138 6836.45751953
43198 6830.02148438
43258 6825.57080078
43318 6815.07470703
43378 6807.86376953
43438 6801.33691406
43498 6796.01757812
43558 6787.48583984
43619 6779.60351562
43679 6773.48242188
43739 6767.78320312
43799 6760.76806641
43859 6753.52734375
43919 6747.00537109
43979 6741.01220703
44039 6737.64794922
44099 6729.40625
44160 6721.42236328
44220 6715.84423828
44280 6708.70019531
44340 6701.32958984
44400 6693.77050781
44460 6686.75195312
44520 6680.39599609
44580 6674.21728516
44640 6668.26953125
44701 6662.35449219
44761 6653.2421875
44821 6644.90429688
44881 6638.52001953
44941 6632.07958984
45001 6625.19775391
45061 6620.64501953
45121 6613.05810547
45181 6607.91699219
45242 6600.68701172
45302 6593.54101562
45362 6587.26806641
45422 6576.54785156
45482 6572.67236328
45542 6567.92431641
45602 6560.85498047
45662 6555.71240234
45722 6550.43457031
45783 6544.66796875
45843 6538.69677734
45903 6530.70361328
45963 6523.06005859
46000 6517.47216797
46033 6515.94433594
46089 6509.45703125
46149 6504.41210938
46209 6498.75927734
46269 6492.82714844
46329 6487.28808594
46390 6481.12890625
46450 6473.82275391
46510 6466.98242188
46570 6462.56201172
46630 6454.24902344
46690 6446.14697266
46750 6440.11523438
46795 6433.33642578
46838 6429.86572266
46897 6424.79296875
46956 6420.56152344
47015 6413.66845703
47076 6407.36669922
47136 6399.69433594
47196 6395.59912109
47256 6388.56591797
47316 6385.57763672
47376 6378.05517578
47416 6372.48632812
47456 6368.953125
47517 6362.4453125
47577 6355.87158203
47637 6349.36035156
47697 6341.82324219
47757 6332.65283203
47817 6328.64746094
