0 14635.1748047
249 14525.9511719
309 14500.8916016
369 14476.3310547
429 14456.3085938
488 14437.2578125
547 14416.0380859
607 14391.2958984
667 14367.8554688
727 14344.2011719
788 14318.6455078
847 14294.1845703
905 14270.0341797
940 14255.3662109
976 14242.5898438
1036 14225.1123047
1096 14197.9072266
1156 14173.3388672
1216 14149.6474609
1276 14133.8632812
1354 14055.8183594
1411 14031.1376953
1446 14013.8125
1482 14004.2734375
1542 13973.8671875
1602 13945.1113281
1662 13924.7216797
1706 13902.6679688
1751 13874.9306641
1811 13845.9785156
1872 13827.6523438
1932 13809.7021484
1992 13778.8496094
2027 13776.8974609
2062 13763.9121094
2122 13736.5664062
2182 13719.2636719
2243 13682.2255859
2303 13664.0302734
2363 13636.3847656
2412 13620.3291016
2462 13592.3701172
2522 13554.6435547
2582 13541.9199219
2642 13524.6230469
2702 13487.828125
2763 13469.6962891
2823 13450.4726562
2883 13423.5458984
2943 13392.4921875
2983 13369.8447266
3023 13364.3066406
3058 13356.3535156
3094 13341.875
3154 13314.5214844
3214 13297.6025391
3274 13275.0576172
3334 13251.9355469
3394 13229.0908203
3454 13214.5488281
3515 13193.6171875
3575 13174.9570312
3635 13156.5
3695 13129.1113281
3730 13120.640625
3766 13102.6337891
3826 13076.8623047
3886 13045.6787109
4006 13017.3828125
4066 12983.9824219
4126 12980.0957031
4186 12944.3173828
4247 12933.6962891
4307 12916.4716797
4342 12898.9716797
4412 12839.9375
4447 12836.3076172
4508 12805.1933594
4568 12797.375
4628 12776.3720703
4688 12747.2324219
4802 12736.9345703
4916 12665.9023438
4976 12637.9521484
5071 12617.6904297
5107 12610.4267578
5167 12585.6582031
5227 12562.46875
5287 12536.9130859
5407 12507.7001953
5528 12429.5498047
5648 12411.2421875
5708 12390.9462891
5828 12320.4160156
5888 12292.1142578
5948 12272.9121094
6068 12250.7197266
6129 12213.0859375
6180 12187.1630859
6231 12155.9951172
6291 12131.4384766
6351 12119.5722656
6472 12104.2197266
6532 12070.0957031
6592 12040.7753906
6652 12025.5419922
6712 11997.6513672
6772 11961.2333984
6832 11956.8037109
7354 12861.234375
7414 12841.9238281
7474 12821.3828125
7535 12806.9990234
7595 12794.4580078
7646 12774.5869141
7697 12765.2392578
7758 12753.5683594
7818 12732.125
7878 12709.5732422
7938 12699.953125
7998 12682.6464844
8058 12671.9736328
8118 12647.3212891
8178 12629.2802734
8214 12623.5546875
8250 12613.6308594
8286 12604.7822266
8321 12593.9238281
8381 12583.2636719
8441 12565.3896484
8501 12546.859375
8561 12534.5673828
8621 12521.5546875
8681 12502.6455078
8742 12486.3876953
8802 12473.1503906
8862 12459.6542969
8922 12447.1152344
8982 12430.2988281
9042 12415.0664062
9102 12399.5371094
9162 12381.7548828
9222 12363.7695312
9283 12351.25
9343 12337.2763672
9403 12322.2998047
9463 12305.3828125
9523 12281.1298828
9583 12268.3408203
9643 12255.8535156
9703 12240.84375
9763 12224.5039062
9824 12210.2363281
9868 12200.1210938
9913 12190.6894531
9974 12173.1367188
10034 12159.2001953
10092 12142.2490234
10151 12128.5380859
10186 12122.5019531
10222 12116.7363281
10270 12104.0947266
10319 12090.2314453
10354 12082.7539062
10390 12070.7236328
10444 12061.0742188
10499 12047.9755859
10534 12035.5830078
10569 12025.9570312
10630 12009.9882812
10690 12008.4746094
10750 11991.8408203
11085 11945.0332031
11120 11936.3339844
11155 11929.3134766
11215 11918.8212891
11275 11905.3164062
11335 11888.3525391
11395 11872.9541016
11456 11857.8710938
11516 11847.1425781
11576 11831.3964844
11636 11820.7041016
11696 11809.0712891
11756 11793.8486328
11816 11780.1796875
11876 11765.6865234
11936 11753.3203125
11997 11741.8779297
12057 11728.8691406
12106 11715.6289062
12156 11705.609375
12216 11692.7880859
12254 11684.890625
12291 11677.4980469
12351 11663.2539062
12411 11650.9199219
12471 11636.9726562
12531 11624.3701172
12591 11612.2607422
12652 11596.75
12712 11586.0
12772 11572.7939453
12832 11561.4111328
12892 11544.9882812
12952 11529.5292969
13012 11520.2246094
13072 11507.484375
13132 11493.8798828
13193 11478.8984375
13253 11463.1357422
13313 11450.1894531
13373 11437.8720703
13433 11426.1425781
13493 11415.9267578
13553 11402.1572266
13613 11389.5351562
13673 11373.8017578
13734 11366.1152344
13794 11354.484375
13854 11341.0644531
13914 11325.4208984
13974 11314.9052734
14034 11301.8310547
14094 11288.5371094
14154 11275.4248047
14214 11263.875
14275 11249.8222656
14333 11236.1367188
14391 11226.1591797
14427 11219.4501953
14464 11211.8193359
14516 11204.0703125
15049 11381.9990234
15109 11368.0361328
15169 11358.2919922
15230 11340.0292969
15290 11325.7333984
15350 11312.234375
15410 11299.5283203
15470 11286.7617188
15530 11273.9960938
15590 11260.9570312
15632 11248.6777344
15654 11244.0537109
15696 11232.4013672
15756 11222.8769531
15816 11210.3291016
15876 11194.5478516
15936 11182.0751953
15996 11169.7910156
16057 11159.4755859
16117 11145.6152344
16177 11132.0859375
16218 11126.6523438
16259 11117.7773438
16306 11108.7568359
16352 11097.1367188
16412 11084.5166016
16472 11071.2119141
16532 11056.5800781
16592 11045.5195312
16652 11032.0966797
16702 11019.6064453
16752 11009.0253906
16787 11002.9794922
16822 10992.2080078
16882 10966.3105469
16942 10938.9482422
17002 10926.5703125
17062 10912.6201172
17105 10901.7988281
17147 10890.9121094
17183 10881.1181641
17218 10872.5576172
17267 10862.8251953
17316 10854.9599609
17351 10847.71875
17386 10839.0537109
17446 10826.2929688
17506 10811.8232422
17566 10798.9824219
17626 10785.0664062
17687 10770.7519531
17747 10758.9785156
17782 10750.4599609
17817 10741.3896484
17877 10727.6162109
17938 10716.7529297
17998 10705.1113281
18058 10689.8027344
18118 10676.4472656
18178 10660.6298828
18238 10648.7841797
18298 10636.6337891
18358 10623.2460938
18418 10607.3447266
18479 10597.9433594
18539 10585.2783203
18599 10571.2890625
18659 10559.9199219
18719 10546.0771484
18779 10529.8583984
18839 10523.4951172
18899 10510.2001953
19020 10483.3916016
19080 10477.0615234
19140 10464.1484375
19200 10450.9804688
19260 10447.2207031
19320 10437.1875
19380 10423.5039062
19440 10414.7734375
19501 10403.9335938
19561 10387.0761719
19621 10383.6708984
19681 10369.3369141
19741 10355.375
19801 10335.4511719
19861 10326.7841797
19981 10307.1425781
20042 10287.5966797
20102 10272.7871094
20162 10263.3427734
20197 10258.8320312
20232 10250.8105469
20292 10230.6845703
20353 10229.8808594
20413 10215.6572266
20473 10202.1064453
20593 10187.2333984
20653 10171.5566406
20713 10164.2314453
20773 10145.4443359
20833 10137.859375
20894 10132.5722656
20954 10118.0146484
21014 10106.9882812
21074 10088.3037109
21134 10083.6416016
21186 10071.0175781
21238 10068.8994141
21274 10059.9423828
21309 10054.9316406
21369 10042.8789062
21429 10037.9658203
21489 10028.296875
21549 10015.1425781
21609 10006.9716797
21670 9997.15136719
21730 9990.26074219
21790 9976.08789062
21850 9960.3828125
21910 9949.57128906
21970 9938.98046875
22030 9931.19335938
22281 9584.84960938
22341 9565.64746094
22401 9555.92773438
22462 9545.72851562
22522 9529.67285156
22582 9519.765625
22642 9518.51367188
22702 9506.33984375
22762 9497.47265625
22822 9487.22949219
22882 9473.34179688
22942 9461.50292969
23003 9452.56835938
23063 9442.40332031
23123 9432.8359375
23183 9418.55175781
23243 9413.0859375
23303 9402.65917969
23363 9390.06542969
23423 9377.27734375
23483 9365.93652344
23544 9356.71582031
23604 9345.09765625
23664 9337.70507812
23724 9331.68945312
23784 9320.96972656
23844 9312.07519531
23904 9301.12597656
23964 9288.55859375
24024 9280.22363281
24085 9271.02636719
24145 9260.95703125
24189 9256.9375
24232 9245.64257812
24293 9236.55761719
24353 9228.91308594
24413 9221.82128906
24473 9213.04199219
24533 9202.55175781
24593 9192.22460938
24653 9180.79980469
24713 9169.65136719
24774 9157.40429688
24834 9146.15625
24954 9142.06054688
25014 9129.95410156
25074 9122.96289062
25134 9107.33203125
25194 9100.05078125
25315 9092.83691406
25375 9089.91015625
25435 9085.75292969
25555 9032.63964844
25615 9027.44238281
25675 9020.89453125
25735 9002.2265625
25795 8999.78027344
25856 8989.82519531
25916 8982.85449219
25976 8976.65234375
26036 8962.7734375
26096 8958.29492188
26156 8951.15332031
26216 8944.28710938
26276 8932.03515625
26337 8918.93261719
26397 8912.29101562
26457 8907.63378906
26517 8901.90625
26577 8891.94921875
26637 8880.71191406
26697 8876.140625
26757 8872.72363281
26817 8860.73925781
26874 8851.46679688
26931 8842.64257812
26991 8834.46582031
27051 8823.00976562
27111 8813.8828125
27171 8802.33984375
27231 8794.71679688
27292 8785.5625
27352 8774.3984375
27412 8765.83300781
27472 8759.33886719
27532 8752.61914062
27592 8741.01660156
27652 8732.46972656
27712 8720.99511719
27772 8711.40234375
27832 8701.94824219
27893 8692.75390625
27953 8684.69824219
28013 8674.40234375
28073 8666.34472656
28133 8661.13183594
28193 8649.90039062
28253 8642.76660156
28313 8634.15429688
28374 8625.46484375
28434 8615.83789062
28494 8609.09179688
28554 8594.59179688
28614 8585.38964844
28674 8579.96386719
29035 8606.74902344
29456 8772.83300781
29516 8764.34765625
29576 8755.28710938
29636 8744.49609375
29696 8734.64648438
29756 8724.61523438
29816 8713.65234375
29876 8705.27929688
29937 8695.35742188
29997 8689.90429688
30057 8677.15625
30117 8664.93945312
30177 8657.7578125
30237 8650.91894531
30297 8638.93066406
30357 8628.28320312
30417 8620.3046875
30478 8614.23144531
30538 8604.2578125
30598 8593.0625
30658 8583.546875
30718 8574.48046875
30778 8565.57519531
30838 8554.56542969
30898 8544.47558594
30958 8538.08984375
31019 8530.79980469
31079 8520.46386719
31139 8507.51367188
31199 8499.88378906
31259 8490.12011719
31319 8478.64746094
31379 8470.81640625
31439 8465.55371094
31499 8457.55859375
31560 8447.62988281
31620 8438.97949219
31680 8429.47753906
31740 8419.87890625
31800 8411.21386719
31860 8402.91992188
31920 8396.36914062
31980 8390.94335938
32017 8387.0859375
32053 8377.00390625
32114 8365.15722656
32174 8356.61523438
32234 8348.9765625
32294 8339.30957031
32354 8329.20800781
32414 8316.36914062
32474 8314.03808594
32534 8306.27050781
32594 8296.4140625
32655 8286.60546875
32715 8278.25390625
32775 8267.35742188
32835 8258.54003906
32895 8248.21484375
32955 8240.76367188
33015 8231.66015625
33075 8224.28613281
33136 8220.84960938
33196 8207.97460938
33256 8196.23535156
33316 8188.89941406
33376 8177.95410156
33436 8171.22900391
33496 8162.24267578
33556 8153.28369141
33616 8144.49658203
33677 8136.94482422
33737 8126.56835938
33797 8115.57373047
33857 8107.11669922
33917 8099.58496094
33977 8093.88330078
34037 8093.01513672
34097 8085.52246094
34157 8076.42871094
34218 8068.80371094
34278 8060.61914062
34338 8053.03662109
34398 8045.95849609
34458 8037.67773438
34518 8028.16162109
34578 8018.99316406
34638 8011.71826172
34698 8003.86328125
34758 7995.76806641
34819 7989.54492188
34879 7982.8671875
34939 7973.98583984
34999 7966.98583984
35059 7960.07666016
35119 7950.68896484
35179 7941.20410156
35239 7931.39990234
35300 7925.15820312
35360 7918.64599609
35420 7910.70214844
35480 7901.81591797
35520 7894.47363281
35561 7889.28271484
35621 7881.95898438
35681 7874.36572266
35742 7866.68457031
35802 7857.89599609
35862 7850.63769531
35922 7843.07226562
35982 7834.88769531
36042 7826.69091797
36102 7817.87695312
36162 7808.78173828
36222 7799.8828125
36403 7777.29541016
36463 7771.36181641
36523 7762.12988281
36583 7753.58496094
36643 7744.39746094
36703 7737.62744141
36764 7730.45654297
36824 7721.42138672
36884 7713.64453125
36944 7706.77001953
37004 7698.54736328
37064 7690.84667969
37124 7683.7421875
37184 7676.59667969
37244 7667.94140625
37302 7660.89355469
37342 7655.42041016
37383 7652.51220703
37443 7644.26708984
37503 7637.32763672
37564 7626.74365234
37624 7619.94628906
37684 7610.63818359
37744 7603.23486328
37804 7594.23730469
37864 7584.328125
37924 7577.23242188
37978 7570.92724609
38007 7567.41357422
38024 7564.24560547
38065 7556.59326172
38185 7436.11474609
38245 7426.85058594
38305 7419.57275391
38592 7399.31542969
38653 7390.92578125
38713 7383.0546875
38773 7376.07421875
38833 7367.64355469
38893 7361.65478516
38953 7354.96240234
39013 7347.54882812
39073 7339.91015625
39133 7333.55224609
39194 7325.56835938
39254 7316.375
39314 7309.54980469
39374 7302.96289062
39434 7294.36425781
39494 7286.75439453
39554 7280.31298828
39614 7272.77880859
39674 7264.56787109
39735 7256.38378906
39795 7250.39697266
39855 7241.56640625
39915 7233.59326172
39951 7232.23730469
39988 7227.99804688
40048 7219.07226562
40108 7210.62841797
40168 7204.70800781
40228 7196.39892578
40289 7189.60253906
40349 7181.29541016
40409 7172.90136719
40469 7165.81884766
40529 7159.02148438
40589 7149.89306641
40649 7142.92919922
40709 7134.61279297
40769 7130.609375
40830 7123.59765625
40890 7114.53417969
40950 7105.95263672
41010 7098.25732422
41070 7092.02246094
41130 7085.07714844
41190 7075.23828125
41250 7068.05566406
41311 7061.11279297
41371 7054.90332031
41431 7048.81542969
41491 7040.00878906
41551 7031.27978516
41611 7024.13476562
41731 6954.20849609
41791 6941.87207031
41852 6928.26806641
41959 6836.27734375
41995 6830.59375
42056 6822.85498047
42116 6814.87060547
42176 6805.53466797
42236 6800.54589844
42296 6791.70458984
42356 6784.93896484
42416 6777.96875
42476 6771.76416016
42537 6764.50244141
42597 6757.03955078
42657 6748.09716797
42717 6742.59228516
42777 6731.74658203
42837 6723.39111328
42897 6716.29101562
42957 6707.29589844
43059 6705.51513672
43119 6702.77392578
43179 6696.11474609
43239 6693.51904297
43299 6686.66601562
43360 6678.23291016
43420 6668.74511719
43480 6662.21191406
43540 6652.81542969
43600 6651.95410156
43660 6641.53369141
43720 6633.59228516
43780 6628.29443359
43840 6620.13085938
43901 6612.04443359
43961 6607.8515625
44021 6601.19921875
44081 6595.17822266
44141 6588.63867188
44201 6581.65332031
44261 6575.57714844
44321 6568.12158203
44382 6563.83154297
44442 6554.75927734
44502 6549.78076172
44562 6542.88427734
44622 6537.06396484
44682 6528.93994141
44742 6518.77148438
44802 6512.99609375
44862 6508.36328125
44923 6502.10107422
44983 6495.81005859
45043 6487.82080078
45103 6482.07470703
45163 6473.91064453
45223 6469.07519531
45283 6462.27832031
45343 6455.12890625
45403 6447.25732422
45464 6442.85400391
45524 6434.65527344
45568 6429.24560547
45612 6427.53076172
45673 6420.42675781
45733 6414.22412109
45793 6407.65869141
45853 6402.50146484
45913 6394.71728516
45973 6385.72607422
46033 6379.47363281
46093 6372.65673828
46154 6368.40820312
46214 6361.27294922
46274 6356.25976562
46334 6351.42919922
46394 6343.80566406
46454 6336.96240234
46514 6329.10693359
46574 6322.20068359
46625 6319.07177734
46677 6314.38769531
46712 6313.22558594
46747 6306.4453125
46784 6303.62597656
46819 6299.24316406
46851 6296.33105469
46887 6289.96240234
46947 6285.26416016
47007 6278.89501953
47127 6278.81982422
47187 6271.47802734
47247 6266.25488281
47307 6259.71386719
47368 6252.04443359
47428 6245.49511719
47488 6238.84667969
47548 6231.30810547
47608 6230.30419922
47668 6223.74072266
47728 6219.09667969
47788 6211.26123047
47848 6203.84326172
47909 6201.47509766
47969 6196.41357422
48029 6189.14208984
48089 6182.125
48149 6173.25097656
48209 6166.81445312
48269 6159.03613281
48329 6152.09619141
48389 6149.79248047
48450 6143.52099609
48510 6134.48779297
48570 6129.60205078
48630 6125.80322266
48690 6118.32910156
48750 6109.70410156
48810 6104.64355469
48870 6098.07763672
48930 6090.62744141
48991 6085.44628906
49051 6077.79785156
49111 6072.70263672
49171 6064.55859375
49231 6059.57958984
49291 6053.89648438
49351 6047.42041016
49411 6042.3515625
49471 6037.19628906
49532 6028.76318359
49592 6020.87304688
49652 6013.98144531
49712 6011.51123047
49772 6005.4375
49832 5999.40136719
49892 5992.12988281
49952 5986.77490234
50012 5981.92236328
50073 5973.015625
50133 5969.16503906
50193 5964.24169922
50253 5958.86230469
50313 5952.95800781
50367 5944.79492188
50398 5940.27392578
50416 5936.95654297
50457 5936.14257812
50517 5931.18457031
50577 5922.50878906
50638 5916.96484375
50698 5913.35009766
50758 5908.0546875
50818 5900.60742188
50878 5894.92773438
50938 5888.96240234
50998 5883.01513672
51058 5879.20800781
51118 5873.12841797
51179 5864.30419922
51239 5857.95605469
51299 5854.99853516
51359 5850.77246094
51419 5844.77832031
51479 5840.26416016
51539 5832.71386719
51599 5829.15527344
51660 5821.6171875
51720 5814.69042969
51780 5808.20458984
51815 5805.08349609
51851 5800.22021484
51911 5792.33300781
51971 5785.08203125
52031 5780.71142578
52091 5774.49707031
52151 5769.40283203
52212 5763.12890625
52272 5756.93017578
52332 5750.62255859
52392 5744.00488281
52452 5738.58544922
52512 5737.17919922
52572 5730.40283203
52632 5723.72998047
52692 5714.73925781
52753 5707.24365234
52813 5702.74267578
52873 5698.05322266
52933 5694.73779297
52990 5688.51806641
53048 5682.29638672
53108 5677.20361328
53168 5668.01806641
53289 5674.90087891
53349 5671.61865234
53409 5665.75537109
53469 5661.45947266
53529 5655.17480469
53589 5651.39013672
53649 5642.43945312
53769 5633.13525391
53808 5629.41308594
53846 5625.19775391
53887 5620.57470703
53928 5617.95654297
53988 5610.06152344
54048 5608.43457031
54108 5604.88525391
54168 5595.84375
54228 5586.13330078
54288 5581.5546875
54349 5578.95898438
54409 5576.92041016
54469 5570.88867188
54529 5563.03808594
54564 5560.30078125
54596 5558.05810547
54654 5554.39111328
54714 5550.86132812
54774 5546.86572266
54834 5541.43066406
54894 5536.97021484
54951 5533.18457031
55008 5525.92773438
55068 5519.38378906
55128 5513.83105469
55189 5508.65185547
55249 5503.89013672
55309 5500.2890625
55369 5495.50683594
55429 5490.77490234
55489 5484.91796875
55549 5481.98339844
55609 5475.11181641
55670 5470.25683594
55730 5464.99462891
55790 5460.69384766
55850 5456.00537109
55910 5450.93359375
55970 5447.40429688
56030 5441.57226562
56069 5437.53564453
56107 5434.04833984
56148 5432.15820312
56190 5428.734375
56226 5422.82861328
56263 5419.42871094
56323 5415.0234375
56383 5410.66601562
56443 5404.41308594
56503 5399.33300781
56563 5397.92919922
56623 5392.09326172
56684 5387.92041016
56744 5384.3984375
56804 5381.23144531
56864 5376.33007812
56924 5371.22412109
56984 5366.89648438
57044 5360.92431641
57104 5356.13476562
57164 5352.66796875
57225 5346.78808594
57285 5342.23730469
57345 5337.33496094
57405 5332.43554688
57465 5328.48925781
57525 5322.72119141
57585 5318.20361328
57645 5314.34570312
57705 5309.34521484
