0 14310.2529297
160 14171.8369141
199 14150.3398438
424 14015.1298828
464 13988.0566406
509 13964.5146484
569 13942.4882812
629 13916.9072266
689 13910.0351562
809 13843.7509766
869 13841.6279297
930 13816.2792969
1110 13674.71875
1230 13649.9394531
1350 13554.2470703
1471 13495.2939453
1531 13478.6855469
1570 13459.1816406
1610 13449.5263672
1671 13427.1337891
1731 13399.7099609
1791 13372.703125
1851 13350.7314453
1911 13332.3027344
1971 13321.0878906
2031 13292.5527344
2091 13271.7763672
2187 13227.6064453
2248 13199.75
2308 13183.7744141
2368 13166.9013672
2428 13141.5380859
2488 13130.6923828
2548 13115.765625
2608 13089.2109375
2668 13061.7138672
2729 13032.3486328
2849 12966.9091797
2909 12951.7861328
2969 12939.8525391
3029 12924.3232422
3089 12895.2216797
3149 12871.7587891
3209 12850.9287109
3270 12829.1542969
3330 12809.65625
3390 12785.5224609
3442 12757.3945312
3494 12735.2421875
3554 12706.7578125
3589 12683.0683594
3600 12681.3330078
3635 12669.6269531
3755 12614.7021484
4116 13228.8652344
4176 13211.765625
4236 13195.4511719
4279 13184.2236328
4321 13171.3193359
4356 13158.8876953
4392 13158.5195312
4452 13139.0488281
4506 13128.9511719
4561 13112.2109375
4621 13091.3105469
4681 13074.6240234
4741 13057.9082031
4801 13048.21875
4861 13031.1552734
4922 13012.3867188
4982 12999.6416016
5042 12982.8173828
5102 12966.5126953
5162 12952.1962891
5222 12937.6298828
5282 12923.6923828
5320 12912.2910156
5359 12902.4384766
5394 12893.4501953
5429 12883.4892578
5489 12866.9619141
5549 12849.3330078
5609 12830.5302734
5669 12819.4287109
5730 12799.7177734
5790 12784.7695312
5850 12768.7734375
5902 12755.4052734
5955 12740.4892578
6015 12723.3681641
6075 12709.1738281
6136 12691.7724609
6196 12674.1865234
6256 12660.4189453
6316 12646.4765625
6376 12629.9414062
6436 12614.5732422
6496 12599.9775391
6556 12584.3193359
6616 12572.8652344
6677 12557.6142578
6737 12541.5546875
6797 12525.7568359
6857 12510.2041016
6917 12499.8330078
6977 12482.7998047
7037 12467.1894531
7518 12710.8613281
7578 12694.7753906
7638 12674.0830078
7698 12663.4472656
7759 12650.0693359
7819 12632.2412109
7879 12616.0068359
7939 12599.6162109
7999 12582.1171875
8059 12567.1914062
8119 12553.0439453
8179 12536.8007812
8240 12519.4130859
8275 12507.1201172
8310 12501.9638672
8345 12493.0810547
8380 12480.9394531
8440 12468.2050781
8500 12452.0292969
8561 12440.0976562
8621 12420.8789062
8681 12402.3388672
8741 12383.9511719
8801 12374.0996094
8861 12342.9511719
8921 12327.9785156
8981 12307.6816406
9021 12298.5625
9060 12286.953125
9095 12278.1972656
9111 12274.5410156
9187 12264.8583984
9222 12245.9970703
9277 12232.2138672
9332 12219.4521484
9392 12204.9746094
9452 12188.7734375
9501 12173.6708984
9549 12157.9873047
9609 12146.0605469
9669 12138.1972656
9729 12118.2773438
9790 12105.3271484
9850 12086.5810547
9908 12083.0908203
9966 12068.3144531
10026 12044.3964844
10086 12030.1455078
10146 12012.1015625
10267 11989.4609375
10327 11968.3476562
10387 11949.8564453
10447 11931.8994141
10507 11925.9150391
10567 11910.6308594
10627 11907.8984375
10688 11897.09375
10748 11876.9951172
10988 11892.6962891
11048 11880.375
11108 11864.0625
11168 11854.4345703
11229 11840.4580078
11289 11829.4101562
11349 11815.9892578
11409 11803.3681641
11469 11788.1835938
11529 11774.0390625
11589 11765.6660156
11641 11754.3105469
11692 11742.453125
11753 11726.4111328
11813 11712.8164062
11873 11700.5527344
11928 11687.4667969
11983 11675.421875
12103 11647.5283203
12164 11635.2431641
12224 11622.0410156
12284 11608.9257812
12344 11594.9755859
12404 11584.5898438
12464 11572.4335938
12524 11545.59375
12584 11530.3652344
12644 11516.0390625
12704 11502.3867188
12765 11492.0292969
12825 11476.9658203
12885 11464.2109375
12945 11451.6396484
13005 11439.6357422
13065 11426.4160156
13125 11414.0839844
13185 11402.6367188
13245 11390.8476562
13306 11375.4736328
13366 11362.0146484
13426 11347.546875
13486 11332.5136719
13546 11321.3037109
13606 11310.2548828
13666 11297.1201172
13726 11282.1855469
13804 11267.2167969
13864 11252.8867188
13924 11238.1445312
13984 11224.1103516
14044 11213.3398438
14105 11201.2226562
14165 11191.3466797
14225 11178.0097656
14285 11166.5654297
14345 11153.3632812
14586 11363.7597656
14646 11339.8232422
14706 11327.8652344
14766 11318.2646484
14826 11304.2578125
14886 11289.6191406
14946 11278.8330078
14981 11267.9882812
15017 11258.6982422
15077 11249.8603516
15125 11243.3691406
15172 11230.7753906
15208 11221.9482422
15243 11216.7333984
15303 11205.7070312
15363 11193.8964844
15423 11180.7705078
15483 11167.3769531
15543 11161.0126953
15603 11151.7910156
15664 11138.2822266
15724 11124.5537109
15784 11113.0361328
15844 11102.1113281
15904 11094.6621094
15964 11082.8984375
16024 11061.8544922
16084 11057.6044922
16144 11051.0009766
16205 11035.5097656
16265 11019.9472656
16325 11010.8857422
16385 10992.2900391
16445 10992.0800781
16505 10979.7519531
16565 10961.2939453
16625 10946.9091797
16685 10941.9111328
16746 10927.6386719
16806 10914.203125
16866 10895.453125
16926 10881.7060547
16986 10874.9287109
17046 10868.1220703
17106 10858.6191406
17166 10844.6708984
17226 10827.4091797
17287 10820.2001953
17347 10807.2714844
17407 10796.8330078
17467 10785.171875
17516 10773.6416016
17566 10747.8603516
17626 10727.5527344
17686 10710.9853516
17746 10705.5410156
17806 10686.8916016
17866 10672.5322266
17926 10664.2167969
17987 10657.6845703
18047 10642.9472656
18107 10627.5605469
18167 10618.2841797
18227 10605.6835938
18287 10586.8291016
18347 10585.6162109
18407 10572.1445312
18468 10553.7509766
18528 10542.7744141
18588 10532.6845703
18648 10521.890625
18708 10506.7294922
18743 10495.6289062
18777 10491.4853516
18836 10484.5283203
18896 10475.7148438
18956 10462.6533203
19013 10452.5449219
19070 10442.4775391
19105 10436.0390625
19141 10422.3710938
19201 10408.1464844
19261 10395.7363281
19321 10386.5830078
19381 10371.4326172
19441 10361.9316406
19501 10348.0625
19561 10340.1552734
19621 10329.9345703
19682 10311.4267578
19726 10298.2509766
19771 10291.5732422
19832 10282.1923828
19880 10272.7597656
19927 10263.6201172
19963 10258.6230469
19998 10247.6630859
20058 10232.5625
20118 10223.8867188
20178 10215.4023438
20238 10203.6035156
20298 10190.0771484
20358 10175.7988281
20419 10161.6171875
20479 10147.7392578
20539 10133.9130859
20599 10121.2412109
20659 10110.3671875
20719 10094.9667969
20779 10075.3525391
20899 10058.0751953
20960 10044.4033203
21020 10033.0957031
21080 10024.5605469
21136 10015.8554688
21191 10008.4462891
21251 9991.62695312
21312 9975.89160156
21372 9964.54589844
21432 9957.04492188
21492 9945.64941406
21552 9932.76171875
21612 9919.64453125
21672 9909.84960938
21732 9898.07910156
21792 9889.85742188
21850 9878.41601562
21908 9866.91796875
21943 9857.87109375
21979 9850.04589844
22039 9835.33886719
22099 9829.0703125
22159 9821.8984375
22210 9813.28417969
22261 9801.72070312
22322 9793.62109375
22382 9777.23046875
22442 9762.89550781
22502 9753.50097656
22562 9739.71777344
22622 9731.02148438
22682 9722.41601562
22742 9715.49121094
23043 9327.85546875
23086 9322.25390625
23128 9315.72167969
23189 9304.66992188
23249 9288.00488281
23309 9280.32128906
23369 9273.09667969
23429 9265.70410156
23549 9248.04785156
23609 9233.85546875
23669 9222.21386719
23723 9207.54785156
23776 9204.62792969
23847 9195.20019531
23907 9184.49707031
23967 9180.30371094
24027 9174.10351562
24087 9173.27539062
24148 9163.4375
24208 9161.34863281
24508 9245.41503906
24568 9239.44433594
24628 9232.55957031
24689 9220.88085938
24749 9212.21972656
24809 9205.21386719
24869 9192.46582031
24929 9180.48925781
24989 9173.61328125
25049 9165.35644531
25109 9156.40820312
25169 9147.23144531
25230 9137.47363281
25290 9130.91503906
25350 9122.28710938
25410 9108.34570312
25470 9100.65332031
25530 9088.51367188
25590 9082.04589844
25650 9076.19726562
25710 9066.90332031
25771 9055.79785156
25831 9049.72265625
25891 9035.94335938
25951 9026.50292969
26011 9017.70800781
26071 9012.375
26131 9005.34667969
26191 8997.64746094
26251 8986.96191406
26312 8974.90234375
26372 8967.67285156
26432 8956.45507812
26492 8949.79882812
26552 8942.42285156
26612 8934.21777344
26672 8925.11914062
26732 8916.38085938
26793 8908.2578125
26853 8900.65039062
26913 8891.23046875
26973 8880.93164062
27033 8872.21386719
27093 8862.79199219
27153 8855.66308594
27213 8848.390625
27253 8843.58691406
27292 8836.42285156
27352 8826.3984375
27412 8817.94042969
27473 8808.40527344
27533 8801.46777344
27593 8791.88574219
27653 8783.73242188
27713 8773.97070312
27773 8764.96386719
27833 8755.62695312
27893 8748.18652344
27953 8739.17285156
28014 8730.75976562
28074 8719.34765625
28134 8704.54785156
28194 8695.73339844
28254 8691.79101562
28314 8681.69628906
28374 8674.79296875
28434 8664.70117188
28494 8657.86035156
28555 8647.82714844
28615 8638.19238281
28675 8629.01464844
28735 8622.78808594
28795 8613.75488281
28855 8602.56542969
28915 8594.50097656
28975 8587.50878906
29035 8580.47070312
29096 8570.17773438
29156 8560.35351562
29216 8553.7265625
29276 8545.27246094
29336 8537.50878906
29396 8528.06347656
29456 8522.45605469
29516 8512.02929688
29577 8502.99121094
29782 8647.49316406
29842 8630.23730469
29902 8623.44628906
29962 8612.796875
30023 8601.59863281
30083 8593.26367188
30263 8516.59960938
30323 8507.78417969
30383 8493.72753906
30443 8486.40917969
30504 8476.96972656
30564 8469.37597656
30624 8464.96875
30684 8452.78613281
30744 8443.140625
30804 8433.79785156
30864 8422.69433594
30924 8419.34667969
30984 8415.55859375
31044 8404.06738281
31105 8392.4453125
31165 8383.79589844
31225 8375.12890625
31285 8363.58496094
31345 8357.89550781
31399 8352.0234375
31452 8342.82128906
31513 8335.48828125
31573 8327.14453125
31633 8318.58398438
31693 8311.11425781
31753 8299.47753906
31813 8292.26660156
31873 8284.33496094
31933 8275.59179688
31993 8269.08007812
32054 8261.85351562
32114 8254.01464844
32174 8247.6015625
32234 8240.89453125
32294 8231.5625
32354 8220.421875
32414 8215.72753906
32474 8208.65332031
32534 8199.20019531
32595 8193.43359375
32655 8182.42138672
32715 8176.00634766
32775 8165.86181641
32835 8156.65966797
32895 8149.31201172
32955 8138.33496094
33015 8131.17529297
33076 8125.47705078
33136 8117.73242188
33196 8110.47949219
33256 8104.5234375
33316 8095.93652344
33376 8088.1328125
33436 8077.58105469
33496 8069.48339844
33556 8059.75439453
33617 8053.70996094
33677 8046.91259766
33737 8036.92138672
33797 8030.32617188
33857 8021.96240234
33917 8015.39697266
33977 8009.20556641
34037 8003.63623047
34097 7995.08691406
34158 7985.82568359
34218 7977.53466797
34278 7970.15673828
34338 7964.32714844
34398 7955.94628906
34458 7947.54492188
34518 7939.09375
34570 7933.88330078
34622 7928.06347656
34682 7922.10742188
34742 7916.8359375
34802 7908.61230469
34862 7895.38085938
34922 7889.21240234
34982 7882.46142578
35042 7872.76367188
35103 7870.67480469
35163 7864.08349609
35223 7850.91210938
35268 7844.07568359
35314 7839.37744141
35374 7833.17382812
35434 7827.52539062
35494 7819.27880859
35554 7810.93115234
35614 7803.99023438
35674 7796.98632812
35734 7790.35058594
35795 7781.69140625
35855 7776.17822266
35915 7766.66845703
35975 7756.52246094
36035 7729.02050781
36095 7713.42773438
36155 7704.3125
36215 7694.6640625
36275 7687.8046875
36336 7678.51757812
36396 7670.8359375
36456 7663.12890625
36516 7653.86962891
36576 7645.12939453
36636 7644.41992188
36696 7633.23925781
36756 7626.89697266
36817 7621.82275391
36877 7611.83935547
36937 7605.56884766
36997 7597.11962891
37057 7594.55859375
37117 7585.91503906
37177 7582.30419922
37237 7580.97021484
37297 7569.70898438
37358 7560.62011719
37418 7553.15478516
37478 7543.48974609
37538 7536.18017578
37598 7534.36669922
37718 7525.96777344
37778 7519.13134766
37818 7516.22021484
37857 7507.86083984
37892 7502.95898438
37927 7499.86083984
37987 7492.74462891
38048 7488.8828125
38108 7481.84814453
38168 7472.56494141
38228 7465.11621094
38288 7458.17529297
38348 7446.49072266
38408 7444.37207031
38468 7434.67041016
38528 7428.81298828
38589 7424.74853516
38649 7416.64550781
38709 7407.84277344
38769 7397.91601562
38822 7389.53125
38876 7388.36328125
38936 7381.47607422
38996 7374.56396484
39056 7369.81152344
39116 7362.10498047
39176 7353.45703125
39237 7346.04052734
39297 7340.89208984
39357 7331.21435547
39417 7322.73144531
39477 7315.41308594
39537 7308.35009766
39597 7301.83105469
39657 7294.82666016
39717 7285.72851562
39778 7276.49658203
39838 7270.51123047
39898 7264.42919922
39958 7253.42675781
40028 7254.43164062
40088 7245.5703125
40148 7237.43066406
40209 7231.25146484
40269 7223.05029297
40329 7215.37939453
40389 7208.09375
40449 7200.87988281
40509 7189.94042969
40569 7184.60498047
40629 7176.88720703
40690 7173.21289062
40750 7166.60351562
40810 7158.81298828
40870 7150.91992188
40930 7145.68896484
40990 7137.37695312
41050 7128.24072266
41110 7120.97998047
41170 7115.97802734
41231 7112.43603516
41291 7103.29443359
41351 7096.93603516
41411 7091.69042969
41471 7084.50732422
41531 7073.90576172
41591 7068.88525391
41652 7066.75097656
41712 7059.8125
41772 7053.01025391
41832 7046.75878906
41892 7041.31542969
41952 7036.68457031
42012 7031.03564453
42072 7025.22119141
42132 7019.08886719
42193 7011.06054688
42253 7003.22314453
42313 6997.30273438
42373 6992.25732422
42410 6985.46240234
42448 6985.17675781
42483 6981.13183594
42518 6979.43701172
42578 6969.6484375
42638 6965.03808594
42699 6956.34277344
42759 6948.87011719
42819 6940.66943359
42879 6937.14404297
42939 6930.36962891
43190 6945.63037109
43250 6939.66455078
43310 6932.56738281
43370 6925.77539062
43430 6919.15478516
43490 6912.41943359
43551 6905.46630859
43611 6898.09619141
43671 6893.63183594
43731 6887.57080078
43791 6879.61621094
43851 6870.67431641
43911 6864.74267578
43971 6855.62304688
44031 6852.55322266
44092 6843.69042969
44152 6835.22460938
44212 6826.76855469
44272 6821.77783203
44332 6814.72753906
44392 6812.26855469
44452 6807.24365234
44512 6800.59863281
44572 6794.40869141
44633 6788.74755859
44693 6783.89453125
44753 6778.26806641
44813 6771.84619141
44873 6766.19335938
44933 6758.19921875
44993 6750.77587891
45051 6743.90820312
45098 6740.11962891
45108 6739.45019531
45118 6737.19335938
45153 6732.78808594
45213 6725.41943359
45273 6719.34667969
45334 6711.65087891
45394 6705.12255859
45454 6700.08935547
45514 6692.67578125
45574 6683.73974609
45634 6675.64355469
45694 6670.04589844
45754 6661.60644531
45814 6650.92578125
45874 6645.7421875
45910 6638.86621094
45945 6637.94628906
46005 6631.62304688
46065 6625.12841797
46125 6617.87695312
46185 6609.40478516
46245 6599.50976562
46305 6594.90332031
46366 6590.04492188
46426 6585.62402344
46486 6579.56640625
46546 6573.11669922
46606 6568.4921875
46666 6563.35058594
46726 6557.27734375
46786 6550.46972656
46846 6543.328125
46907 6537.63916016
46967 6532.25634766
47027 6528.15625
47087 6522.49853516
47125 6515.8359375
47162 6505.63623047
47198 6499.61083984
47233 6494.31738281
47293 6487.95849609
47353 6482.3515625
47413 6477.74267578
47473 6473.50732422
47533 6469.41552734
47594 6462.18554688
47654 6456.52490234
47714 6449.99658203
47774 6446.24267578
47834 6440.86621094
47894 6435.25
47929 6431.53222656
47963 6428.72070312
47996 6425.0546875
48031 6419.78320312
48091 6415.86083984
48151 6409.81103516
48212 6403.32861328
48272 6397.24560547
48332 6390.48095703
48392 6385.29931641
48452 6379.30615234
48512 6373.70166016
48572 6367.61669922
48632 6366.70605469
48692 6362.37109375
48752 6356.61035156
48813 6350.58349609
48873 6344.51855469
48933 6338.63818359
48993 6332.85888672
49036 6327.77197266
49079 6322.59375
49115 6321.33105469
49150 6316.53955078
49210 6310.51513672
49270 6303.16699219
49330 6294.90527344
49390 6283.75439453
49451 6274.87695312
49511 6268.95996094
49571 6264.03857422
49631 6256.78710938
49691 6251.81201172
49751 6244.66308594
49811 6238.09619141
49871 6231.1875
49931 6227.34179688
49992 6224.54345703
50052 6216.875
50112 6210.51220703
50172 6204.81494141
50232 6199.6953125
50292 6194.23828125
50352 6187.22607422
50412 6182.83300781
50472 6177.25097656
50533 6171.41357422
50593 6166.01513672
50653 6160.31494141
50713 6153.22119141
50773 6147.98974609
50833 6142.34814453
50893 6137.65380859
50953 6130.48046875
51013 6122.75439453
51074 6117.44433594
51134 6105.12841797
51194 6090.88525391
51254 6084.51416016
51314 6078.95068359
51434 6079.11230469
51494 6076.55566406
51554 6072.44433594
51614 6062.00439453
51675 6044.88232422
51795 6044.10058594
51855 6042.83251953
51915 6038.50732422
51975 6032.65087891
52035 6027.3671875
52095 6023.01171875
52156 6018.12695312
52216 6011.11669922
52276 6003.35253906
52336 5999.94628906
52396 5995.93896484
52456 5991.95117188
52516 5985.75830078
52576 5979.71923828
52637 5974.12744141
52697 5968.54785156
52757 5965.35107422
52817 5959.47216797
52877 5953.86083984
52937 5947.70361328
52997 5942.29833984
53057 5937.77001953
53109 5932.90380859
53161 5928.43945312
53221 5921.15869141
53281 5915.69775391
53341 5910.49853516
53402 5902.97607422
53462 5897.41064453
53522 5891.05224609
53582 5885.36035156
53642 5879.67285156
53702 5874.30419922
53822 5871.875
53882 5867.18652344
53943 5862.81884766
54003 5849.56835938
54063 5843.51123047
54123 5837.89306641
54183 5833.99560547
54243 5830.27392578
54303 5825.56494141
54363 5819.69970703
54423 5813.10791016
54484 5809.05029297
54544 5804.11376953
54604 5798.1171875
54664 5791.27197266
54724 5787.16845703
54784 5780.90332031
54844 5777.28027344
54904 5771.95947266
54964 5767.8203125
55025 5762.36962891
55085 5756.67285156
55145 5750.99951172
55265 5750.1640625
55325 5746.22802734
55385 5741.48535156
55445 5736.54541016
55555 5743.83544922
55615 5736.54541016
55675 5724.11230469
55735 5716.17089844
55795 5711.82763672
55855 5706.36621094
55915 5701.57470703
55975 5695.56201172
56035 5690.35644531
