0 15888.9150391
330 15667.6884766
391 15635.5908203
451 15604.3828125
511 15574.8144531
571 15544.3896484
631 15510.1650391
666 15488.9550781
678 15480.1679688
703 15476.4082031
751 15452.9501953
812 15418.9794922
872 15395.8369141
932 15370.4746094
1152 15243.9794922
1187 15235.9746094
1222 15215.2246094
1282 15176.7919922
1317 15156.4746094
1353 15138.2275391
1394 15120.3798828
1424 15107.9863281
1473 15086.8955078
1533 15053.9355469
1653 14990.0712891
1713 14956.328125
1894 14775.6611328
1954 14744.8945312
2014 14709.3798828
2074 14681.5615234
2124 14644.8095703
2173 14613.0185547
2228 14586.5615234
2269 14568.8691406
2300 14561.3027344
2346 14536.0068359
2406 14503.4140625
2466 14482.8652344
2526 14445.4257812
2586 14421.0810547
2646 14396.3876953
2706 14370.6298828
2766 14348.2138672
2809 14322.2333984
2852 14308.4726562
2912 14280.3007812
3032 14226.78125
3093 14208.5322266
3153 14181.4023438
3213 14161.0273438
3270 14121.9160156
3305 14113.4501953
3317 14112.8173828
3342 14108.7587891
3392 14082.2685547
3452 14058.6328125
3495 14035.109375
3547 14005.3730469
3607 13980.03125
3667 13961.9707031
3727 13940.2558594
3787 13929.8632812
3847 13899.0009766
3907 13863.1943359
3967 13848.4560547
4028 13831.9716797
4088 13816.1054688
4148 13784.8447266
4268 13708.5644531
4308 13696.1142578
4347 13664.6855469
4383 13648.2539062
4418 13636.3427734
4478 13605.1728516
4538 13567.3603516
4598 13547.1347656
4658 13514.9658203
4779 13462.8925781
4839 13428.4960938
4899 13391.8828125
4959 13369.9453125
5019 13358.0273438
5079 13336.046875
5139 13301.5996094
5200 13284.4677734
5260 13270.0488281
5320 13241.7177734
5380 13219.2802734
5440 13195.9941406
5479 13184.6806641
5519 13166.6279297
5579 13151.9541016
5629 13119.2998047
5664 13109.0449219
5709 13080.8818359
5770 13064.5654297
5805 13043.3583984
5840 13035.90625
5900 12996.6191406
5960 12990.1728516
6355 13743.2353516
6376 13737.7167969
6420 13726.7705078
6481 13708.5908203
6541 13689.8027344
6601 13671.0234375
6661 13650.8212891
6721 13636.8857422
6777 13619.7880859
6834 13605.3242188
6874 13598.6240234
6914 13581.6748047
6974 13559.7626953
7034 13545.8271484
7094 13528.1005859
7145 13515.2929688
7174 13508.0224609
7187 13501.0175781
7208 13490.9648438
7255 13484.2363281
7290 13468.3701172
7385 13443.7519531
7686 13683.3544922
7746 13657.4306641
7806 13642.6376953
7866 13624.3369141
7926 13611.6660156
7986 13588.8378906
8046 13570.8808594
8107 13552.5595703
8167 13531.4033203
8227 13514.2822266
8287 13500.6181641
8347 13485.0195312
8407 13466.6621094
8467 13452.0888672
8527 13432.4833984
8587 13416.6523438
8647 13400.6787109
8704 13380.2958984
8760 13365.6914062
8795 13354.3056641
8830 13344.7089844
8890 13329.5898438
8950 13310.8476562
9010 13291.2636719
9070 13272.8427734
9131 13254.3398438
9191 13238.2226562
9251 13224.7617188
9286 13216.1962891
9321 13209.9746094
9382 13192.9804688
9442 13175.5117188
9502 13156.359375
9562 13144.5595703
9622 13127.2158203
9682 13116.3759766
9802 13023.2744141
9862 12999.8339844
9923 12983.1416016
9983 12965.1230469
10043 12942.9472656
10163 12923.5966797
10223 12898.1845703
10283 12887.6855469
10334 12868.2080078
10385 12850.0839844
10421 12842.9921875
10456 12836.0664062
10516 12820.8994141
10576 12807.1777344
10636 12792.4560547
10696 12770.8417969
10756 12755.515625
10816 12737.8037109
10866 12722.8056641
10915 12701.6445312
10976 12685.5048828
11036 12667.4589844
11096 12650.796875
11156 12639.2226562
11216 12618.2744141
11276 12602.8251953
11329 12590.2617188
11363 12582.7695312
11405 12570.53125
11458 12553.7011719
11511 12538.1660156
11546 12531.6542969
11582 12523.6142578
11642 12508.9853516
11702 12487.7333984
11762 12476.0976562
11822 12459.4257812
12183 12497.375
12243 12478.9794922
12303 12462.9433594
12363 12453.96875
12423 12437.1865234
12483 12420.3378906
12543 12407.0927734
12604 12389.4453125
12664 12376.2988281
12724 12359.9384766
12784 12343.625
12844 12330.1230469
12904 12317.3115234
12964 12300.3066406
13024 12284.7226562
13084 12269.6865234
13145 12252.4414062
13205 12238.9345703
13240 12229.8925781
13276 12225.3613281
13336 12209.6015625
13396 12192.3056641
13456 12178.7724609
13516 12161.8300781
13576 12147.9472656
13636 12138.4404297
13697 12122.8662109
13757 12108.4462891
13817 12095.7763672
13877 12081.6835938
13937 12064.4453125
13997 12050.8710938
14057 12033.8261719
14117 12021.4248047
14177 12009.4882812
14238 11996.5615234
14298 11982.3974609
14358 11969.0458984
14400 11960.2138672
14442 11947.3222656
14477 11937.6835938
14512 11930.7548828
14572 11917.7548828
14633 11903.8369141
14679 11892.84375
14701 11889.4980469
14717 11887.2949219
15119 12089.5664062
15179 12075.6845703
15239 12059.9287109
15299 12042.9599609
15359 12028.9892578
15419 12011.6474609
15479 11993.0898438
15539 11980.2431641
15599 11963.546875
15659 11953.6357422
15720 11935.0371094
15779 11919.2197266
15839 11903.0068359
15899 11888.4111328
15959 11875.0146484
16019 11858.0009766
16079 11844.2822266
16139 11832.6943359
16199 11817.0625
16260 11799.6601562
16320 11784.7255859
16380 11771.6552734
16440 11757.0800781
16500 11736.7509766
16535 11721.9697266
16571 11715.9140625
16631 11710.2099609
16691 11691.9960938
16751 11679.4804688
16811 11665.3798828
16871 11650.1455078
16931 11634.5029297
16991 11618.5302734
17052 11604.9960938
17112 11592.9394531
17172 11578.4765625
17232 11566.2519531
17292 11552.2070312
17352 11533.6279297
17412 11516.7333984
17472 11502.2041016
17532 11489.4169922
17593 11475.3554688
17653 11460.5976562
17713 11448.1826172
17773 11431.6494141
17833 11417.5839844
17893 11403.0332031
17953 11387.2050781
18013 11373.5253906
18074 11357.3623047
18134 11340.1142578
18194 11331.796875
18254 11318.4707031
18314 11305.2763672
18374 11290.7412109
18434 11275.5224609
18477 11261.875
18520 11253.6484375
18580 11241.3486328
18641 11235.0097656
18701 11217.7050781
18750 11206.2626953
18800 11193.4160156
18836 11185.7685547
18871 11176.9697266
18931 11163.1884766
18991 11148.7304688
19051 11131.5673828
19086 11121.9013672
19097 11121.8632812
19113 11116.9394531
19154 11105.7626953
19214 11092.0146484
19270 11081.5048828
19326 11064.9150391
19362 11059.6972656
19398 11053.4365234
19458 11037.3066406
19518 11022.015625
19579 10999.7607422
19639 10988.7197266
19699 10972.4013672
19759 10967.3837891
19819 10953.0742188
19879 10935.2167969
19939 10918.796875
19999 10907.0927734
20059 10893.1669922
20120 10875.5654297
20180 10872.3916016
20240 10854.0068359
20300 10837.3515625
20360 10817.5429688
20420 10813.9960938
20480 10799.7382812
20522 10788.4619141
20565 10776.8398438
20625 10765.1757812
20685 10748.5068359
20745 10743.4414062
20806 10734.1679688
20866 10711.9375
20926 10698.7900391
20986 10686.28125
21046 10673.3876953
21091 10670.2021484
21109 10665.7333984
21151 10660.3476562
21194 10649.28125
21238 10639.0058594
21273 10630.5644531
21308 10623.0449219
21368 10608.6669922
21428 10593.5048828
21488 10584.1279297
21548 10569.5927734
21609 10554.8095703
21669 10551.3398438
21729 10534.640625
21789 10515.3515625
21849 10501.6445312
21909 10494.0664062
21969 10484.7431641
22029 10472.1953125
22089 10466.4511719
22150 10461.5517578
22210 10452.3671875
22270 10438.53125
22330 10427.0751953
22390 10417.3046875
22450 10408.8671875
22510 10396.0898438
22570 10384.2021484
22630 10377.6152344
22811 10195.9921875
22871 10187.1220703
22965 10173.2636719
23025 10156.5771484
23085 10144.8486328
23145 10130.9912109
23205 10118.0625
23265 10108.7353516
23325 10095.8886719
23386 10081.2509766
23446 10071.9296875
23506 10063.6386719
23566 10052.6259766
23626 10041.8261719
23686 10032.8798828
23746 10020.7441406
23806 10010.8515625
23866 9999.67578125
23927 9989.66699219
23987 9975.74609375
24047 9957.89648438
24107 9951.38574219
24167 9938.94335938
24227 9928.42675781
24287 9916.703125
24347 9905.48730469
24407 9895.65234375
24576 9685.33105469
24624 9675.88964844
24684 9667.19726562
24744 9656.08984375
24805 9643.81347656
24843 9635.94628906
24881 9629.375
24941 9620.90527344
25001 9614.9453125
25062 9603.93359375
25122 9592.4296875
25157 9584.31738281
25167 9581.43652344
25178 9580.61914062
25213 9575.44824219
25317 9568.68945312
25336 9565.00488281
25371 9558.33300781
25431 9539.59082031
25538 9527.31933594
25585 9519.41894531
25645 9505.52636719
25705 9495.37402344
25765 9477.60449219
25825 9473.71972656
25885 9460.95898438
25945 9453.50292969
26005 9442.60839844
26066 9434.7265625
26126 9425.55761719
26186 9415.53125
26246 9402.68066406
26306 9392.50097656
26426 9366.20800781
26486 9360.47460938
26546 9349.640625
26594 9338.62109375
26643 9327.12402344
26703 9321.11621094
26763 9316.23339844
26883 9303.19628906
26939 9299.95800781
26974 9285.1015625
27012 9278.22460938
27073 9266.13476562
27133 9256.67382812
27193 9252.39355469
27253 9239.07910156
27313 9225.54980469
27373 9218.52539062
27433 9207.89746094
27493 9200.91503906
27554 9194.84179688
27614 9185.75878906
27674 9176.23730469
27716 9169.04199219
27758 9158.77148438
27818 9146.38378906
27878 9135.06835938
27938 9126.99121094
27998 9115.56640625
28059 9108.53125
28119 9096.72753906
28179 9090.17773438
28239 9077.2578125
28299 9066.80371094
28359 9057.65429688
28419 9050.13378906
28479 9038.1953125
28539 9028.22167969
28600 9017.16894531
28660 9000.55761719
28720 8994.09082031
28780 8982.21875
28840 8980.89550781
28900 8971.66699219
28960 8961.57910156
29020 8955.18945312
29080 8944.80761719
29141 8932.72070312
29381 9111.44726562
29441 9099.33886719
29501 9087.28320312
29561 9076.13476562
29621 9062.50878906
29681 9051.890625
29742 9038.22070312
29802 9027.71875
29862 9018.29882812
29922 9009.52929688
29982 8995.984375
30042 8982.74902344
30102 8973.87695312
30162 8960.25488281
30222 8947.06738281
30283 8936.29296875
30343 8923.59765625
30403 8913.10058594
30463 8901.83496094
30523 8888.40722656
30583 8880.71289062
30643 8863.84863281
30703 8856.62988281
30754 8848.81542969
30805 8842.13964844
30840 8837.85742188
30851 8832.81542969
30866 8829.21777344
30906 8821.828125
30942 8815.33300781
30978 8813.71875
31035 8802.85058594
31092 8790.14355469
31152 8778.78417969
31208 8769.57910156
31264 8759.34765625
31299 8753.66113281
31309 8750.7578125
31465 8719.69042969
31525 8711.26953125
31585 8697.53125
31645 8686.80078125
31705 8675.28125
31765 8662.93164062
31825 8655.83300781
31886 8646.38183594
31946 8641.34570312
32006 8635.26953125
32066 8624.64160156
32126 8615.96679688
32186 8599.68164062
32246 8586.359375
32306 8579.1640625
32366 8570.26464844
32427 8564.89257812
32487 8554.89160156
32547 8545.74414062
32607 8536.99414062
32667 8527.6953125
32727 8516.56738281
32787 8509.11914062
32847 8500.17675781
32907 8492.71875
32968 8482.22167969
33028 8470.34472656
33088 8452.8203125
33148 8418.02148438
33208 8414.27734375
33268 8403.46582031
33328 8396.45410156
33388 8383.70117188
33448 8370.046875
33508 8362.33300781
33549 8357.34863281
33590 8349.34179688
33644 8341.15625
33697 8332.13085938
33732 8324.95117188
33767 8323.61914062
33828 8319.31445312
33888 8304.14746094
33948 8292.07128906
34008 8283.65136719
34068 8276.03515625
34128 8267.41015625
34188 8253.12304688
34248 8245.93847656
34308 8238.25585938
34369 8232.34472656
34429 8219.71972656
34495 8211.25976562
34507 8207.15234375
34544 8205.47851562
34605 8193.35253906
34725 8183.71142578
34785 8170.34326172
34845 8166.875
34905 8160.28857422
34965 8149.86669922
35025 8141.78808594
35085 8134.00683594
35146 8126.92236328
35206 8121.58203125
35266 8113.86816406
35386 8112.35839844
35446 8102.10595703
35506 8091.40869141
35566 8081.63183594
35626 8073.84472656
35687 8067.83300781
35747 8061.06835938
35807 8051.16650391
35867 8047.63574219
35927 8041.5
35987 8035.53222656
36047 8024.34814453
36408 8052.05273438
36468 8041.91796875
36528 8035.86035156
36588 8025.63769531
36648 8017.64013672
36709 8006.41699219
36769 7999.83886719
36829 7991.99804688
36889 7982.12451172
36949 7974.08837891
37009 7966.14306641
37069 7956.734375
37129 7950.83251953
37189 7943.40576172
37249 7934.64648438
37310 7924.98779297
37370 7917.89697266
37430 7908.71289062
37490 7900.67041016
37550 7891.29882812
37610 7883.45654297
37670 7874.49121094
37710 7869.78076172
37750 7864.17919922
37785 7858.74023438
37821 7854.8984375
37881 7846.72949219
37941 7838.51708984
38001 7831.53955078
38061 7822.12255859
38121 7813.02636719
38181 7808.44775391
38241 7799.93896484
38301 7792.31494141
38362 7784.00976562
38422 7774.73925781
38482 7766.33789062
38542 7755.50390625
38602 7748.109375
38662 7741.23925781
38722 7718.80322266
38843 7604.00341797
38903 7591.87792969
38963 7583.68066406
39008 7577.75244141
39054 7570.57324219
39114 7562.51660156
39174 7553.65380859
39234 7544.17285156
39294 7538.00830078
39355 7529.71044922
39415 7520.56201172
39475 7512.71240234
39535 7503.24755859
39595 7498.09912109
39630 7493.02832031
39665 7488.28955078
39701 7483.91845703
39736 7478.95996094
39796 7471.48730469
39856 7462.69482422
39916 7455.73095703
39976 7449.42480469
40036 7441.38720703
40096 7434.18017578
40157 7425.35498047
40217 7417.31542969
40264 7409.72802734
40312 7405.73632812
40372 7397.5390625
40432 7388.61328125
40487 7381.67578125
40521 7377.54785156
40541 7374.26904297
40562 7371.3046875
40602 7366.54394531
40662 7357.99707031
40722 7348.74072266
40782 7341.09863281
40842 7332.21191406
40902 7325.921875
40962 7319.05517578
41023 7311.66748047
41083 7303.51074219
41143 7294.41210938
41203 7286.92089844
41263 7266.92724609
41323 7237.06640625
41383 7225.80615234
41443 7215.09228516
41504 7207.78564453
41564 7200.86669922
41624 7191.06640625
41684 7183.20410156
41744 7170.46289062
41804 7165.39306641
41864 7159.64160156
41924 7155.05859375
41984 7145.32128906
42045 7135.75195312
42105 7129.30908203
42165 7120.6640625
42225 7111.77099609
42285 7108.00585938
42345 7096.97802734
42405 7089.47460938
42465 7080.33544922
42525 7074.95654297
42586 7067.79394531
42646 7057.22167969
42706 7049.41894531
42766 7043.84179688
42826 7035.46191406
42886 7032.98779297
42946 7023.20800781
43006 7015.50976562
43066 7007.19970703
43127 7002.859375
43187 6994.72167969
43247 6985.27050781
43307 6976.234375
43367 6970.98583984
43427 6964.82128906
43487 6959.94921875
43547 6953.04003906
43607 6941.42724609
43668 6936.19580078
43711 6931.87841797
43754 6926.63232422
43789 6922.45996094
43824 6917.06201172
43884 6912.74902344
43942 6906.03808594
44000 6899.75634766
44060 6893.52099609
44120 6885.59082031
44180 6877.62402344
44240 6871.13378906
44300 6864.66650391
44361 6857.55371094
44421 6850.02441406
44481 6841.19384766
44541 6835.06640625
44601 6831.30957031
44661 6823.02197266
44721 6813.47412109
44781 6809.01318359
44842 6802.609375
44902 6794.34521484
44962 6787.20703125
45022 6779.34033203
45082 6773.60839844
45142 6767.50292969
45202 6761.58300781
45262 6753.19384766
45322 6744.91894531
45383 6739.48193359
45443 6731.75097656
45502 6725.99755859
45561 6720.17529297
45621 6707.58398438
45681 6677.93017578
45734 6668.92285156
46086 6559.09375
46146 6552.06933594
46206 6545.81494141
46266 6539.40136719
46326 6530.62597656
46386 6521.43212891
46446 6513.81054688
46506 6507.63769531
46567 6500.77685547
46627 6495.31494141
46687 6488.63330078
46747 6485.94482422
46807 6480.54296875
46867 6467.10839844
46987 6406.76513672
47033 6396.75683594
47079 6386.25341797
47139 6370.23095703
47199 6358.18603516
47259 6349.17578125
47380 6344.81640625
47440 6341.47070312
47500 6335.51367188
47560 6328.71923828
47680 6330.01904297
47740 6323.06396484
47800 6315.85791016
47860 6302.37597656
47920 6300.87890625
47981 6295.14355469
48041 6288.0234375
48101 6283.68359375
48161 6279.15185547
48221 6273.93701172
48281 6266.58740234
48341 6258.34521484
48401 6251.50683594
48461 6242.48632812
48522 6226.89550781
48582 6226.86572266
48642 6224.94482422
48702 6216.33105469
48822 6212.56591797
48882 6209.09179688
48942 6197.24853516
49003 6180.18701172
49063 6166.35009766
49123 6156.44921875
49183 6153.24462891
49243 6143.19482422
49303 6126.23291016
49363 6122.15576172
49423 6113.97021484
49483 6112.30371094
49544 6105.20605469
49604 6098.94384766
49724 6090.62939453
49904 6103.47851562
49964 6090.58398438
50024 6087.53222656
50085 6085.28955078
50145 6078.45800781
50205 6073.19042969
50265 6066.89746094
50325 6058.88330078
50385 6051.20410156
50505 6050.0859375
50565 6043.04345703
50626 6036.50048828
50686 6033.05517578
50746 6029.74902344
50806 6023.92724609
50866 6017.98291016
50926 6010.95800781
50986 6004.08984375
51046 5997.36962891
51106 5993.73535156
51227 6001.06445312
51287 5996.83496094
51407 5994.74511719
51527 5992.12207031
51587 5971.69482422
51647 5957.46826172
51708 5945.44824219
51768 5938.69433594
51828 5932.47558594
