0 14970.0732422
137 14875.9873047
292 14808.2832031
311 14783.859375
324 14780.0087891
345 14758.6835938
388 14743.8837891
424 14715.0791016
461 14698.5097656
521 14670.8144531
568 14644.4833984
616 14621.8642578
797 14517.2128906
857 14490.7441406
917 14463.1425781
968 14436.3730469
1020 14414.1865234
1080 14385.8818359
1140 14366.1689453
1260 14301.3349609
1320 14273.7568359
1380 14245.7861328
1441 14211.8515625
1476 14197.7021484
1511 14166.4326172
1546 14139.78125
1581 14129.3964844
1642 14108.78125
1702 14086.7910156
1762 14071.3945312
1822 14049.1767578
1882 14035.8867188
1942 14017.3388672
2002 13982.8603516
2123 13940.6748047
2183 13906.6787109
2243 13881.5507812
2303 13862.0605469
2363 13836.0986328
2423 13812.0947266
2904 13515.6328125
2964 13486.2978516
3010 13453.5556641
3116 13388.4746094
3176 13367.0292969
3236 13351.9921875
3356 13286.6347656
3417 13253.5820312
3477 13253.2509766
3537 13227.2763672
3597 13193.6552734
3717 13133.0078125
3837 13109.9248047
3897 13075.2832031
4138 12969.2578125
4258 12920.3203125
4318 12895.2021484
4378 12881.9189453
4438 12849.8369141
4499 12834.6689453
4559 12807.7294922
4679 12780.7392578
4799 12699.6855469
4859 12672.1943359
4919 12637.2509766
4979 12612.9208984
5040 12588.1357422
5075 12569.8017578
5110 12559.2490234
5471 13239.5908203
5531 13225.2802734
5591 13204.0556641
5651 13187.5361328
5711 13167.7021484
5771 13145.1035156
5832 13134.4628906
5892 13118.7304688
5952 13101.5253906
6012 13079.8173828
6072 13065.5625
6132 13052.84375
6192 13031.4970703
6252 13013.3623047
6312 12995.4257812
6373 12977.46875
6429 12961.4716797
6486 12946.5224609
6546 12930.3349609
6607 12917.8808594
6667 12899.8056641
6727 12880.171875
6787 12860.0644531
6847 12840.8847656
6907 12821.6650391
6967 12807.1347656
7027 12783.9755859
7087 12774.8662109
7148 12756.9296875
7208 12739.0283203
7268 12724.078125
7328 12710.140625
7749 12989.8623047
7809 12972.3349609
7869 12952.4892578
7929 12934.7197266
7989 12917.1591797
8049 12900.9042969
8109 12884.8222656
8169 12872.5371094
8229 12853.9716797
8290 12832.3085938
8350 12815.4931641
8410 12799.4482422
8470 12783.7646484
8530 12770.3505859
8590 12751.6728516
8650 12733.2529297
8710 12718.3095703
8771 12696.9560547
8831 12682.7587891
8891 12665.5351562
8951 12651.1943359
9011 12635.2402344
9071 12617.2460938
9131 12601.4462891
9191 12585.7597656
9251 12569.8173828
9312 12555.9433594
9372 12538.2773438
9432 12522.9794922
9492 12505.8857422
9552 12489.8769531
9612 12473.9140625
9672 12461.3457031
9732 12445.6318359
9792 12425.3535156
9853 12409.6455078
9913 12394.4082031
9973 12382.6425781
10033 12366.2460938
10093 12348.3837891
10150 12333.7275391
10208 12317.9775391
10268 12303.0976562
10328 12276.8378906
10388 12268.9189453
10448 12254.3652344
10508 12240.0078125
10568 12224.6552734
10629 12208.6582031
10689 12191.5292969
10749 12170.6240234
10809 12142.3632812
10869 12126.8720703
10929 12115.1015625
10989 12100.0195312
11049 12084.96875
11109 12068.2304688
11170 12051.9033203
11223 12040.8759766
11277 12032.0185547
11338 12017.3486328
11398 11996.0302734
11458 11983.0087891
11518 11968.3730469
11559 11960.2998047
11600 11950.0166016
11660 11933.1621094
11721 11919.0517578
11762 11902.1376953
11803 11887.8632812
11864 11875.1113281
11924 11860.0761719
11984 11847.0410156
12044 11833.3408203
12104 11811.5039062
12164 11798.3603516
12224 11781.5859375
12284 11763.8378906
12344 11753.7109375
12405 11737.4755859
12465 11725.9042969
12525 11711.8535156
12585 11695.6367188
12645 11681.2089844
12705 11664.0673828
12765 11649.9794922
12825 11634.0654297
12885 11622.2363281
12946 11611.9755859
13006 11597.3945312
13066 11584.6630859
13126 11574.1630859
13186 11561.4902344
13246 11546.3955078
13306 11528.4326172
13366 11515.828125
13426 11500.3857422
13487 11485.7675781
13547 11469.8662109
13607 11458.4091797
13667 11446.3173828
13727 11435.4570312
13787 11427.2480469
13847 11414.0371094
13907 11397.8642578
13967 11388.8203125
14004 11386.0078125
14040 11374.7548828
14100 11359.1103516
14160 11342.3154297
14220 11331.578125
14280 11323.5458984
14340 11311.4521484
14379 11302.4462891
14418 11296.9169922
14478 11283.5644531
14539 11266.3769531
14599 11254.2587891
14659 11240.6396484
14719 11225.4335938
14759 11215.140625
14799 11210.5722656
14835 11205.9160156
14870 11199.9990234
14930 11191.7871094
14990 11176.0087891
15231 11347.9931641
15351 11336.7001953
15411 11306.9550781
15471 11299.8662109
15518 11299.5371094
15857 11335.6962891
15918 11324.0537109
15978 11308.1572266
16038 11294.9482422
16098 11280.2470703
16158 11267.1376953
16218 11256.4921875
16278 11239.2050781
16338 11228.3964844
16398 11209.7480469
16459 11199.0410156
16519 11184.7285156
16579 11169.4189453
16632 11159.2587891
16686 11147.9628906
16721 11138.5224609
16756 11129.6582031
16816 11119.2880859
16877 11106.2744141
16937 11095.1728516
16997 11082.9589844
17057 11066.0458984
17117 11051.5859375
17177 11040.0283203
17237 11026.8173828
17297 11015.6816406
17357 11001.0820312
17393 10994.4882812
17428 10984.5371094
17488 10971.4560547
17548 10960.6630859
17608 10948.3945312
17668 10935.828125
17728 10925.1171875
17789 10910.8691406
17849 10896.6904297
17909 10882.4804688
17969 10867.5107422
18029 10855.6708984
18089 10843.5751953
18149 10834.71875
18209 10819.6074219
18270 10807.4697266
18330 10798.0625
18390 10783.5322266
18450 10769.6777344
18510 10756.7041016
18570 10745.2138672
18630 10727.2402344
18690 10720.0996094
18751 10707.1044922
18811 10695.2568359
18871 10681.7558594
18931 10671.7744141
18991 10656.9921875
19051 10645.8222656
19111 10633.1640625
19171 10623.7148438
19231 10609.0898438
19292 10596.7460938
19352 10583.9423828
19412 10572.0322266
19472 10558.9121094
19532 10545.5322266
19592 10531.6054688
19652 10521.6904297
19712 10510.2578125
19772 10496.9736328
19833 10486.0341797
19893 10476.2460938
19953 10463.2900391
19990 10456.1503906
20027 10449.9414062
20087 10438.8759766
20147 10428.8603516
20189 10421.9248047
20210 10417.2080078
20224 10412.4697266
20242 10408.8701172
20285 10402.4345703
20320 10393.1972656
20339 10390.1005859
20359 10384.7441406
20369 10383.5673828
20379 10381.6103516
20389 10378.6972656
20400 10377.3808594
20410 10374.3183594
20420 10373.0625
20430 10371.3769531
20441 10369.2402344
20476 10362.3652344
20536 10351.0927734
20596 10337.7177734
20656 10327.1708984
20716 10315.265625
20776 10303.9716797
20837 10292.0537109
20897 10279.0205078
20957 10264.9726562
21017 10255.2207031
21069 10247.1220703
21111 10239.3583984
21161 10231.7734375
21221 10218.6308594
21281 10208.1044922
21341 10197.7822266
21383 10191.3535156
21424 10182.7177734
21484 10170.5693359
21528 10160.53125
21549 10156.8691406
21587 10148.1289062
21647 10141.8017578
21707 10132.6992188
21767 10121.4902344
21828 10107.2285156
21888 10096.578125
21948 10084.7539062
22010 10077.6132812
22047 10067.5380859
22092 10058.5908203
22114 10057.78125
22133 10052.9902344
22173 10044.3095703
22233 10030.7783203
22293 10018.4140625
22353 10010.0048828
22413 9998.95117188
22473 9987.50878906
22534 9974.31835938
22594 9967.44921875
22654 9954.64941406
22714 9943.59375
22774 9933.48730469
22834 9921.78027344
22891 9908.93066406
22949 9900.06445312
22987 9893.63183594
23025 9884.41796875
23085 9873.24511719
23145 9862.45996094
23205 9855.2109375
23265 9843.16699219
23326 9833.09765625
23386 9819.90722656
23421 9812.85546875
23456 9808.39550781
23516 9796.01269531
23557 9790.12109375
23598 9784.49902344
23658 9773.87695312
23696 9764.83691406
23734 9758.57617188
23769 9750.08984375
23804 9747.36914062
23861 9735.71875
23919 9724.64160156
23979 9716.44726562
24039 9706.24804688
24100 9696.42382812
24160 9685.63867188
24220 9673.16210938
24280 9660.37988281
24340 9652.99707031
24400 9641.67871094
24460 9629.04394531
24520 9618.36132812
24580 9607.89160156
24641 9598.56445312
24821 9565.94042969
24881 9556.41113281
25121 9354.62695312
25182 9344.06542969
25242 9334.3359375
25302 9324.65527344
25362 9316.19238281
25422 9305.15820312
25482 9295.2421875
25542 9285.29199219
25602 9274.90136719
25662 9265.90234375
25723 9256.41113281
25783 9246.28808594
25843 9236.37597656
25903 9226.62207031
25963 9217.265625
26023 9207.63378906
26083 9198.1953125
26143 9186.10058594
26203 9177.02929688
26264 9164.12792969
26324 9156.41992188
26384 9144.44335938
26444 9132.65722656
26504 9123.43457031
26558 9116.5859375
26596 9113.44921875
26642 9106.75292969
26687 9100.31445312
26733 9094.17773438
26793 9084.6953125
26853 9074.609375
26913 9067.50878906
26973 9056.53125
27034 9045.828125
27094 9037.22949219
27154 9028.93066406
27214 9021.52539062
27274 9011.44824219
27334 9002.87109375
27394 8993.60449219
27454 8982.75878906
27514 8976.19726562
27575 8967.17382812
27635 8954.3359375
27695 8945.98730469
27755 8936.66796875
27995 8758.25097656
28055 8748.97753906
28116 8740.00683594
28176 8729.97265625
28236 8727.53808594
28274 8725.51367188
28312 8715.70214844
28373 8706.4765625
28433 8697.47558594
28493 8686.3046875
28553 8680.01367188
28613 8669.2578125
28673 8662.56347656
28733 8652.92089844
28974 8632.89453125
29034 8622.71582031
29094 8610.0390625
29154 8600.66699219
29214 8593.10058594
29274 8582.72558594
29335 8575.36621094
29395 8567.59082031
29455 8559.60546875
29515 8551.97265625
29936 8712.57714844
29996 8705.44628906
30056 8690.67773438
30116 8674.72558594
30176 8661.95117188
30236 8652.85546875
30296 8644.6328125
30356 8635.10644531
30417 8627.87011719
30477 8616.890625
30537 8610.3984375
30597 8602.68554688
30657 8591.52636719
30717 8575.8984375
30777 8570.49414062
30837 8560.70117188
30897 8551.46777344
30942 8542.28320312
30987 8536.74121094
31048 8527.56542969
31129 8513.84179688
31190 8508.49707031
31250 8497.84765625
31310 8489.20507812
31370 8479.35058594
31430 8471.41015625
31490 8464.21582031
31550 8454.72363281
31610 8443.56835938
31670 8433.75
31731 8424.54882812
31791 8416.82519531
31851 8408.05566406
31911 8398.99414062
31971 8391.20117188
32022 8382.91601562
32074 8375.20507812
32134 8366.52734375
32194 8357.35058594
32254 8348.62207031
32314 8339.1875
32375 8332.08007812
32435 8323.65527344
32495 8315.46191406
32555 8305.19140625
32615 8297.05371094
32675 8288.58691406
32735 8278.44042969
32795 8270.70507812
32838 8263.98144531
32881 8258.81152344
32942 8251.26269531
33002 8242.80371094
33062 8213.85253906
33182 8149.57910156
33242 8144.26660156
33302 8133.77294922
33603 8093.13574219
33663 8087.44433594
33723 8077.09082031
33783 8069.39160156
33843 8060.73876953
33903 8056.21582031
33963 8044.44042969
34024 8037.12402344
34084 8029.08203125
34144 8022.66796875
34204 8014.42675781
34264 8006.31103516
34324 7995.24609375
34384 7985.13769531
34444 7978.828125
34504 7971.21484375
34565 7960.98730469
34625 7952.94189453
34685 7945.11230469
34745 7936.97753906
34805 7928.734375
34865 7920.13964844
34925 7911.51269531
34985 7903.11865234
35021 7895.88671875
35056 7889.63085938
35112 7882.94335938
35168 7875.05273438
35229 7867.58056641
35289 7859.35058594
35349 7850.32861328
35409 7843.37402344
35469 7837.37353516
35529 7826.60302734
35589 7817.98925781
35649 7811.75146484
35709 7802.36962891
35770 7794.20703125
35830 7786.92236328
35890 7778.54443359
35950 7771.59472656
36010 7764.05371094
36070 7753.81933594
36130 7744.57080078
36190 7737.81689453
36250 7730.95654297
36311 7723.38378906
36371 7714.04736328
36431 7705.203125
36491 7699.19238281
36551 7690.95117188
36611 7681.35546875
36671 7672.66748047
36731 7663.89941406
36791 7659.82128906
36852 7649.55859375
36912 7640.74511719
36972 7634.5625
37032 7630.11132812
37067 7624.125
37102 7617.74853516
37162 7608.66699219
37222 7598.91699219
37258 7594.62548828
37293 7589.85546875
37353 7582.22753906
37413 7575.5
37473 7568.03369141
37533 7563.86962891
37593 7552.73681641
37654 7546.00585938
37714 7539.81005859
37774 7531.77148438
37834 7522.98193359
37894 7515.48339844
37954 7505.85009766
38014 7497.99755859
38074 7490.47070312
38134 7482.59130859
38195 7475.24755859
38255 7466.71386719
38315 7459.52490234
38375 7451.34472656
38435 7447.49316406
38495 7442.07617188
38555 7432.67871094
38615 7425.0390625
38675 7416.99609375
38727 7411.12646484
38779 7405.01318359
38839 7398.54833984
38899 7390.77050781
38959 7382.32080078
39019 7374.14013672
39140 7318.51904297
39200 7314.41894531
39260 7312.12695312
39380 7310.07958984
39440 7291.06738281
39500 7286.51708984
39560 7270.17871094
39621 7261.61035156
39681 7242.06445312
39741 7231.00585938
39801 7221.16845703
39861 7212.54150391
39921 7202.98046875
39981 7193.30615234
40041 7182.64355469
40101 7172.60107422
40161 7162.68212891
40222 7153.90087891
40257 7150.20556641
40267 7148.6015625
40277 7146.76025391
40288 7146.46435547
40323 7142.62109375
40383 7135.23876953
40443 7127.31591797
40503 7117.94873047
40563 7109.0703125
40623 7101.21679688
40683 7092.53857422
40744 7083.0625
40804 7072.11132812
40864 7064.75927734
40924 7057.20947266
40982 7050.34277344
41041 7044.42822266
41076 7039.71435547
41111 7034.60986328
41352 6807.546875
41532 6939.84521484
41592 6934.41113281
41653 6927.35742188
41700 6922.05712891
41748 6916.23925781
41789 6910.56152344
41830 6906.17529297
41890 6898.47607422
41950 6889.86083984
42010 6884.69042969
42071 6878.39306641
42131 6869.19238281
42191 6861.66650391
42251 6855.49658203
42311 6848.63623047
42353 6843.17431641
42371 6841.11279297
42406 6836.45654297
42466 6829.15917969
42526 6821.14160156
42586 6812.31201172
42646 6806.90722656
42706 6799.34570312
42766 6792.16699219
42826 6785.91162109
42887 6776.15722656
42947 6769.13232422
43007 6762.65771484
43067 6755.64501953
43127 6747.90380859
43187 6740.32714844
43247 6734.23974609
43307 6726.37841797
43367 6720.63525391
43428 6712.70703125
43488 6704.29003906
43548 6698.80859375
43608 6691.11279297
43668 6684.49365234
43728 6675.54003906
43788 6668.37988281
43823 6664.95214844
43855 6661.85888672
43912 6655.17138672
43972 6646.81005859
44032 6641.49560547
44092 6634.43457031
44152 6628.11669922
44212 6620.80224609
44272 6614.16064453
44332 6606.55322266
44393 6599.24169922
44453 6594.18115234
44513 6585.63574219
44573 6579.45898438
44633 6572.34130859
44693 6565.36425781
44753 6557.57714844
44813 6550.26464844
44873 6541.91796875
44934 6535.83740234
44994 6529.12890625
45054 6523.23828125
45114 6516.12939453
45174 6508.69677734
45234 6503.83984375
45294 6496.17431641
45354 6488.67138672
45414 6483.11425781
45475 6475.19091797
45535 6466.16015625
45595 6459.75
45655 6452.9375
45715 6446.36474609
45775 6439.16064453
45810 6435.54736328
45846 6430.59814453
45906 6424.96386719
45966 6418.97802734
46026 6414.16259766
46086 6406.24462891
46146 6397.8828125
46206 6390.53857422
46267 6382.27441406
46327 6376.8359375
46387 6370.42871094
46447 6363.42773438
46507 6358.71972656
46567 6351.15429688
46627 6343.25
46687 6336.70947266
46747 6328.25292969
46808 6322.37841797
46868 6316.47607422
46928 6309.46386719
46988 6303.59228516
47048 6296.79052734
47108 6291.53955078
47168 6283.44970703
47228 6275.29443359
47288 6269.40917969
47348 6263.17333984
47409 6259.77539062
47469 6253.52197266
47529 6247.61865234
47589 6242.18603516
47649 6236.04589844
47709 6227.41357422
47769 6220.24365234
47829 6214.27441406
47890 6209.97705078
47950 6203.30566406
48010 6197.03808594
48070 6191.3125
48130 6184.74511719
48190 6180.98339844
48250 6173.90234375
48310 6169.03369141
48370 6162.54882812
48431 6156.46142578
48491 6150.80322266
48551 6143.61035156
48611 6139.08544922
48671 6130.76660156
48731 6126.31494141
48791 6121.32275391
48851 6113.72705078
48912 6108.38818359
48972 6100.51660156
49032 6094.72949219
49092 6089.21142578
49152 6083.45605469
49212 6078.48046875
49272 6073.48632812
49332 6067.46337891
49392 6060.28808594
49453 6054.22753906
49513 6047.04443359
49573 6041.33105469
49633 6035.98730469
49753 6030.10839844
49813 6026.3828125
49873 6026.18212891
49933 6017.72607422
49994 6009.93847656
50054 6001.09033203
50114 5996.12597656
50174 5990.73974609
50234 5985.06201172
50294 5979.30175781
50354 5972.72314453
50414 5966.7578125
50475 5959.80566406
