0 15868.2519531
61 15854.0214844
121 15846.5908203
156 15818.3554688
191 15804.3720703
455 15610.6123047
1335 15120.9296875
1396 15100.8945312
1456 15083.6923828
1576 15022.5429688
1730 14933.2050781
1765 14916.3291016
1822 14887.9951172
1879 14868.0693359
2119 14750.8779297
2180 14742.6113281
2275 14677.2080078
2299 14662.0595703
2408 14610.4121094
2528 14554.8613281
2588 14538.5224609
3070 14309.890625
3287 14219.0126953
3505 14096.7822266
3685 13975.2783203
3866 13920.4228516
3986 13857.3222656
4046 13838.3310547
4417 14358.5292969
4453 14346.6074219
4488 14336.8564453
4548 14319.2236328
4608 14304.0244141
4668 14280.5927734
4728 14261.6328125
4788 14240.3613281
4848 14216.4375
4903 14201.6396484
4940 14191.6523438
4981 14177.5009766
5042 14157.1914062
5102 14135.8085938
5162 14119.1855469
5222 14099.4619141
5282 14078.0478516
5342 14061.3271484
5402 14040.8398438
5462 14023.0830078
5498 14012.7480469
5532 14003.4716797
5592 13980.5224609
5652 13963.7558594
5712 13946.1337891
5772 13925.2617188
5829 13910.015625
5886 13889.0507812
5946 13866.4619141
6006 13849.1132812
6058 13828.2480469
6110 13813.3251953
6170 13797.3017578
6231 13781.2324219
6291 13763.4580078
6351 13744.4277344
6411 13721.6015625
6471 13720.0664062
6531 13691.7246094
6582 13676.5478516
6633 13660.7705078
6693 13643.5136719
6753 13625.7802734
6813 13604.7412109
6873 13588.5791016
6925 13574.1533203
6977 13558.7714844
7038 13535.546875
7098 13520.0986328
7158 13503.3261719
7218 13488.2666016
7278 13472.9384766
7338 13455.6894531
7532 13361.9511719
7592 13354.5839844
7652 13337.3720703
7712 13318.1171875
7772 13298.4228516
7832 13286.8857422
7892 13274.2763672
7953 13248.8525391
8013 13233.8164062
8073 13216.1240234
8133 13194.0595703
8193 13179.0058594
8253 13160.7822266
8313 13146.8681641
8373 13119.5800781
8433 13106.53125
8494 13090.0664062
8554 13078.5712891
8614 13058.6767578
8674 13049.2080078
8734 13029.6376953
8854 13007.4619141
8914 12987.9101562
9035 12952.4394531
9095 12932.2050781
9155 12924.5517578
9215 12910.7841797
9275 12889.5722656
9335 12867.5439453
9395 12852.5576172
9455 12837.1035156
9876 13178.1806641
9932 13163.4453125
9989 13149.6894531
10049 13132.5439453
10109 13115.0976562
10169 13093.6464844
10229 13077.5117188
10289 13059.3544922
10350 13036.7509766
10410 13024.9960938
10470 13011.5722656
10530 12993.7998047
10590 12983.2050781
10650 12971.7441406
10710 12953.390625
10770 12935.9765625
10830 12917.7207031
10891 12903.7871094
10951 12888.1552734
11011 12872.6943359
11071 12859.0410156
11131 12844.6943359
11191 12831.7275391
11251 12813.0722656
11311 12796.1943359
11372 12780.6064453
11432 12766.2822266
11492 12752.4121094
11552 12735.3984375
11612 12717.71875
11672 12705.0371094
11732 12691.3232422
11771 12680.5595703
11810 12668.2167969
11870 12650.2636719
11917 12641.2421875
11963 12628.4394531
12023 12616.7011719
12083 12601.7724609
12143 12585.0146484
12203 12566.7128906
12264 12557.3388672
12324 12539.3330078
12384 12523.9697266
12444 12506.5996094
12488 12498.4902344
12533 12486.7675781
12593 12474.7880859
12653 12458.8544922
12713 12442.8457031
12774 12429.8505859
12834 12410.6552734
12954 12369.6162109
13014 12358.8740234
13049 12350.4296875
13084 12344.9042969
13143 12331.8017578
13203 12319.4755859
13263 12302.2851562
13323 12286.2734375
13383 12269.1982422
13443 12253.2978516
13503 12240.4296875
13564 12224.4199219
13599 12215.8896484
13634 12208.3789062
13694 12190.2910156
13754 12175.0322266
13815 12159.0585938
13875 12142.5205078
13935 12126.1904297
13995 12109.7314453
14055 12099.1943359
14115 12080.4912109
14175 12070.7763672
14235 12056.5810547
14295 12039.6904297
14331 12030.3847656
14360 12025.1308594
14413 12010.1855469
14484 11996.1171875
14544 11980.1132812
14604 11962.0820312
14664 11949.9716797
14724 11932.8417969
14784 11919.3203125
14845 11905.3251953
14905 11893.4326172
14965 11874.2246094
15025 11860.7578125
15085 11850.6992188
15145 11837.3007812
15205 11822.9023438
15265 11806.0888672
15325 11792.8935547
15386 11777.1191406
15446 11762.1982422
15506 11746.2373047
15566 11731.3076172
15626 11719.8339844
15686 11705.6816406
15745 11685.5556641
16101 11967.8896484
16161 11958.4775391
16196 11948.9375
16232 11941.453125
16267 11931.6621094
16302 11920.1650391
16362 11904.15625
16421 11890.734375
16481 11880.625
16541 11863.2753906
16602 11850.4140625
16662 11838.7753906
16722 11818.3808594
16782 11804.3740234
16842 11791.203125
16902 11778.53125
16962 11765.5410156
17022 11748.9560547
17082 11738.6650391
17143 11725.3310547
17203 11708.4023438
17263 11699.8105469
17323 11686.7060547
17383 11672.984375
17443 11658.1806641
17503 11645.9970703
17563 11630.3388672
17623 11615.8330078
17684 11601.7607422
17744 11588.2773438
17804 11573.8242188
17864 11554.4277344
17924 11539.0976562
17984 11527.3691406
18044 11512.1240234
18104 11500.5
18164 11486.7734375
18225 11472.3349609
18285 11460.7207031
18345 11445.7529297
18405 11431.5058594
18465 11418.5908203
18525 11404.3261719
18585 11389.3867188
18645 11377.1962891
18706 11361.3857422
18766 11349.9316406
18826 11332.4628906
18886 11319.0185547
18946 11306.5263672
19006 11295.3017578
19066 11283.4150391
19126 11268.1220703
19186 11256.7197266
19246 11241.3154297
19307 11229.3447266
19427 11188.4511719
19487 11185.0576172
19547 11171.1552734
19607 11154.9902344
19667 11151.2128906
19710 11140.9667969
19753 11130.0224609
19813 11115.4277344
19873 11106.7695312
19933 11091.3115234
19993 11075.3291016
20053 11066.1611328
20114 11057.6103516
20150 11046.8671875
20187 11038.2666016
20247 11025.953125
20307 11014.5371094
20368 10996.9228516
20428 10989.9003906
20488 10978.6640625
20548 10963.7207031
20608 10950.4785156
20668 10938.6455078
20728 10927.4873047
20788 10919.6054688
20849 10903.8271484
20909 10892.7265625
20969 10879.2529297
21029 10871.6591797
21089 10859.2421875
21149 10845.1289062
21209 10826.2333984
21269 10820.9277344
21329 10808.0068359
21390 10798.7568359
21450 10785.0527344
21510 10774.9160156
21570 10761.7392578
21630 10754.9648438
21690 10742.3730469
21750 10730.484375
21793 10721.5498047
21836 10713.2871094
21896 10698.4677734
21956 10686.2304688
22016 10674.9628906
22076 10663.4589844
22136 10650.796875
22197 10634.2783203
22257 10626.453125
22317 10612.9814453
22377 10599.3144531
22437 10590.5644531
22497 10576.7460938
22557 10565.0751953
22617 10552.5605469
22677 10540.4394531
22738 10528.4794922
22798 10518.7001953
22858 10503.9326172
22918 10493.9560547
22978 10482.2060547
23038 10468.6210938
23098 10457.5908203
23158 10442.5800781
23218 10433.2646484
23399 10250.0693359
23639 10229.875
23699 10217.4541016
23759 10205.96875
23820 10193.9863281
23880 10185.0595703
23940 10174.3466797
24000 10162.3447266
24060 10149.9394531
24120 10138.8691406
24180 10131.6445312
24240 10121.9550781
24301 10105.2353516
24358 10094.7910156
24417 10085.1142578
24477 10075.7822266
24537 10068.8632812
24597 10049.2929688
24657 10039.1748047
24717 10030.7871094
24777 10018.3134766
24838 10007.2099609
24898 9994.12402344
24958 9982.8828125
25018 9970.75292969
25078 9960.37304688
25138 9954.57714844
25198 9940.89453125
25258 9930.62695312
25318 9916.24609375
25379 9906.74023438
25439 9897.484375
25499 9887.85449219
25559 9875.77929688
25619 9867.23632812
25679 9856.46386719
25739 9848.59765625
25799 9837.36816406
25859 9822.57421875
25920 9812.35449219
25980 9802.62695312
26220 9599.609375
26280 9590.92480469
26340 9579.05371094
26400 9566.734375
26461 9556.86035156
26521 9547.03027344
26581 9538.01464844
26641 9527.2109375
26701 9520.83398438
26761 9511.30761719
26821 9501.078125
26862 9494.77636719
26903 9486.21289062
26963 9473.47265625
27023 9463.14453125
27083 9452.13769531
27143 9443.90527344
27203 9437.58105469
27264 9429.77246094
27324 9420.95019531
27384 9408.76171875
27444 9396.80566406
27504 9388.84277344
27564 9379.8828125
27624 9368.23144531
27684 9359.39648438
27744 9351.70703125
27780 9344.83496094
27815 9340.12695312
27875 9330.86523438
27935 9316.81054688
27995 9308.44238281
28056 9296.04492188
28116 9294.02734375
28176 9280.25488281
28236 9271.20703125
28296 9261.7890625
28356 9250.359375
28416 9239.76660156
28476 9231.78710938
28536 9220.63085938
28597 9215.72265625
28657 9206.08203125
28717 9195.95996094
28777 9184.41113281
28837 9168.58789062
28897 9163.73535156
28957 9157.296875
29017 9147.69726562
29077 9137.29296875
29138 9130.0390625
29198 9120.49121094
29258 9112.29003906
29318 9100.51464844
29378 9089.65136719
29438 9083.36328125
29498 9072.37207031
29558 9063.13671875
29618 9054.33300781
29678 9044.80078125
29739 9035.81445312
29799 9025.89746094
29859 9015.26464844
29919 9006.11035156
29979 9005.35546875
30014 9000.328125
30049 8977.73632812
30109 8976.0078125
30170 8973.66113281
30230 8964.33789062
30290 8955.25195312
30350 8947.66113281
30410 8938.49023438
30470 8930.68554688
30530 8922.66894531
30590 8912.85644531
30651 8903.6328125
30711 8895.20703125
30771 8886.74511719
30831 8876.27636719
30891 8870.41113281
30926 8865.30859375
30961 8858.82617188
31022 8848.33886719
31082 8842.66308594
31142 8833.671875
31202 8824.17871094
31262 8814.61523438
31322 8805.78125
31382 8797.0546875
31442 8786.37597656
31503 8777.95800781
31563 8768.74316406
31623 8760.64355469
31683 8750.32324219
31923 8926.09960938
32224 8896.36523438
32284 8887.04492188
32344 8876.12402344
32404 8867.33007812
32464 8857.16015625
32524 8847.21582031
32585 8836.22558594
32645 8827.47265625
32705 8821.44726562
32765 8811.13183594
32825 8794.97167969
32885 8785.36035156
32945 8775.16015625
33005 8770.02929688
33066 8759.49121094
33126 8749.71875
33186 8741.59570312
33246 8728.84570312
33306 8721.68554688
33366 8710.77832031
33426 8702.79589844
33486 8691.23339844
33546 8683.44335938
33606 8676.02148438
33667 8668.46484375
33727 8658.94335938
33787 8649.52246094
33847 8637.56640625
33907 8628.66601562
33967 8619.93554688
34027 8611.6171875
34087 8602.51464844
34147 8596.60839844
34208 8585.83300781
34268 8574.83203125
34328 8565.61816406
34388 8557.63769531
34448 8548.29882812
34508 8540.28613281
34568 8529.60742188
34628 8521.39746094
34688 8512.71289062
34749 8505.7890625
35155 8347.87011719
35202 8339.29980469
35262 8332.29394531
35322 8323.14746094
35382 8315.83886719
35442 8305.08496094
35502 8297.79492188
35562 8288.99414062
35622 8281.46484375
35683 8272.04980469
35743 8262.43359375
35803 8255.86230469
35863 8246.43652344
35923 8237.13378906
35983 8228.80371094
36043 8219.90527344
36103 8210.88671875
36164 8202.59863281
36224 8194.4453125
36284 8184.98242188
36344 8178.31689453
36404 8170.92382812
36464 8160.08496094
36524 8150.85449219
36584 8144.05810547
36644 8135.24462891
36704 8127.09814453
36765 8117.90820312
36825 8110.50195312
36885 8099.99414062
36945 8090.58154297
37005 8081.14160156
37065 8068.49414062
37125 8059.67138672
37185 8050.36572266
37246 8042.07617188
37306 8034.33789062
37666 7985.70019531
37727 7975.26806641
37787 7964.74804688
37847 7958.08984375
37907 7949.48583984
37967 7942.33349609
38027 7934.58886719
38087 7924.66845703
38147 7916.07275391
38207 7907.46240234
38257 7900.92480469
38307 7895.01464844
38367 7887.18603516
38428 7879.01513672
38488 7870.63769531
38548 7862.35742188
38608 7855.64013672
38668 7845.86865234
38728 7837.39941406
38788 7828.01367188
38848 7820.19824219
38908 7813.35986328
38969 7804.72558594
39029 7797.43066406
39089 7787.7578125
39149 7778.31152344
39209 7769.52832031
39269 7761.828125
39329 7754.51953125
39389 7746.45849609
39449 7739.89111328
39510 7731.64355469
39570 7722.41455078
39630 7716.70410156
39690 7706.35058594
39750 7697.14746094
39810 7692.79882812
39870 7685.88574219
39930 7676.45410156
39991 7668.32861328
40051 7661.38085938
40111 7651.09960938
40171 7641.95605469
40217 7633.94873047
40262 7629.90869141
40308 7625.15625
40353 7620.69042969
40414 7611.7421875
40474 7603.59130859
40534 7595.05419922
40594 7586.01318359
40654 7579.93408203
40714 7570.92089844
40774 7562.47363281
40834 7557.02392578
40894 7549.95458984
40954 7539.95898438
41015 7536.05810547
41075 7527.94091797
41135 7520.03466797
41195 7512.30224609
41255 7502.88574219
41315 7496.90576172
41375 7488.85449219
41435 7482.84619141
41496 7475.18457031
41537 7469.38330078
41579 7465.21142578
41640 7457.80175781
41701 7448.23779297
41761 7438.05029297
41821 7430.796875
41882 7422.20849609
41942 7416.64160156
42003 7410.61425781
42064 7402.48193359
42124 7394.0625
42186 7383.57861328
42226 7382.64941406
42264 7376.43652344
42324 7369.17529297
42384 7360.53857422
42445 7354.48339844
42505 7346.36865234
42565 7342.16894531
42625 7334.31298828
42685 7324.60302734
42745 7317.22949219
42805 7310.21972656
42865 7304.15820312
43046 7215.49121094
43106 7192.44628906
43226 7106.18505859
43286 7106.14111328
43346 7093.52441406
43406 7085.74902344
43466 7078.26757812
43527 7069.23974609
43587 7063.80957031
43647 7054.75244141
43707 7046.171875
43767 7039.21289062
43827 7030.73242188
43887 7024.04052734
43947 7018.51611328
44007 7010.83398438
44068 7001.71923828
44128 6993.21435547
44188 6987.65283203
44248 6980.33544922
44308 6972.85449219
44368 6965.54492188
44428 6957.75146484
44488 6950.40185547
44548 6943.39794922
44608 6936.35546875
44669 6930.01855469
44729 6922.69189453
44767 6917.97412109
44805 6912.83496094
44865 6906.31933594
44925 6900.34375
44985 6894.83398438
45045 6884.99121094
45105 6878.15917969
45165 6871.13574219
45226 6862.72949219
45286 6854.11767578
45346 6846.609375
45406 6838.89013672
45466 6832.58007812
45526 6826.87744141
45586 6819.50097656
45646 6812.0703125
45707 6793.21386719
45767 6784.30957031
45827 6775.41015625
45887 6768.58935547
45947 6759.38867188
46007 6752.31933594
46067 6744.62548828
46127 6738.65917969
46187 6733.19189453
46248 6726.12011719
46302 6718.86328125
46338 6714.890625
46380 6711.30761719
46500 6701.21875
46560 6695.17871094
46620 6688.66015625
46680 6682.19824219
46740 6676.671875
46801 6669.60302734
46861 6663.53515625
46921 6656.56494141
46968 6649.05566406
47016 6644.77929688
47076 6638.26660156
47136 6632.93310547
47196 6624.26464844
47256 6617.33642578
47316 6610.29785156
47376 6605.70361328
47437 6596.69970703
47497 6589.18505859
47557 6580.69091797
47617 6576.20556641
47677 6567.85205078
47737 6561.46679688
47797 6555.23486328
47857 6546.91503906
47917 6539.53710938
47977 6532.23242188
48038 6525.77490234
48098 6518.22216797
48158 6515.6953125
48218 6506.47460938
48278 6499.33154297
48338 6494.48144531
48398 6486.42871094
48458 6481.07763672
48518 6473.50341797
48579 6469.95263672
48639 6462.19628906
48699 6455.45996094
48759 6449.52441406
48819 6442.9609375
48879 6432.1015625
48939 6429.95410156
48999 6423.21533203
49059 6413.84765625
49095 6408.78027344
49130 6402.22802734
49190 6394.14599609
49251 6392.37792969
49311 6388.75585938
49371 6380.59130859
49431 6375.07861328
49491 6368.09277344
49551 6360.22705078
49611 6359.54296875
49671 6350.28222656
49731 6344.31689453
49792 6337.76269531
49852 6331.77539062
49912 6323.21142578
49972 6320.02636719
50032 6313.96630859
50092 6307.94824219
50152 6300.38818359
50212 6294.14404297
50273 6286.57128906
50333 6280.27099609
50393 6275.17529297
50453 6268.84375
50513 6261.94873047
50693 6260.25585938
50753 6254.80029297
50814 6253.28759766
50874 6252.18798828
50934 6236.42822266
50994 6229.18066406
51054 6223.46679688
51114 6217.77392578
51174 6211.34472656
51234 6205.40283203
51294 6199.390625
51345 6194.51318359
51395 6188.77539062
51455 6179.88378906
51516 6173.01171875
51576 6163.35205078
51636 6156.96875
51696 6148.19824219
51756 6140.25878906
51816 6135.31787109
51876 6129.62402344
51936 6120.99267578
51996 6113.36376953
52057 6106.16943359
52117 6098.85986328
52177 6091.62939453
52237 6083.55371094
52297 6076.76757812
52357 6070.9609375
