0 15586.6298828
271 15411.1728516
619 15196.2578125
668 15169.0195312
763 15115.3525391
785 15105.2792969
1262 14744.2695312
1371 14682.4414062
1420 14661.5859375
1456 14647.2744141
1492 14628.1611328
1552 14599.7324219
1733 14546.9462891
1913 14459.6376953
1973 14434.9716797
2093 14374.7138672
2154 14358.7880859
2274 14313.0478516
2394 14263.9042969
2437 14250.4140625
2479 14236.2832031
2539 14220.1855469
2647 14177.7900391
2694 14152.8867188
2754 14135.9716797
2815 14120.9091797
2875 14106.9179688
2925 14094.4824219
2954 14082.9775391
2975 14081.7597656
3017 14056.609375
3137 13996.7900391
3197 13979.3857422
3258 13970.1660156
3318 13947.2109375
3378 13922.7275391
3438 13897.9697266
3498 13875.5625
3558 13853.6455078
3678 13810.2128906
3739 13782.6552734
3799 13754.5878906
3859 13739.8417969
3979 13685.1855469
4363 13494.9892578
4423 13467.5917969
4543 13421.4726562
4603 13398.6835938
4664 13386.15625
4784 13323.9462891
4844 13303.3066406
4964 13246.4316406
5325 13796.4101562
5365 13783.6376953
5405 13771.6074219
5465 13757.8984375
5525 13736.0214844
5585 13716.7441406
5645 13693.7919922
5705 13681.1425781
5766 13664.7587891
5826 13645.3916016
5886 13624.8935547
5946 13607.1396484
6006 13589.6035156
6066 13572.3105469
6117 13556.4599609
6167 13542.8886719
6227 13523.9707031
6287 13505.3740234
6348 13485.7841797
6408 13463.8027344
6468 13454.1162109
6528 13437.3115234
6588 13420.9472656
6648 13404.7919922
6708 13383.1875
6768 13366.2080078
6828 13348.1582031
6872 13332.5009766
6915 13324.9296875
6975 13311.1572266
7036 13294.4921875
7096 13277.4873047
7156 13259.3544922
7328 13562.8476562
7388 13545.0175781
7749 13474.8613281
7809 13458.5410156
7869 13440.8330078
7929 13424.7636719
7989 13404.5146484
8049 13386.625
8110 13368.1347656
8170 13351.1796875
8230 13332.3447266
8291 13314.265625
8351 13297.3369141
8411 13282.6132812
8471 13264.9912109
8531 13250.4619141
8591 13234.9619141
8638 13219.3095703
8686 13207.0664062
8746 13192.1503906
8806 13174.9414062
8866 13159.484375
8926 13142.9550781
8986 13125.6240234
9046 13103.5039062
9107 13088.5341797
9167 13071.0087891
9227 13054.3632812
9287 13042.578125
9347 13024.9033203
9407 13007.0615234
9467 12993.9003906
9527 12974.859375
9587 12953.3544922
9648 12935.8076172
9708 12919.9960938
9768 12906.1513672
9828 12891.1171875
9948 12850.3554688
10008 12840.1923828
10068 12827.1679688
10128 12809.9453125
10189 12791.8681641
10249 12774.8779297
10309 12762.453125
10369 12748.5585938
10420 12734.9619141
10470 12720.4628906
10531 12703.0595703
10591 12684.8847656
10651 12672.8564453
10711 12660.7099609
10763 12644.1962891
10816 12629.7578125
10851 12621.0849609
10886 12613.2382812
10946 12594.6445312
11006 12580.0166016
11066 12563.3193359
11126 12547.7822266
11187 12531.6689453
11247 12516.4384766
11307 12501.5605469
11367 12489.0332031
11427 12471.3789062
11462 12459.7304688
11497 12453.15625
11533 12442.0068359
11568 12430.6884766
11628 12418.7197266
11688 12407.7011719
11748 12395.5566406
11808 12373.1367188
11868 12363.5498047
11928 12349.8623047
11988 12333.03125
12049 12315.296875
12109 12303.5498047
12169 12282.84375
12229 12271.0888672
12289 12256.3164062
12324 12248.1611328
12360 12240.5849609
12420 12223.8828125
12477 12212.3427734
12535 12199.1435547
12595 12185.2119141
12655 12165.3574219
12956 12092.6542969
13016 12079.7568359
13076 12065.0146484
13136 12049.8857422
13196 12034.1064453
13256 12019.9521484
13316 12007.5224609
13352 11998.9511719
13388 11989.5361328
13448 11975.0595703
13508 11960.5761719
13568 11948.7802734
13629 11936.7207031
13689 11917.828125
13749 11904.4238281
13809 11892.5224609
13869 11881.2666016
13929 11859.3964844
13989 11851.6035156
14049 11833.1210938
14109 11818.6259766
14170 11804.4257812
14230 11790.3505859
14290 11775.0644531
14350 11760.9882812
14410 11745.6660156
14470 11732.9355469
14530 11719.0576172
15004 11933.9130859
15064 11921.0576172
15124 11904.9228516
15184 11889.9824219
15244 11877.2314453
15304 11861.9931641
15364 11843.9130859
15424 11831.6699219
15485 11820.9824219
15545 11807.7558594
15605 11790.21875
15665 11774.5224609
15725 11758.2509766
15785 11745.9306641
15845 11729.4443359
15905 11716.2607422
15965 11703.9755859
16026 11689.2138672
16086 11673.3427734
16146 11661.0253906
16206 11645.9013672
16266 11629.3046875
16326 11617.2558594
16380 11602.75
16434 11590.9882812
16469 11583.0566406
16505 11576.8769531
16565 11563.6748047
16625 11547.5097656
16685 11530.7382812
16745 11517.9658203
16805 11504.2792969
16865 11490.5878906
16925 11478.2402344
16985 11464.5751953
17045 11451.4511719
17106 11436.4335938
17166 11423.9472656
17226 11411.4707031
17286 11393.953125
17346 11376.1982422
17466 11354.4931641
17526 11341.7363281
17586 11328.9306641
17647 11315.7597656
17707 11300.6513672
17767 11286.1708984
17806 11275.6982422
17844 11263.3789062
17905 11254.2070312
17965 11241.7568359
18025 11230.9511719
18085 11203.9521484
18145 11197.9746094
18205 11183.9628906
18265 11165.6474609
18325 11153.2373047
18385 11138.9824219
18446 11128.1748047
18506 11116.0263672
18566 11101.8974609
18626 11085.4980469
18686 11069.5849609
18746 11057.7822266
18806 11043.0771484
18866 11030.8476562
18927 11018.9052734
18987 11001.6191406
19047 10987.3945312
19088 10977.3681641
19105 10971.3642578
19140 10966.1787109
19200 10952.2373047
19260 10939.9511719
19320 10923.0771484
19381 10913.1376953
19441 10902.3955078
19501 10892.0195312
19561 10873.4326172
19621 10860.953125
19681 10846.953125
19741 10836.2167969
19801 10821.5820312
19861 10809.0234375
19922 10796.0478516
19982 10780.9599609
20042 10772.4814453
20077 10765.6210938
20112 10759.9882812
20173 10743.5644531
20230 10734.0078125
20287 10723.2734375
20347 10711.1806641
20407 10698.3369141
20468 10688.3017578
20528 10674.203125
20588 10661.9628906
20648 10646.8583984
20708 10633.9121094
20768 10625.5429688
20828 10611.7285156
20888 10601.5175781
20948 10590.9931641
21009 10578.3125
21064 10565.9277344
21119 10553.7597656
21154 10547.9345703
21189 10541.0576172
21235 10534.6025391
21281 10523.4628906
21341 10514.2529297
21401 10504.7900391
21461 10489.5888672
21521 10475.6728516
21582 10467.6328125
21642 10462.0898438
21702 10449.1044922
21762 10440.2246094
21822 10434.6220703
21882 10417.859375
21942 10406.8564453
22002 10399.515625
22038 10392.6103516
22070 10388.6806641
22128 10382.1435547
22188 10372.7021484
22248 10358.7919922
22308 10357.1738281
22368 10344.2929688
22428 10335.4599609
22489 10322.8681641
22532 10314.2783203
22576 10305.4267578
22637 10299.0039062
22697 10288.4296875
22757 10277.9492188
22817 10267.5107422
22877 10256.8515625
22937 10241.9443359
22997 10231.8017578
23057 10224.8574219
23117 10210.7050781
23177 10200.7802734
23238 10188.0546875
23298 10180.75
23358 10170.4033203
23418 10157.9638672
23478 10143.9238281
23538 10130.8710938
23658 10108.5
23719 10100.1376953
23779 10087.7080078
23839 10074.3369141
23899 10062.9970703
23959 10050.9023438
24019 10045.0546875
24079 10037.1083984
24139 10025.0566406
24199 10012.7099609
24260 10000.3525391
24320 9990.45996094
24380 9980.86035156
24440 9967.04003906
24500 9957.84082031
24740 9780.97460938
24801 9770.5625
24861 9760.69921875
24911 9752.48632812
24961 9744.67675781
25022 9735.77734375
25082 9724.09375
25142 9711.50683594
25202 9697.73730469
25262 9687.64648438
25322 9676.95703125
25382 9664.45410156
25442 9652.52246094
25503 9636.35839844
25563 9618.08691406
25623 9610.17773438
25683 9600.45019531
25743 9592.11621094
25803 9582.07617188
25863 9573.81347656
25921 9567.43554688
25980 9558.05175781
26015 9550.15625
26050 9548.97949219
26110 9538.14550781
26170 9529.31542969
26230 9515.9765625
26291 9504.04394531
26351 9493.15429688
26411 9486.57910156
26471 9473.58886719
26531 9464.20410156
26591 9453.97949219
26641 9442.10644531
26689 9434.82128906
26748 9423.22851562
26801 9412.27148438
26855 9404.13964844
26915 9392.6171875
26975 9383.39550781
27035 9372.88085938
27095 9361.91699219
27296 9161.95996094
27356 9151.96386719
27671 9179.68652344
27731 9170.65820312
27791 9162.28515625
27852 9154.14648438
27912 9142.20898438
27972 9131.93554688
28033 9122.74804688
28094 9112.94238281
28154 9102.26269531
28214 9092.86230469
28274 9084.68847656
28334 9077.20019531
28394 9065.33496094
28454 9057.34667969
28511 9047.01757812
28548 9040.0859375
28590 9031.20898438
28650 9023.67675781
28710 9013.27539062
28770 9008.70996094
28830 8997.984375
28890 8989.18164062
28950 8980.85546875
29010 8971.58789062
29071 8959.39355469
29131 8947.99414062
29191 8941.67675781
29251 8931.37207031
29291 8926.6171875
29331 8919.12207031
29391 8911.46289062
29451 8902.90136719
29511 8892.63867188
29571 8886.16503906
29631 8874.02832031
29692 8865.35449219
29752 8855.99707031
29812 8843.25195312
29866 8836.98339844
29920 8831.859375
29980 8819.75097656
30040 8812.71582031
30100 8805.15039062
30160 8792.72167969
30220 8789.85253906
30281 8777.875
30341 8766.84179688
30401 8755.02246094
30461 8752.85253906
30882 8888.98242188
31002 8829.40136719
31062 8820.83691406
31122 8812.27539062
31182 8804.078125
31242 8790.49511719
31302 8781.57226562
31363 8771.59082031
31423 8765.22070312
31483 8756.85449219
31543 8745.65234375
31603 8735.06152344
31663 8725.58984375
31723 8715.21289062
31783 8706.1484375
31843 8696.82714844
31904 8690.43359375
31964 8684.1171875
32011 8676.70605469
32059 8670.30078125
32119 8659.91796875
32480 8606.72265625
32540 8596.30371094
32600 8586.0390625
32660 8577.41015625
32720 8569.13378906
32780 8559.52832031
32840 8553.04394531
32900 8545.06152344
32951 8537.94238281
32978 8531.80273438
32989 8531.16699219
33001 8528.77832031
33012 8527.75585938
33034 8525.60839844
33079 8520.3125
33140 8513.47070312
33200 8503.83691406
33260 8494.2734375
33320 8482.33300781
33380 8476.67578125
33440 8469.48339844
33500 8462.16113281
33539 8457.08007812
33579 8451.66699219
33614 8445.87890625
33649 8437.47851562
33709 8429.48242188
33769 8418.55371094
33829 8412.29199219
33889 8403.11425781
33950 8396.66308594
34010 8388.1953125
34070 8378.86328125
34130 8371.20605469
34190 8361.82617188
34250 8354.15332031
34310 8345.19140625
34370 8337.37402344
34430 8328.58691406
34491 8318.90917969
34551 8310.4609375
34611 8300.38964844
34662 8294.66503906
34714 8291.55957031
34774 8284.34472656
34825 8277.01757812
34877 8268.60742188
34937 8259.54589844
34997 8251.35449219
35057 8242.85644531
35117 8235.15917969
35177 8227.82714844
35237 8219.9296875
35298 8211.28808594
35333 8207.42480469
35343 8203.63671875
35378 8199.11816406
35428 8190.85302734
35477 8183.26220703
35537 8175.82470703
35598 8168.75927734
35658 8162.74072266
35718 8155.90234375
35778 8147.17773438
35838 8137.91943359
35898 8127.73779297
35958 8118.84960938
36018 8108.97705078
36079 8102.56103516
36139 8095.68310547
36199 8087.10205078
36259 8080.26660156
36319 8074.81591797
36379 8068.95361328
36439 8059.28222656
36499 8048.40136719
36559 8039.19287109
36607 8027.7265625
36655 8025.66113281
36715 8015.62988281
36775 8009.51220703
36835 8002.34521484
36895 7993.24755859
37204 7957.39306641
37264 7946.32861328
37324 7937.48046875
37384 7928.51025391
37444 7920.23828125
37504 7914.01367188
37564 7907.29199219
37624 7901.37744141
37660 7896.078125
37696 7890.74023438
37731 7886.01416016
37745 7882.77880859
37785 7879.28564453
37845 7868.98095703
37905 7860.84179688
37965 7854.31591797
38025 7846.94628906
38085 7839.94384766
38146 7830.99267578
38206 7822.67919922
38266 7811.89794922
38326 7803.78662109
38386 7798.12402344
38446 7789.95947266
38506 7786.12597656
38566 7777.45263672
38626 7768.32421875
38687 7760.51171875
38747 7752.07666016
38807 7746.14111328
38867 7737.45507812
38927 7730.84423828
38987 7721.96240234
39047 7716.03125
39107 7706.16796875
39168 7697.39404297
39228 7691.56201172
39288 7682.54589844
39348 7675.54638672
39408 7668.35644531
39468 7661.53320312
39510 7655.67626953
39552 7650.47265625
39612 7643.6875
39672 7635.99902344
39732 7628.71826172
39792 7620.41162109
39852 7612.11328125
39912 7604.69628906
39973 7598.08984375
40033 7591.37011719
40093 7582.75097656
40153 7575.78320312
40213 7567.81738281
40273 7562.59521484
40333 7554.84863281
40393 7546.68945312
40453 7538.65722656
40514 7531.53613281
40574 7523.33056641
40634 7515.28271484
40694 7509.22119141
40754 7501.08789062
40814 7493.11669922
40874 7485.68896484
40934 7479.1953125
40994 7471.42431641
41055 7463.33300781
41115 7459.33886719
41175 7451.06445312
41235 7443.48925781
41295 7436.25195312
41477 7337.43359375
41537 7332.86083984
41597 7326.70654297
41650 7319.76660156
41704 7313.69580078
41764 7305.31689453
41824 7299.23535156
41884 7292.29736328
41944 7286.92871094
42004 7280.00927734
42065 7268.99560547
42125 7262.00634766
42185 7253.38623047
42245 7247.68164062
42305 7238.93457031
42365 7232.67578125
42425 7225.72802734
42485 7219.16308594
42546 7213.234375
42606 7204.82275391
42666 7199.296875
42726 7193.68554688
42786 7186.26220703
42846 7179.10791016
42906 7171.72265625
42966 7164.63671875
43012 7159.16552734
43035 7156.07421875
43050 7153.87451172
43088 7148.69726562
43148 7144.42626953
43208 7138.12402344
43268 7129.50732422
43448 7010.98339844
43509 7004.18359375
43569 6997.11621094
43629 6990.7265625
43689 6986.15576172
43749 6974.40966797
43809 6971.62744141
43869 6964.79248047
43929 6957.91699219
43989 6950.96630859
44050 6940.99365234
44110 6935.43798828
44151 6930.81445312
44193 6926.97509766
44253 6918.73632812
44313 6913.98388672
44374 6907.44091797
44434 6901.46484375
44494 6893.13916016
44554 6886.1484375
44614 6880.52783203
44674 6874.96728516
44734 6865.86035156
44794 6861.36914062
44854 6854.96777344
44915 6848.89111328
44975 6842.22070312
45035 6837.44287109
45095 6829.48193359
45155 6822.36035156
45197 6818.07324219
45238 6811.47119141
45299 6804.37353516
45359 6800.15673828
45419 6790.17382812
45479 6784.4765625
45539 6778.03613281
45599 6772.73974609
45659 6765.61230469
45719 6760.19970703
45779 6753.00488281
45840 6745.80273438
45900 6739.48486328
45960 6732.93408203
46020 6727.35009766
46080 6721.76025391
46140 6714.43798828
46200 6707.71728516
46260 6702.69921875
46320 6695.15820312
46381 6688.45361328
46441 6682.34765625
46501 6674.51660156
46561 6669.28417969
46621 6661.79833984
46681 6655.60595703
46741 6650.68896484
46801 6640.80712891
46861 6632.00537109
46922 6631.35839844
46982 6626.18945312
47042 6619.48242188
47102 6614.0546875
47162 6607.53027344
47222 6601.08447266
47282 6596.01074219
47342 6589.59667969
47402 6581.89013672
47463 6573.92871094
47523 6570.41259766
47583 6563.57470703
47643 6555.38574219
47703 6549.85107422
47763 6544.13867188
47823 6539.47509766
48244 6513.87939453
48304 6500.76416016
48364 6497.83544922
48484 6440.35351562
48520 6437.28417969
48555 6434.50537109
48615 6430.19433594
48675 6423.71337891
48735 6416.98730469
48796 6409.94580078
