0 14713.9033203
424 14407.4384766
640 14305.1103516
1647 14070.609375
1694 14053.4101562
2041 13906.8847656
2088 13894.0029297
2449 13770.9980469
2990 13573.7460938
3050 13557.4746094
3240 13467.6982422
3421 13411.3466797
3481 13393.8027344
3822 13264.3515625
3848 13245.8496094
3879 13238.3867188
3924 13225.1445312
4001 13191.9677734
4181 13126.0478516
4529 12983.8662109
4637 12951.8251953
4937 12840.0488281
5226 12718.0761719
5287 12702.5351562
5322 12690.3652344
5357 12682.0234375
5597 12574.7939453
5718 12538.5292969
5778 12520.0908203
6138 12387.6777344
6259 12358.2119141
6499 12273.1416016
6545 12265.1552734
6591 12256.0
6651 12244.9082031
6831 12184.7294922
6892 12166.5976562
7072 12103.9853516
7132 12091.9091797
7535 12447.4931641
7595 12431.7822266
7656 12416.8193359
7716 12401.2412109
7776 12388.2910156
7836 12375.4570312
7940 12347.4072266
8000 12329.5332031
8060 12317.7939453
8120 12303.7890625
8360 12521.6484375
8421 12510.3564453
8462 12499.1220703
8504 12482.546875
8564 12467.8505859
8805 12481.8896484
8865 12472.6083984
8925 12464.5546875
8985 12450.9208984
9045 12441.9746094
9105 12427.5214844
9165 12412.7285156
9225 12397.9746094
9286 12384.1894531
9346 12371.9833984
9406 12355.8632812
9466 12340.7978516
9526 12325.6162109
9586 12308.1875
9646 12296.734375
9706 12279.65625
9766 12266.7578125
9815 12254.0615234
9865 12245.9414062
9925 12230.7519531
10045 12187.0253906
10105 12174.7978516
10226 12146.9130859
10286 12133.3916016
10346 12117.7314453
10406 12102.5419922
10466 12090.5732422
10526 12073.8740234
10586 12056.1123047
10646 12048.6796875
10706 12031.0878906
10767 12019.3876953
10827 12003.1601562
10887 11985.6884766
10947 11976.8623047
11007 11960.8251953
11067 11947.3603516
11127 11931.2099609
11187 11917.8554688
11247 11903.0654297
11308 11891.5205078
11368 11874.3652344
11428 11870.9824219
11488 11853.4443359
11548 11838.7412109
11608 11822.8369141
11668 11808.4199219
11728 11793.5761719
11788 11777.3701172
11824 11766.2011719
11859 11760.5703125
11919 11747.8330078
11979 11732.7353516
12039 11717.0869141
12100 11699.390625
12160 11683.3095703
12220 11664.8916016
12581 11616.7841797
12641 11603.0302734
12701 11585.0644531
12821 11552.8945312
12881 11536.3847656
12941 11524.6777344
13001 11512.421875
13121 11480.0839844
13182 11467.296875
13242 11451.9833984
13302 11434.09375
13362 11419.3574219
13422 11409.1494141
13482 11395.5634766
13542 11379.8066406
13663 11348.671875
13723 11337.3535156
13843 11304.7832031
13903 11288.7148438
13938 11281.6835938
13973 11268.7822266
14034 11255.6445312
14094 11239.59375
14154 11224.640625
14214 11211.6669922
14274 11200.8564453
14334 11185.3974609
14394 11167.78125
14515 11136.1884766
14575 11126.0859375
14635 11113.5654297
14695 11099.5595703
14755 11091.671875
14815 11080.4482422
14935 11045.625
14996 11041.8857422
15116 11012.1923828
15597 11262.4404297
15657 11244.8710938
15717 11233.4902344
15777 11220.0205078
15837 11203.1601562
15897 11190.734375
15957 11175.3994141
16017 11162.1552734
16138 11130.1337891
16315 11079.9296875
16495 11031.2138672
16555 11018.1142578
16615 11001.8417969
16675 10990.4404297
16735 10977.4785156
16856 10952.0537109
16976 10919.4003906
17036 10903.1943359
17096 10896.5820312
17156 10889.5029297
17216 10873.1523438
17276 10856.125
17337 10842.5449219
17397 10833.4345703
17457 10825.2294922
17577 10801.7431641
17637 10784.8496094
17672 10779.7001953
17708 10769.0527344
17768 10765.3173828
17828 10755.0371094
18008 10727.4501953
18068 10711.8759766
18129 10696.6142578
18189 10693.921875
18249 10683.6064453
18309 10671.9931641
18369 10663.0419922
18489 10634.6201172
18549 10629.3886719
18609 10619.6083984
18670 10609.0253906
18730 10602.5341797
18790 10587.3027344
18850 10582.5869141
18910 10569.4501953
18970 10553.0605469
19030 10544.6337891
19271 10457.0371094
19331 10443.3505859
19391 10430.3984375
19451 10422.3242188
19511 10415.7910156
19571 10401.0761719
19631 10383.9970703
19692 10381.2724609
19752 10368.9970703
19812 10357.3300781
19872 10350.6796875
19932 10340.0527344
19992 10331.4521484
20043 10327.5898438
20093 10315.0244141
20154 10309.4072266
20214 10297.5742188
20454 10305.2509766
20634 10145.8818359
20695 10137.2128906
20755 10126.0644531
20815 10114.9931641
20875 10102.59375
20935 10093.9912109
20995 10082.1904297
21055 10071.1035156
21115 10059.7890625
21176 10049.9121094
21236 10039.7558594
21296 10027.8681641
21356 10018.3857422
21416 10008.3085938
21476 9995.41503906
21536 9985.79101562
21596 9977.11621094
21656 9963.96191406
21717 9952.56835938
21777 9940.74316406
21837 9929.52441406
21897 9920.52246094
21957 9910.24414062
22017 9901.55078125
22077 9889.64941406
22137 9877.57421875
22198 9867.76074219
22258 9857.98046875
22318 9850.01855469
22378 9839.53222656
22425 9828.71972656
22472 9821.15625
22532 9809.98730469
22593 9798.60839844
22653 9788.75976562
22833 9615.7421875
22893 9605.45507812
22953 9595.02636719
23013 9587.09863281
23074 9577.05859375
23134 9565.20605469
23194 9553.97949219
23254 9542.38867188
23314 9533.83691406
23374 9523.50097656
23427 9512.74707031
23459 9507.5390625
23473 9507.0078125
23509 9501.49609375
23569 9490.00488281
23604 9483.59765625
23614 9481.56835938
23631 9480.3203125
23673 9475.70898438
23733 9466.23632812
23793 9456.28710938
23853 9445.71777344
23913 9433.67285156
23973 9422.34667969
24033 9414.92285156
24093 9402.44628906
24153 9392.8125
24214 9384.37695312
24330 9358.20019531
24387 9351.93261719
24447 9343.7265625
24500 9338.24511719
24553 9327.58984375
24613 9319.4609375
24673 9309.43554688
24733 9300.35839844
24793 9288.02636719
24853 9280.18164062
24913 9270.43066406
24973 9260.27050781
25034 9250.66894531
25094 9241.47363281
25154 9229.59082031
25214 9223.80664062
25274 9212.47363281
25334 9204.97558594
25394 9200.375
25454 9191.28710938
25514 9177.60449219
25575 9175.33691406
25635 9162.63476562
25695 9153.78320312
25755 9144.47949219
25815 9137.91992188
25875 9130.4375
25935 9120.40625
25995 9113.75683594
26055 9103.7734375
26116 9093.49511719
26176 9082.85253906
26236 9072.99414062
26296 9066.35058594
26356 9061.02929688
26416 9047.56835938
26476 9039.015625
26536 9030.03222656
26578 9023.94824219
26620 9018.91308594
26681 9009.25488281
26737 9001.09765625
26793 8991.1171875
26853 8982.05273438
26913 8974.56933594
26973 8962.4453125
27033 8951.35351562
27093 8944.20214844
27153 8930.81445312
27214 8925.71679688
27274 8914.34277344
27334 8904.50195312
27394 8895.37695312
27454 8885.57519531
27514 8875.92871094
27562 8866.7734375
27609 8861.29882812
27669 8853.39257812
27729 8843.62792969
27790 8835.38769531
27850 8825.95800781
28331 8695.03222656
28391 8686.30664062
28631 8835.13378906
28932 8829.49121094
28992 8822.53027344
29052 8812.1484375
29112 8803.72167969
29172 8792.80761719
29232 8783.89648438
29292 8775.72753906
29353 8765.78027344
29413 8755.45410156
29473 8745.86914062
29533 8735.68164062
29593 8728.65527344
29653 8719.39160156
29713 8709.33886719
29773 8701.19628906
29833 8690.37890625
29894 8682.53027344
29940 8673.57226562
29974 8667.984375
29996 8665.16113281
30013 8663.23535156
30042 8658.28125
30077 8654.28515625
30123 8647.30859375
30182 8637.73046875
30242 8627.54980469
30302 8618.19726562
30362 8610.19042969
30422 8600.28320312
30482 8590.70214844
30542 8580.30175781
30602 8572.04101562
30662 8562.0859375
30723 8554.85351562
30783 8546.81445312
30843 8535.87011719
30903 8525.51757812
30963 8512.03710938
31023 8504.55273438
31083 8500.78710938
31143 8493.3359375
31203 8485.39453125
31264 8475.47265625
31324 8466.50488281
31384 8457.86035156
31444 8450.09863281
31504 8438.89941406
31564 8430.34375
31624 8422.17578125
31684 8412.43457031
31744 8405.59179688
31805 8395.39941406
31865 8387.14160156
31901 8379.30957031
31937 8375.05566406
31998 8365.04589844
32058 8356.79882812
32099 8350.72167969
32140 8344.84863281
32185 8342.55175781
32230 8334.34179688
32290 8325.94042969
32350 8317.57617188
32410 8307.76660156
32470 8297.11523438
32531 8290.40234375
32591 8282.53320312
32651 8273.91503906
32711 8263.70117188
32771 8254.84667969
32831 8245.9609375
32891 8236.60742188
32951 8229.61230469
33011 8221.921875
33072 8212.62304688
33132 8203.39453125
33192 8194.9765625
33252 8187.53857422
33312 8178.58740234
33372 8170.20703125
33407 8162.02294922
33442 8162.01025391
33502 8153.98193359
33561 8146.95410156
33621 8137.87841797
33681 8129.30126953
33742 8120.78808594
33784 8117.25
33827 8110.80761719
33887 8101.84570312
33947 8093.20654297
34007 8082.70800781
34067 8072.47802734
34127 8066.54931641
34187 8060.06494141
34248 8050.86328125
34308 8043.43408203
34368 8035.93066406
34428 8030.16015625
34488 8021.67236328
34548 8012.02197266
34608 8005.74316406
34668 7997.50976562
34729 7986.13916016
34789 7978.60205078
34849 7967.32080078
34909 7960.94628906
34969 7953.17529297
35029 7947.85302734
35089 7938.29443359
35149 7930.88964844
35209 7920.52587891
35270 7912.32617188
35330 7905.54150391
35390 7894.67578125
35450 7887.13720703
35510 7879.59570312
35550 7874.63183594
35591 7869.35302734
35635 7864.30126953
35680 7859.98583984
35740 7850.75878906
35800 7842.28027344
35860 7833.12548828
35920 7827.13769531
35980 7821.67578125
36018 7815.53515625
36055 7810.66503906
36115 7802.82666016
36175 7794.47167969
36236 7786.68603516
36296 7779.8515625
36356 7772.21582031
36416 7766.11669922
36476 7757.19287109
36536 7748.53808594
36596 7737.36425781
36656 7730.35205078
36716 7722.53808594
36777 7714.69287109
36837 7707.98193359
36897 7701.328125
36957 7694.75537109
37017 7686.15332031
37077 7679.94970703
37137 7674.01611328
37197 7663.80371094
37257 7654.66503906
37318 7648.53417969
37378 7641.85449219
37438 7633.25341797
37498 7626.22949219
37558 7619.77001953
37618 7611.68847656
37678 7597.65185547
37757 7593.77441406
37818 7586.50488281
37878 7577.58691406
37938 7568.47363281
37998 7562.53027344
38058 7553.82373047
38118 7546.77490234
38178 7539.41699219
38238 7532.97900391
38299 7522.18603516
38359 7513.12451172
38419 7506.6015625
38454 7503.89746094
38489 7499.26220703
38549 7492.79589844
38609 7483.48779297
38669 7474.90380859
38729 7466.00732422
38790 7456.65332031
38850 7447.89648438
38910 7442.3671875
38970 7436.37597656
39030 7428.46435547
39090 7421.40234375
39150 7412.88769531
39210 7408.12841797
39270 7398.97070312
39308 7392.70703125
39346 7390.02929688
39407 7381.27246094
39467 7375.9765625
39516 7371.43701172
39564 7366.36523438
39622 7359.74365234
39863 7354.08203125
39923 7344.31347656
39983 7335.72070312
40043 7327.16699219
40103 7322.64404297
40163 7315.60986328
40224 7308.15576172
40284 7300.95410156
40344 7294.64892578
40404 7285.68554688
40464 7279.65869141
40524 7272.28320312
40584 7265.61376953
40644 7257.67773438
40704 7251.90136719
40765 7243.55224609
40825 7236.13818359
40885 7226.29541016
40945 7220.18505859
41005 7213.16455078
41065 7206.98730469
41125 7199.68505859
41185 7190.94775391
41245 7183.71777344
41306 7175.23193359
41366 7167.89306641
41426 7161.81640625
41486 7154.04199219
41546 7147.81884766
41606 7141.77685547
41666 7134.859375
41726 7127.29541016
41786 7120.43261719
41847 7111.49755859
41907 7104.54882812
41967 7098.86865234
42027 7090.40673828
42087 7085.84130859
42147 7079.50976562
42207 7070.0
42267 7064.93945312
42327 7056.09570312
42388 7049.2109375
42688 6882.61669922
42808 6850.22851562
42868 6842.52734375
42929 6836.12158203
42989 6834.85107422
43349 6960.81738281
43409 6954.45703125
43470 6944.78369141
43530 6937.78613281
43590 6928.73095703
43650 6919.02929688
43710 6910.75683594
43770 6905.05273438
43829 6897.08935547
43888 6887.56689453
43948 6879.0703125
44008 6871.60253906
44068 6863.44335938
44128 6856.63037109
44188 6848.72753906
44249 6841.08642578
44309 6834.03515625
44369 6826.12255859
44429 6817.04345703
44489 6808.96484375
44549 6801.10009766
44609 6793.40283203
44656 6786.50878906
44703 6779.7578125
44764 6772.88525391
44824 6763.63134766
44884 6757.81445312
44944 6748.97314453
45004 6740.57080078
45064 6732.67333984
45124 6724.046875
45160 6721.06884766
45195 6716.70166016
45255 6707.91503906
45315 6700.32568359
45375 6692.10644531
45435 6683.98535156
45495 6676.72460938
45555 6665.17724609
45616 6657.16601562
45676 6650.55615234
45713 6645.73974609
45750 6640.13378906
45810 6629.82275391
45871 6622.54736328
45931 6614.21582031
45991 6607.72119141
46051 6599.93017578
46111 6592.41357422
46171 6585.32568359
46207 6581.67871094
46243 6575.92236328
46293 6568.67871094
46342 6563.17724609
46402 6557.01220703
46463 6549.12744141
46523 6541.53173828
46583 6531.84619141
46643 6524.07177734
46703 6517.38818359
46763 6508.71728516
46823 6501.12988281
46883 6494.89990234
46943 6486.61523438
47004 6481.85986328
47064 6473.27636719
47124 6465.11962891
47184 6457.57714844
47244 6449.25830078
47304 6441.29345703
47347 6435.41894531
47391 6432.16162109
47451 6427.20605469
47511 6419.40673828
47567 6413.65234375
47622 6405.83349609
47683 6400.20263672
47733 6393.05419922
47783 6391.04785156
47843 6383.30419922
47903 6375.39941406
47964 6368.61816406
48024 6361.97070312
48084 6353.56738281
48144 6346.06542969
48204 6341.84863281
48264 6334.23632812
48307 6329.21044922
48335 6326.52587891
48380 6318.17578125
48431 6315.40527344
48466 6312.24414062
48511 6306.15771484
48571 6299.80712891
48632 6292.55859375
48692 6284.98583984
48752 6277.44042969
48812 6272.54296875
48872 6265.84716797
48932 6257.33789062
48992 6250.68359375
49052 6244.18554688
49113 6237.65771484
49164 6227.96435547
49215 6227.25537109
49275 6220.80078125
49317 6214.95117188
49359 6209.86669922
49420 6204.26074219
49480 6196.68212891
49540 6189.63964844
49600 6183.30664062
49660 6175.85107422
49720 6169.99511719
49780 6163.96923828
49840 6153.84228516
49900 6150.77734375
49961 6142.47119141
50021 6136.09960938
50081 6129.60351562
50141 6122.32714844
50176 6117.83691406
50200 6114.87988281
50248 6109.58105469
50308 6101.80761719
50368 6095.24023438
50428 6088.59423828
50481 6083.20849609
50534 6078.6015625
50594 6070.70068359
50654 6063.0625
50714 6055.97558594
50775 6054.04101562
50835 6047.13183594
50895 6047.05175781
50955 6042.59033203
51015 6035.12402344
51075 6021.29833984
51135 6014.81005859
51194 6009.421875
51252 6003.65136719
