0 17016.65625
60 16998.5332031
490 16624.5996094
951 16379.0966797
1004 16360.1923828
1126 16304.0458984
1155 16290.0087891
1229 16290.9873047
1264 16289.3525391
1734 16028.8017578
2243 16227.7529297
2254 16223.8066406
2280 16211.578125
2513 16155.6777344
2573 16145.3701172
2693 16091.9755859
2711 16085.2832031
2733 16083.7724609
2807 16043.6679688
2889 15987.8681641
3274 15869.6992188
3370 15817.9941406
3399 15799.7294922
3555 15734.4033203
3697 15669.9814453
3733 15654.7597656
3764 15637.9199219
4050 15695.4384766
4080 15679.28125
4135 15665.7294922
4175 15648.0439453
4201 15640.203125
4246 15625.3789062
4281 15610.296875
4298 15603.6328125
4401 15596.9072266
4454 15587.5742188
4487 15578.7490234
4527 15560.9492188
5103 15338.4501953
5213 15349.9814453
5393 15286.6142578
5500 15240.1318359
5524 15227.6464844
5562 15213.6220703
5670 15173.1464844
5707 15161.2744141
5756 15145.5029297
5793 15130.4033203
5859 15131.5917969
5919 15130.0673828
6339 14968.8554688
6400 14951.09375
6474 14918.4980469
6510 14904.3232422
6611 14906.0292969
6976 14875.3935547
7018 14861.0097656
7177 14851.6689453
7297 14811.828125
7357 14795.4277344
7512 14735.4638672
7525 14728.7246094
7563 14720.6171875
7611 14705.1513672
7652 14692.0791016
7680 14679.0576172
7712 14667.9257812
7817 14625.9208984
7927 14618.2207031
8142 14535.6494141
8177 14519.5341797
8314 14464.3808594
8735 14347.5869141
9070 14227.2939453
9106 14221.1767578
9165 14186.1279297
9206 14181.3574219
9241 14162.6552734
9276 14155.0234375
9312 14140.9931641
9407 14143.6328125
9467 14139.2441406
9647 14071.2089844
9768 14031.9511719
9806 14016.6523438
9844 14008.1367188
9905 13989.9433594
9975 13983.6279297
10336 14010.5878906
10396 13992.9570312
10456 13976.2695312
10491 13962.0791016
10537 13956.3388672
10572 13943.2841797
10608 13932.2138672
10668 13918.1992188
10703 13909.6923828
10798 13913.0859375
10858 13894.7910156
10905 13887.9931641
10928 13883.4726562
10953 13874.0439453
11002 13858.7314453
11098 13827.1191406
11158 13810.7070312
11201 13796.0429688
11244 13782.2685547
11279 13777.5
11315 13764.421875
11375 13750.4306641
11435 13733.4052734
11543 13736.3740234
11580 13726.8691406
12254 13708.7734375
13049 13323.0087891
13163 13286.4257812
13191 13277.2431641
13227 13271.9130859
13347 13232.7119141
13407 13218.8417969
13502 13191.1542969
13531 13184.2519531
13585 13173.7314453
13705 13163.5107422
14057 13163.9208984
14117 13148.5390625
14177 13133.1455078
14231 13120.5078125
14283 13103.0019531
14402 13098.6181641
14462 13087.9248047
14582 13052.2890625
14642 13034.9394531
14702 13018.3164062
14762 13002.1123047
14823 12986.8544922
14883 12970.9638672
14943 12960.0517578
15003 12941.9296875
15183 12870.6640625
15243 12869.0615234
15303 12852.5859375
15364 12837.8652344
15424 12823.5361328
15484 12809.5703125
15544 12793.8720703
15604 12775.6015625
15663 12762.4462891
15842 12730.5996094
15902 12726.5351562
16023 12693.5595703
16083 12680.6835938
16143 12666.3691406
16203 12650.0302734
16263 12631.2138672
16323 12617.3759766
16383 12601.6748047
16443 12586.8505859
16503 12574.8583984
16564 12559.7275391
16624 12543.7880859
16684 12529.4296875
16744 12514.4560547
16804 12501.8300781
16864 12487.4580078
16984 12451.6972656
17044 12437.2734375
17105 12424.1044922
17165 12407.3730469
17285 12409.6767578
17345 12395.7294922
17405 12380.4023438
17465 12367.9091797
17525 12351.6894531
17585 12335.7197266
17706 12311.5068359
17826 12275.140625
18039 12261.2226562
18099 12245.1230469
18159 12232.5029297
18219 12218.6103516
18279 12200.1748047
18339 12184.3652344
18399 12171.8271484
18459 12160.3193359
18519 12146.2080078
18580 12129.4345703
18700 12119.6103516
18760 12119.5292969
18880 12084.1337891
18940 12070.7167969
19000 12054.4130859
19060 12044.8310547
19121 12032.8027344
19181 12015.6054688
19241 11999.8105469
19301 11990.2724609
19361 11976.8066406
19421 11961.8632812
19481 11948.7802734
19541 11935.1044922
19601 11919.2080078
19648 11904.5283203
19694 11895.7958984
19730 11888.8583984
19766 11877.6396484
19826 11867.7470703
19886 11855.1806641
19947 11839.3291016
20007 11823.7050781
20067 11812.9003906
20187 11814.6699219
20247 11802.3554688
20290 11791.0732422
20334 11780.0859375
20394 11766.9609375
20454 11754.0019531
20514 11741.0302734
20574 11726.75
20635 11711.4072266
20695 11697.5195312
20755 11683.5029297
20815 11672.1699219
20875 11661.9736328
20935 11647.7753906
20995 11636.6835938
21055 11620.0361328
21115 11605.8271484
21176 11594.3369141
21236 11580.5400391
21296 11565.7802734
21356 11554.6269531
21416 11539.4384766
21476 11523.375
21596 11526.0507812
21656 11511.4472656
21717 11498.0507812
21777 11488.2324219
21837 11474.7568359
21897 11461.4892578
21957 11451.1962891
22017 11436.2275391
22077 11419.9150391
22137 11406.8173828
22197 11394.6132812
22237 11386.2832031
22277 11376.4140625
22337 11362.6494141
22397 11352.6708984
22457 11337.6347656
22517 11329.9296875
22577 11318.0712891
22637 11303.8955078
22675 11291.8710938
22713 11284.5498047
22774 11273.453125
22834 11261.4404297
22894 11248.1025391
22954 11236.4746094
23074 11229.6259766
23134 11217.8076172
23195 11201.7470703
23255 11188.3759766
23315 11180.4150391
23615 11133.7470703
23675 11124.1650391
23736 11110.4023438
23772 11104.2558594
23808 11092.8574219
23869 11080.7167969
23929 11070.6064453
23989 11058.5634766
24229 10871.9267578
24290 10858.5585938
24350 10846.2363281
24410 10830.9775391
24548 10832.390625
24608 10820.5126953
24668 10809.5498047
24728 10795.1220703
24788 10785.1708984
24848 10771.6582031
24908 10759.7324219
24969 10745.5947266
25029 10733.09375
25089 10724.9091797
25149 10710.5019531
25209 10694.1025391
25269 10680.0507812
25329 10668.7099609
25389 10663.2783203
25449 10650.109375
25510 10636.5957031
25570 10623.0322266
25630 10608.8310547
25690 10600.7050781
25750 10590.3867188
25810 10579.1962891
25870 10566.8847656
25990 10566.4638672
26051 10554.8818359
26111 10547.1025391
26171 10539.3320312
26209 10531.046875
26247 10520.3125
26308 10509.8984375
26368 10496.7060547
26428 10486.125
26488 10473.2949219
26523 10465.5390625
26557 10462.6142578
26616 10454.8535156
26676 10439.5546875
26736 10425.6416016
27097 10384.2275391
27157 10368.9287109
27217 10351.5341797
27468 10133.0283203
27528 10123.7607422
27588 10115.7451172
27649 10105.5742188
27706 10092.4902344
27763 10083.1650391
27799 10074.8046875
27834 10069.5693359
27894 10058.4667969
27954 10043.7919922
28014 10035.7509766
28074 10025.0
28195 10018.4785156
28495 9969.81445312
28555 9959.20996094
28615 9949.1484375
28675 9937.60253906
28736 9926.19824219
28796 9919.65625
28856 9904.26757812
28916 9889.32910156
28976 9878.6796875
29036 9867.20117188
29096 9855.82421875
29149 9848.33496094
29202 9837.11621094
29262 9826.671875
29322 9815.04394531
29383 9803.96875
29443 9792.13769531
29503 9781.28808594
29556 9773.05664062
29610 9764.50976562
29645 9756.63476562
29680 9750.91503906
29740 9739.38671875
29800 9730.24121094
29860 9713.02441406
29910 9707.26367188
29960 9696.44824219
30020 9684.72753906
30080 9672.63183594
30140 9661.86230469
30260 9662.88476562
30554 9619.93554688
30614 9609.88574219
30674 9597.79882812
30735 9588.08398438
30795 9577.66699219
30855 9566.95800781
30915 9554.52246094
30975 9545.35449219
31035 9533.60644531
31095 9521.82714844
31155 9509.72070312
31215 9503.078125
31275 9491.28222656
31336 9479.24902344
31396 9468.88769531
31456 9459.31933594
31516 9450.26269531
31576 9439.09472656
31636 9429.18359375
31756 9417.66210938
32057 9373.93066406
32117 9366.80761719
32177 9353.80273438
32212 9341.96679688
32248 9338.74804688
32308 9330.29785156
32368 9318.82714844
32428 9309.23144531
32488 9298.99804688
32548 9287.29882812
32609 9278.51074219
32669 9268.546875
32729 9256.91015625
32789 9246.91699219
32849 9237.8203125
32909 9225.67578125
32969 9218.45898438
33029 9209.85253906
33089 9197.125
33270 9192.61132812
33330 9189.08789062
33390 9171.81054688
33510 9138.24609375
33570 9131.92480469
33630 9117.98339844
33691 9109.07617188
