0 6108.65039062
60 6098.10058594
120 6088.17382812
216 6066.59863281
251 6058.65625
311 6056.359375
431 6045.74121094
552 6008.00830078
652 5973.62988281
692 5965.53417969
984 5902.43310547
1104 5880.37646484
1285 5842.51269531
1765 5746.18017578
1886 5725.17333984
1946 5714.57275391
2126 5682.21533203
2487 5692.65527344
2547 5682.71972656
2607 5674.37304688
2667 5664.62744141
2727 5655.11230469
2787 5645.7578125
2848 5637.25927734
2908 5628.28466797
2964 5618.46923828
3020 5610.56347656
3080 5600.88671875
3201 5580.80419922
3261 5573.67236328
3321 5564.93652344
3441 5544.00048828
3501 5536.51806641
3561 5526.73583984
3621 5517.54541016
3682 5507.13671875
3742 5498.59716797
3802 5489.72949219
3841 5483.64404297
3881 5476.86083984
4061 5440.13623047
4121 5432.21142578
4181 5423.53320312
4242 5413.78222656
4302 5405.13085938
4344 5398.66259766
4386 5393.43994141
4446 5383.01269531
4506 5375.93212891
4566 5367.59716797
4627 5362.99316406
4687 5356.42041016
4747 5348.43701172
4807 5339.43994141
4867 5332.55566406
4927 5324.04833984
4987 5317.50341797
5047 5307.53222656
5107 5300.18603516
5168 5293.77441406
5228 5286.30664062
5288 5278.56347656
5348 5272.00488281
5408 5264.29492188
5468 5255.19580078
5528 5250.67626953
5648 5220.76269531
5709 5210.015625
5769 5201.88671875
5829 5193.39990234
5889 5184.58837891
6009 5165.75146484
6069 5156.81738281
6129 5150.04150391
6190 5140.61816406
6490 5147.21875
6550 5140.36767578
6610 5133.88476562
6670 5126.20800781
6731 5119.15625
6791 5111.57519531
6851 5105.22119141
6911 5098.50878906
6971 5090.95458984
7031 5084.21289062
7091 5076.26025391
7151 5068.10009766
7211 5062.10058594
7272 5055.85449219
7332 5048.45214844
7392 5042.98486328
7442 5037.52246094
7493 5032.25439453
7528 5029.15478516
7564 5024.67724609
7624 5018.42578125
7684 5012.38378906
7744 5008.33398438
7804 5003.50927734
7864 4995.78417969
7924 4987.66943359
7985 4979.08691406
8045 4972.046875
8086 4967.22216797
8128 4962.50048828
8188 4955.13476562
8249 4947.66552734
8309 4939.53417969
8369 4930.94726562
8429 4926.31542969
8489 4921.68847656
8549 4915.14550781
8609 4909.93115234
8669 4903.2421875
8729 4896.47753906
8790 4890.04931641
8850 4883.66357422
8910 4877.92041016
8970 4872.69775391
9030 4867.04101562
9090 4860.72412109
9150 4854.02148438
9210 4847.89355469
9270 4842.09277344
9331 4833.80566406
9391 4827.94433594
9451 4819.56835938
9511 4813.79199219
9571 4806.02929688
9631 4798.92431641
9691 4793.24316406
9751 4786.09912109
9812 4779.62011719
9872 4772.14941406
9932 4764.19140625
9992 4758.27929688
10052 4751.94433594
10112 4745.15087891
10172 4738.25976562
10232 4732.62304688
10292 4726.5078125
10353 4721.06445312
10413 4719.56591797
10533 4699.921875
10593 4694.82910156
10653 4687.7265625
10713 4681.01757812
10773 4675.4375
10833 4672.30761719
10894 4666.89257812
10954 4659.046875
11014 4651.43798828
11074 4645.79785156
11134 4639.02148438
11194 4632.22216797
11254 4628.54052734
11314 4622.19628906
11374 4616.0390625
11435 4609.03955078
11495 4603.42089844
11555 4595.21337891
11615 4589.54296875
11675 4584.25244141
11710 4582.15869141
11745 4577.00732422
11805 4571.37353516
11866 4564.91943359
11926 4558.40234375
11986 4551.49121094
12046 4544.88623047
12106 4539.00976562
12166 4533.39892578
12226 4526.38427734
12286 4522.77099609
12767 4617.953125
12827 4611.19189453
12888 4604.40234375
12948 4598.52490234
13008 4591.78808594
13068 4586.24804688
13128 4579.90380859
13188 4574.41748047
13226 4570.94335938
13264 4566.37060547
13324 4560.55957031
13384 4554.69433594
13444 4548.08007812
13504 4540.71582031
13565 4534.8046875
13625 4527.74560547
13685 4522.44384766
13745 4514.24658203
13805 4512.55517578
13865 4504.94482422
13925 4497.14306641
13985 4491.74121094
14045 4485.36132812
14106 4478.69677734
14155 4473.734375
14205 4468.54931641
14265 4463.97558594
14325 4456.67919922
14385 4447.67675781
14445 4442.70068359
14506 4436.25097656
14566 4429.89208984
14626 4423.57519531
14686 4416.33154297
14746 4408.69921875
14806 4402.56005859
14866 4400.75292969
14926 4392.76904297
14986 4386.14501953
15107 4373.50390625
15167 4366.61279297
15227 4360.0
15287 4351.77148438
15407 4341.3046875
15467 4337.79150391
15527 4328.03613281
15588 4319.05908203
15648 4316.29589844
15708 4308.23632812
15768 4301.50146484
15828 4296.50537109
15948 4281.05224609
16008 4276.09130859
16068 4269.50048828
16129 4262.20166016
16189 4254.54052734
16249 4250.08203125
16309 4245.79882812
16369 4237.83203125
16429 4229.08984375
16489 4220.03564453
16610 4216.47509766
16670 4206.84667969
16730 4201.40869141
16790 4192.82324219
16850 4184.63183594
16910 4180.33203125
16970 4170.52246094
17090 4163.49121094
17211 4147.86669922
17271 4140.38037109
17331 4135.11865234
17391 4130.09423828
17451 4123.77734375
17511 4117.56542969
17571 4109.11132812
17631 4100.41650391
17692 4092.23779297
17752 4085.5690918
17812 4081.00610352
17872 4077.31176758
17932 4071.91552734
17992 4063.22900391
18052 4055.25073242
18112 4051.42822266
18172 4048.69970703
18233 4043.16308594
18533 4124.79296875
18593 4121.46728516
18653 4116.09667969
18713 4111.53222656
18774 4106.88574219
18834 4102.01269531
18894 4097.71582031
18954 4093.15112305
19014 4087.54980469
19074 4083.22851562
19134 4078.49072266
19194 4073.57080078
19254 4069.53759766
19315 4063.87573242
19375 4059.35644531
19435 4053.36157227
19495 4051.34399414
19555 4045.82006836
19615 4041.15356445
19675 4035.61865234
19735 4030.93945312
19796 4025.87207031
19854 4022.09936523
19912 4018.34277344
19972 4014.97485352
20032 4009.50366211
20092 4005.65869141
20152 4000.2199707
20212 3995.45239258
20272 3991.22705078
20333 3985.81616211
20393 3980.76391602
20453 3976.35961914
20500 3971.86157227
20548 3968.53979492
20609 3964.30810547
20669 3959.12768555
20729 3954.49609375
20789 3947.07666016
20849 3937.82226562
20969 3941.87402344
21089 3939.32324219
21150 3932.85083008
21210 3927.97460938
21270 3920.27246094
21330 3911.29272461
21390 3907.26269531
21450 3901.96875
