0 7050.58886719
265 6996.11376953
721 6957.27587891
763 6951.66552734
1184 6848.64599609
1244 6836.890625
1304 6824.44140625
1365 6814.17138672
1485 6785.97363281
1545 6779.82763672
1605 6768.71582031
1665 6757.49365234
1785 6733.12304688
1845 6721.06494141
1906 6710.88964844
1966 6702.17089844
2086 6679.03710938
2146 6670.38232422
2206 6659.53076172
2266 6648.01074219
2326 6635.15039062
2387 6626.57324219
2447 6619.546875
2482 6609.6640625
2517 6602.90234375
2577 6592.84375
2637 6579.98046875
2697 6577.66064453
2757 6565.36816406
2818 6554.50537109
2998 6519.96875
3058 6509.75292969
3118 6498.84570312
3178 6488.56640625
3238 6478.04443359
3274 6471.40771484
3310 6465.90966797
3370 6457.75048828
3430 6447.87353516
3671 6435.41943359
3731 6429.40527344
3791 6418.92285156
3851 6410.50097656
3911 6401.40917969
3971 6392.37011719
4031 6383.48583984
4091 6372.765625
4152 6362.23583984
4193 6354.23144531
4234 6350.54931641
4295 6342.66064453
4355 6332.62451172
4415 6324.47265625
4475 6314.45214844
4535 6306.04248047
4595 6297.54833984
4655 6287.88818359
4715 6278.89208984
4776 6269.51855469
4836 6260.19482422
4896 6249.86132812
5016 6227.42529297
5076 6217.12890625
5136 6206.12646484
5196 6196.27050781
5256 6189.89501953
5317 6181.67724609
5377 6171.24853516
5437 6160.27880859
5497 6152.21240234
5557 6142.765625
5617 6133.57275391
5677 6124.62207031
5737 6114.31884766
5797 6105.58007812
5858 6095.56298828
5918 6086.74169922
5978 6074.28710938
6038 6064.97753906
6098 6054.65869141
6158 6044.5078125
6218 6033.26171875
6278 6023.93457031
6338 6013.21435547
6398 6005.99462891
6459 5995.63867188
6519 5988.78564453
6579 5979.72412109
6639 5969.01220703
6674 5965.59375
6709 5959.69335938
6890 5930.30517578
6950 5923.1171875
7010 5917.01904297
7070 5907.04785156
7130 5898.48632812
7190 5894.99951172
7251 5883.70458984
7671 6052.82910156
7731 6047.88964844
7792 6036.96875
7852 6031.12792969
7912 6025.50097656
7972 6021.15820312
8032 6010.90087891
8092 6003.28125
8152 5997.74560547
8212 5990.56689453
8273 5979.34912109
8333 5970.94873047
8393 5963.26318359
8453 5955.14501953
8513 5947.02587891
8573 5938.97363281
8633 5930.81152344
8693 5922.359375
8753 5913.55224609
8814 5908.47705078
8874 5900.08837891
8927 5892.41259766
8981 5884.58251953
9041 5877.40380859
9101 5869.02099609
9161 5862.3359375
9221 5853.73193359
9281 5845.14355469
9342 5838.81347656
9402 5828.91064453
9462 5820.62207031
9522 5813.94677734
9582 5805.84130859
9642 5798.15576172
9702 5791.24267578
9762 5782.65234375
9822 5775.66845703
9883 5768.72509766
9943 5759.78271484
10003 5751.40283203
10063 5745.3046875
10123 5737.70361328
10183 5729.74414062
10243 5722.77197266
10304 5715.72949219
10364 5707.91455078
10424 5700.46191406
10484 5693.5390625
10785 5656.68896484
10845 5648.57568359
10905 5641.80126953
10965 5633.54394531
11025 5626.47363281
11085 5619.90722656
11145 5612.24804688
11205 5605.71826172
11266 5596.82373047
11326 5589.74658203
11386 5583.55712891
11446 5576.07958984
11506 5570.75097656
11566 5562.39208984
11626 5555.30175781
11686 5547.65234375
11747 5540.30566406
11807 5533.76611328
11867 5525.73925781
11927 5519.43408203
11987 5512.47070312
12047 5504.06787109
12107 5497.95068359
12167 5490.44042969
12227 5484.05957031
12288 5478.02050781
12348 5469.64355469
12408 5462.85400391
12468 5457.45898438
12528 5450.69921875
12588 5442.82324219
12648 5436.78857422
12709 5430.171875
12771 5423.24365234
12831 5416.74658203
12891 5410.52099609
12951 5402.14648438
13011 5396.53027344
13071 5389.92333984
13131 5380.40478516
13191 5368.21435547
13263 5363.76171875
13323 5360.10742188
13383 5352.63085938
13444 5345.35546875
13504 5337.72998047
13564 5331.09228516
13624 5324.19726562
13684 5317.75292969
13744 5311.36376953
13804 5305.08935547
13864 5298.48388672
13924 5292.92871094
14165 5383.44824219
14225 5375.62939453
14465 5384.95703125
14526 5376.81152344
14586 5372.05957031
14646 5364.99707031
14706 5357.9296875
14766 5350.81640625
14826 5343.32373047
14886 5335.54101562
14946 5329.34326172
15006 5321.51855469
15067 5317.00341797
15127 5312.01806641
15187 5304.99511719
15247 5296.23193359
15307 5289.61035156
15367 5283.73681641
15428 5277.33984375
15488 5269.16162109
15548 5262.4921875
15608 5256.77636719
15668 5250.03808594
15728 5245.11132812
15788 5237.28222656
15848 5230.33642578
15908 5224.92480469
15969 5218.26025391
16029 5212.26025391
16089 5204.31298828
16149 5198.02441406
16209 5194.67089844
16269 5188.36572266
16329 5180.24951172
16389 5174.31689453
16450 5168.1796875
16510 5161.47949219
16570 5153.26708984
16630 5148.49755859
16690 5143.60888672
16750 5138.56787109
16810 5132.15869141
16870 5124.86132812
16930 5118.82714844
16991 5112.58447266
17051 5105.08496094
17111 5099.94580078
17171 5094.25341797
17231 5088.07910156
17291 5081.35595703
17351 5074.61181641
17411 5069.08203125
17472 5063.20507812
17532 5056.89160156
17832 5026.13720703
17892 5019.96679688
17953 5014.02636719
18013 5007.07421875
18073 5002.30029297
18133 4996.84960938
18193 4991.140625
18253 4984.45410156
18313 4978.10595703
18373 4971.65771484
18418 4967.51953125
18464 4963.80712891
18524 4957.79638672
18584 4951.57324219
18644 4947.08984375
18704 4939.05810547
18764 4932.16601562
18824 4926.31835938
18885 4921.96826172
18945 4916.35742188
19005 4910.09667969
19065 4903.12597656
19125 4897.22460938
19185 4892.3984375
19245 4885.26171875
19305 4879.61328125
19365 4873.41748047
19426 4866.31689453
19486 4861.20166016
19546 4854.75683594
19606 4849.12792969
19666 4844.70703125
19726 4837.79589844
19787 4831.16601562
19847 4826.46142578
19907 4821.58886719
19967 4816.53515625
20027 4810.88525391
20087 4804.76025391
20147 4798.59472656
20207 4792.74365234
20267 4787.50292969
20328 4782.27197266
20388 4777.05419922
20448 4770.86865234
20508 4765.39111328
20568 4759.49804688
20628 4753.36279297
20688 4747.61572266
20748 4740.72314453
20808 4735.54199219
20869 4732.42138672
21049 4736.63964844
21169 4711.19775391
21229 4706.18701172
21289 4700.23779297
21349 4695.53955078
21410 4690.49365234
21470 4684.59423828
