0 7779.42431641
271 7737.25
1773 7423.58154297
2523 7273.18310547
2564 7267.70166016
2985 7186.92431641
4067 7042.61621094
4127 7034.10791016
4248 7012.22949219
4488 6974.84521484
4643 6948.59912109
4666 6946.92822266
4774 6929.92138672
5135 6871.39550781
5255 6853.19384766
5375 6833.70019531
5556 6807.33203125
5616 6798.81347656
5736 6780.8828125
5796 6772.76757812
6037 6733.79150391
6097 6725.32617188
6217 6708.58203125
6337 6688.93408203
6457 6669.88769531
6518 6662.10791016
6578 6654.58740234
6818 6617.26318359
6938 6599.07373047
6998 6591.95410156
7419 6734.27490234
7539 6716.19775391
7600 6708.13476562
7780 6680.29492188
8080 6631.15478516
8141 6623.08642578
8201 6614.17236328
8321 6595.42724609
8381 6586.32568359
8561 6560.41357422
8622 6553.48242188
8802 6522.82519531
8862 6516.37841797
8922 6507.36523438
9042 6489.27587891
9102 6480.36425781
9163 6471.92675781
9223 6462.87597656
9281 6454.91699219
9322 6449.17773438
9365 6441.31054688
9486 6426.29443359
9546 6417.74853516
9606 6410.02783203
9666 6401.34765625
9726 6392.96777344
9786 6385.23632812
9906 6367.82177734
10027 6348.90039062
10087 6341.36425781
10147 6332.76269531
10207 6324.09814453
10267 6316.14501953
10387 6297.62646484
10447 6289.31835938
10508 6280.34423828
10868 6245.79052734
10928 6237.60839844
10988 6231.07519531
11049 6223.14990234
11109 6215.66259766
11169 6207.28710938
11239 6194.51025391
11299 6186.7421875
11420 6169.72021484
11480 6164.54736328
11540 6155.96484375
11600 6147.01269531
11660 6138.10986328
11720 6129.48925781
11780 6120.41308594
11840 6118.02001953
11900 6110.38525391
11960 6102.87646484
12021 6097.04638672
12141 6081.78955078
12201 6075.17089844
12261 6068.453125
12321 6059.59667969
12381 6051.63916016
12441 6044.12646484
12501 6037.31933594
12562 6031.33349609
12622 6023.44628906
12682 6015.31738281
12742 6008.77734375
12862 5994.41992188
12922 5987.94726562
12982 5979.97265625
13042 5972.19726562
13103 5965.02001953
13141 5960.62060547
13163 5957.27685547
13207 5951.59082031
13267 5943.17675781
13327 5936.20703125
13387 5930.734375
13447 5923.68457031
13507 5916.21289062
13567 5909.37402344
13628 5901.53417969
13688 5894.98193359
13748 5886.68896484
13808 5879.22265625
13868 5872.74414062
14289 5991.7421875
14349 5983.11230469
14409 5974.89306641
14469 5966.05615234
14529 5958.51269531
14589 5951.89501953
14649 5943.05126953
14710 5936.48730469
14770 5929.32324219
14830 5920.72216797
14890 5912.78955078
14950 5906.51708984
15010 5898.82763672
15070 5890.30566406
15130 5883.26660156
15191 5875.37792969
15251 5868.22802734
15311 5860.32861328
15371 5853.01464844
15431 5844.31542969
15491 5835.47851562
15551 5828.42871094
15611 5822.06005859
15671 5813.59716797
15731 5807.18847656
15792 5798.50927734
15852 5790.39648438
15912 5782.85058594
15972 5777.12060547
16032 5771.69433594
16092 5764.00830078
16152 5757.43554688
16212 5748.96826172
16273 5741.39355469
16333 5733.74414062
16393 5724.62158203
16453 5717.625
16513 5711.78076172
16573 5702.68408203
16633 5695.67285156
16693 5687.02197266
16753 5679.10449219
16814 5671.32910156
16874 5664.71484375
16934 5658.20166016
16994 5650.82519531
17114 5634.11914062
17174 5627.71337891
17212 5625.10644531
17250 5618.46777344
17310 5610.39550781
17370 5603.29980469
17430 5595.40283203
17491 5590.79785156
17791 5574.10546875
17851 5569.0625
17911 5562.31347656
17971 5553.59570312
18032 5548.27734375
18092 5539.625
18152 5532.03027344
18187 5528.15722656
18199 5527.03515625
18236 5522.67041016
18296 5515.08105469
18356 5507.75048828
18416 5500.38769531
18476 5494.546875
18536 5487.26025391
18596 5479.96435547
18717 5462.88427734
18772 5457.44384766
18807 5453.61181641
18848 5449.81787109
18908 5442.34033203
18968 5437.73535156
19028 5432.10693359
19088 5426.62060547
19208 5409.91943359
19269 5405.28076172
19329 5398.82617188
19389 5392.41845703
19449 5387.43554688
19509 5380.37841797
19569 5376.46875
19629 5367.64208984
19689 5359.18652344
19749 5355.74658203
19870 5350.95361328
19930 5346.61083984
19990 5340.05273438
20050 5334.93847656
20110 5331.61962891
20170 5324.2421875
20230 5316.81542969
20290 5310.23974609
20351 5304.75976562
20411 5299.72949219
20471 5293.50732422
20531 5287.5625
20591 5282.62646484
20651 5276.00976562
20711 5267.66943359
20771 5261.27294922
21072 5233.58154297
21132 5228.14160156
21192 5220.125
21252 5214.75292969
21312 5209.84472656
21373 5203.71728516
21433 5197.35009766
21493 5189.55761719
21553 5184.13427734
21613 5178.62255859
21673 5172.19775391
21733 5165.89160156
21793 5158.64111328
21853 5152.76269531
21914 5147.36816406
21974 5142.57861328
22034 5136.74755859
22094 5132.01757812
22154 5125.37939453
22214 5119.89697266
22274 5113.20654297
22334 5106.59179688
22394 5102.03564453
22454 5095.22460938
22515 5089.49365234
22575 5083.94873047
22635 5078.89892578
22695 5072.91650391
22755 5067.12060547
22815 5062.28613281
22875 5056.42626953
22995 5055.00537109
23116 5053.77001953
23296 5021.75195312
23356 5016.125
23416 5010.70654297
23476 5005.37353516
23537 4999.30566406
23597 4994.28466797
23657 4988.08105469
23717 4982.57275391
23777 4978.08447266
