0 9800.73339844
461 9628.77148438
897 9463.234375
967 9440.29296875
1352 9353.13378906
1841 9354.46582031
2142 9285.015625
2202 9274.05859375
2803 9127.74902344
3164 9038.33398438
3464 8969.63769531
3705 8909.33203125
3765 8898.62304688
4263 8791.95214844
4324 8780.26269531
4504 8738.89746094
4624 8717.78808594
4865 8662.37402344
4925 8653.0390625
5045 8630.79394531
5152 8605.92675781
5199 8597.33398438
5379 8562.91796875
5499 8539.40332031
5619 8516.02832031
5679 8507.74511719
5920 8456.8671875
6040 8427.35253906
6160 8404.0625
6221 8394.33105469
6281 8386.6640625
6316 8377.89941406
6342 8369.80175781
6394 8358.234375
6574 8317.02832031
6635 8305.90917969
6695 8299.30273438
6755 8288.87988281
6815 8279.82128906
6995 8235.49414062
7098 8225.12304688
7133 8219.43554688
7168 8211.83398438
7469 8150.45166016
7529 8139.52832031
8037 8365.96386719
8097 8359.01171875
8337 8309.26367188
8397 8299.63183594
8457 8289.49804688
8517 8279.71679688
8638 8257.27636719
8698 8246.61132812
8758 8237.51171875
8818 8228.21582031
8878 8220.71582031
8938 8209.95898438
8998 8199.68457031
9059 8190.29443359
9119 8181.6796875
9179 8170.43066406
9299 8151.03466797
9419 8128.09863281
9539 8104.39599609
9600 8095.05078125
9660 8085.52832031
9720 8074.85595703
9780 8065.35888672
9900 8045.36328125
10020 8021.15429688
10080 8012.08740234
10201 7990.23779297
10321 7971.40673828
10426 7947.67871094
10475 7940.26660156
10595 7920.48974609
10656 7911.43798828
10776 7889.66845703
10836 7878.41748047
10956 7859.04980469
11016 7848.75097656
11076 7837.51220703
11197 7820.80419922
11257 7812.57324219
11377 7790.99023438
11497 7769.77001953
11557 7758.37207031
11617 7749.54248047
11738 7730.19287109
11798 7721.25048828
11858 7712.94921875
12038 7682.77148438
12098 7672.19921875
12158 7661.84179688
12218 7651.33691406
12279 7641.2578125
12339 7630.51757812
12459 7607.50146484
12519 7598.54882812
12579 7587.59716797
12639 7578.43261719
12699 7569.53417969
12759 7561.55322266
12820 7553.68701172
12911 7543.98291016
13092 7512.45068359
13152 7504.16064453
13212 7496.36328125
13272 7487.13476562
13332 7480.79003906
13392 7471.77392578
13452 7461.00097656
13489 7458.48730469
13515 7455.01171875
13686 7427.85302734
13747 7419.546875
13807 7408.27978516
13867 7401.49169922
13927 7393.77294922
13987 7384.97949219
14047 7381.28613281
14107 7372.86425781
14167 7365.86523438
14227 7356.484375
14278 7347.92089844
14328 7341.52880859
14388 7336.0546875
14448 7327.80712891
14869 7486.70410156
14929 7475.44433594
14989 7468.09912109
15049 7457.47851562
15109 7449.12353516
15169 7440.47119141
15229 7429.47412109
15349 7410.45654297
15410 7398.97070312
15470 7391.14794922
15530 7385.93505859
15590 7377.16601562
15770 7344.12353516
15830 7332.92382812
15890 7323.33642578
15951 7314.46533203
16011 7303.31152344
16071 7296.44042969
16131 7288.04150391
16191 7277.765625
16311 7262.32275391
16371 7252.65869141
16432 7244.74951172
16492 7236.05566406
16552 7225.88085938
16612 7216.41796875
16672 7206.03271484
16732 7197.67089844
16792 7189.61523438
16852 7182.18994141
16912 7172.5859375
16973 7163.41210938
17033 7154.68359375
17093 7145.51855469
17153 7137.26904297
17213 7128.58837891
17273 7125.43701172
17333 7114.81152344
17393 7106.61914062
17453 7096.79833984
17514 7089.08398438
17574 7080.74902344
17634 7070.32958984
17694 7067.51074219
17814 7045.07128906
17874 7038.90283203
17934 7031.91699219
17994 7020.87792969
18055 7015.78515625
18115 7007.95800781
18175 6998.39599609
18355 6975.58691406
18415 6969.56933594
18475 6959.11767578
18511 6953.93017578
18522 6953.32568359
18551 6949.95117188
18590 6943.87060547
18637 6934.70019531
18698 6929.15185547
18758 6921.703125
18818 6913.02539062
18878 6905.60009766
18938 6896.70263672
18998 6892.40039062
19058 6883.09179688
19118 6873.51074219
19178 6866.23291016
19479 6829.55273438
19539 6820.75
19599 6811.62402344
19659 6803.33837891
19719 6797.28466797
19780 6789.75585938
19840 6782.61230469
19900 6773.60498047
19952 6766.98242188
20003 6760.671875
20064 6752.53613281
20124 6745.08789062
20184 6737.18701172
20244 6728.234375
20304 6721.88134766
20364 6716.26757812
20424 6705.84326172
20484 6697.40722656
20544 6688.69287109
20605 6684.24902344
20665 6676.85107422
20725 6668.96582031
20785 6660.88623047
20845 6653.54443359
20905 6645.76904297
20965 6638.48535156
21025 6631.51171875
21086 6623.18798828
21146 6614.54882812
21206 6610.00830078
21266 6601.46533203
21326 6592.87402344
21446 6583.67138672
21566 6581.97998047
21627 6577.51660156
21687 6571.41357422
21807 6544.29296875
21867 6537.82617188
21927 6531.37207031
21987 6522.88867188
22047 6515.48242188
22107 6507.29150391
22168 6500.65625
22228 6494.04101562
22288 6486.69677734
22348 6478.53125
