0 9831.62988281
232 9770.0625
542 9605.515625
602 9591.80859375
939 9469.35644531
969 9463.07519531
1203 9390.42675781
1364 9332.30175781
1544 9273.22070312
1604 9268.89453125
1724 9224.5078125
1784 9213.26757812
1904 9175.93554688
1964 9173.94726562
2085 9141.85253906
2205 9109.390625
2566 9222.63769531
2626 9207.84570312
2686 9196.15429688
2746 9183.65332031
2806 9168.8203125
2866 9155.38769531
2926 9140.82324219
2986 9127.51171875
3046 9115.87695312
3107 9099.96777344
3167 9086.48632812
3227 9075.68847656
3287 9062.1484375
3347 9049.25488281
3407 9036.68066406
3587 8984.72949219
3688 8957.70214844
3710 8953.53417969
3753 8942.19433594
3814 8927.2890625
3874 8913.66015625
3934 8899.60742188
3994 8887.71386719
4054 8875.81542969
4114 8865.40527344
4174 8849.171875
4234 8835.09472656
4295 8823.203125
4535 8820.88769531
4595 8806.95214844
4655 8794.88867188
4715 8782.24316406
4775 8770.51367188
4836 8759.96191406
4896 8748.58300781
4956 8740.42480469
5016 8727.20019531
5076 8713.34082031
5136 8702.44042969
5196 8689.03515625
5256 8677.47460938
5316 8666.46289062
5377 8656.31738281
5437 8645.375
5497 8632.61230469
5557 8621.890625
5617 8611.03417969
5677 8598.31835938
5737 8583.93847656
5797 8570.84472656
5857 8561.50585938
5918 8551.32421875
5978 8541.21875
6038 8525.90722656
6098 8513.23925781
6158 8501.59375
6218 8491.359375
6278 8479.26171875
6338 8467.57226562
6374 8460.55664062
6402 8455.85253906
6454 8444.78320312
6515 8437.20703125
6575 8425.94921875
6635 8411.76757812
6695 8399.92578125
6755 8387.74316406
6815 8375.87988281
6875 8364.37988281
6935 8354.08886719
6996 8342.44335938
7110 8327.01367188
7165 8317.24707031
7225 8305.58203125
7285 8293.78710938
7345 8281.86425781
7826 8491.70703125
7886 8482.78710938
7946 8469.359375
8006 8466.11328125
8067 8454.40625
8106 8449.09082031
8145 8438.58496094
8206 8427.48925781
8266 8416.85742188
8326 8410.90625
8386 8404.0703125
8446 8398.81835938
8506 8390.81835938
8566 8382.05664062
8626 8371.47363281
8687 8363.39453125
8807 8337.21777344
8867 8324.30273438
8927 8318.17871094
8987 8306.05664062
9047 8294.31054688
9107 8283.49316406
9167 8275.15039062
9228 8265.83789062
9288 8253.50195312
9348 8247.77246094
9408 8233.609375
9468 8223.64941406
9528 8212.98339844
9588 8200.34765625
9648 8190.90673828
9708 8181.85498047
9768 8170.53222656
9829 8163.18652344
9889 8151.1484375
9949 8137.02001953
10009 8127.62695312
10069 8114.07373047
10129 8102.79003906
10189 8092.24511719
10249 8080.83349609
10309 8072.75292969
10370 8065.33886719
10430 8053.51416016
10490 8042.60839844
10550 8031.40820312
10610 8024.41748047
10670 8016.06787109
10730 8003.52294922
10790 7992.95410156
10851 7982.79101562
10891 7974.81542969
10931 7969.63476562
11213 7943.24414062
11241 7938.45361328
11286 7930.64697266
11346 7921.19335938
11407 7912.19677734
11467 7901.13085938
11527 7888.83251953
11587 7879.2890625
11647 7871.21484375
11707 7861.22558594
11767 7849.74316406
11827 7840.70654297
11887 7832.47753906
11948 7821.45117188
12128 7790.48730469
12188 7783.34716797
12248 7773.81591797
12308 7765.17724609
12368 7755.50341797
12428 7745.66894531
12489 7736.60253906
12549 7729.44873047
12609 7718.44873047
12669 7706.46142578
12729 7705.58203125
12789 7690.95605469
12849 7680.09912109
12909 7668.37695312
12970 7662.83740234
13030 7653.47558594
13090 7647.60351562
13150 7634.96972656
13210 7620.6328125
13270 7612.06933594
13330 7604.96582031
13390 7601.30029297
13450 7590.67041016
13510 7585.76367188
13571 7577.72998047
13631 7570.42285156
13691 7562.51220703
13751 7552.83544922
13811 7545.51904297
13871 7535.96142578
13931 7529.20654297
13991 7521.40527344
14052 7509.88085938
14112 7502.26708984
14172 7494.60205078
14232 7483.08398438
14292 7473.390625
14352 7464.99902344
14412 7458.64501953
14450 7450.76269531
14478 7446.91699219
14527 7439.89746094
14588 7430.46435547
14648 7418.50048828
14708 7408.54443359
14768 7399.92919922
15211 7572.64599609
15271 7568.49951172
15307 7560.38427734
15342 7553.45556641
15402 7543.53710938
15462 7536.27783203
15522 7527.38720703
15582 7519.48632812
15642 7510.7421875
15703 7500.01318359
15763 7492.79833984
15823 7484.73876953
15883 7476.08642578
15943 7467.66845703
16003 7455.03125
16063 7446.03759766
16123 7439.40380859
16184 7432.25683594
16244 7423.25195312
16304 7414.11816406
16364 7405.15966797
16424 7398.86474609
16484 7390.11083984
16544 7380.00830078
16604 7369.82861328
16664 7360.16162109
16724 7351.66699219
16785 7343.88671875
16845 7334.80078125
16905 7326.61083984
16965 7318.3203125
17025 7308.74072266
17085 7301.77099609
17145 7293.64599609
17205 7285.16699219
17266 7276.64160156
17326 7266.16357422
17386 7257.6484375
17446 7250.61621094
17506 7243.12988281
17566 7233.42236328
17626 7228.82617188
17686 7216.33056641
17746 7207.68457031
17807 7198.93505859
17867 7190.41943359
17987 7170.74755859
18047 7165.03759766
18107 7155.72558594
18167 7147.265625
18227 7142.69384766
18287 7134.48730469
18348 7126.17480469
18408 7118.91699219
18468 7109.69677734
18528 7101.35498047
18588 7093.87646484
18648 7085.12011719
18708 7078.56347656
18768 7072.70898438
18829 7065.88183594
18889 7056.43066406
18949 7049.04296875
19009 7041.74316406
19069 7032.29589844
19129 7020.94189453
19189 7015.77441406
19249 7009.20361328
19588 6965.90625
19625 6963.12060547
19686 6954.26904297
19738 6950.14746094
19770 6944.78125
19809 6940.34423828
19869 6932.31298828
19929 6928.50390625
19989 6919.44140625
20049 6909.30078125
20110 6902.09082031
20170 6895.82373047
20230 6889.80664062
20290 6880.44140625
20325 6874.79003906
20335 6874.59033203
20351 6873.09277344
20391 6867.89257812
20451 6861.80810547
20511 6856.78222656
20571 6846.46630859
20631 6837.66113281
20691 6832.72705078
20751 6824.19091797
20811 6815.00634766
20871 6810.44628906
20932 6802.74169922
20992 6794.94580078
21052 6786.39794922
21112 6779.44091797
21172 6773.05712891
21232 6764.37011719
21292 6756.76416016
21352 6749.16552734
21413 6744.51806641
21473 6736.86181641
21533 6729.02441406
21593 6720.59667969
21653 6713.79052734
21713 6705.20996094
21773 6699.1875
21833 6691.5625
21893 6685.94189453
21954 6676.98925781
22014 6670.57519531
22074 6665.21289062
22134 6654.65380859
22194 6646.6171875
22254 6641.64208984
22314 6633.25341797
22374 6626.89355469
22434 6617.16015625
22495 6611.88964844
22555 6603.52001953
22597 6598.60546875
22639 6594.27978516
22699 6588.29394531
22759 6581.61035156
22819 6575.02099609
22879 6565.43066406
22939 6560.46679688
22999 6554.26464844
23059 6547.48535156
23119 6539.51708984
23180 6531.16113281
23240 6524.70507812
23300 6519.40625
23360 6511.14794922
23420 6504.61328125
23480 6499.35839844
23540 6492.66113281
23600 6483.39892578
23660 6479.04296875
23721 6471.88769531
23781 6463.93359375
23841 6458.25830078
23887 6453.85742188
23911 6450.14501953
23950 6444.55273438
24010 6441.1015625
24070 6432.60009766
24131 6426.06835938
24191 6418.75830078
24251 6412.9765625
24311 6405.95214844
24371 6399.11816406
24431 6391.25976562
24491 6385.57324219
24551 6376.72753906
24611 6371.6796875
24672 6364.54345703
24732 6358.07324219
24792 6353.39257812
24852 6348.20166016
24912 6341.09570312
24972 6333.07568359
25032 6325.98144531
25092 6320.47265625
25153 6314.85351562
25213 6308.42773438
25252 6304.48486328
25291 6298.46484375
25351 6293.3046875
25411 6286.84033203
25471 6279.57324219
25531 6273.80566406
25592 6268.29541016
25652 6260.82128906
25712 6255.82177734
25772 6246.32177734
25832 6241.51953125
25892 6234.37695312
25952 6227.71630859
26012 6222.95898438
26072 6216.85546875
26133 6210.13427734
26193 6203.00830078
26253 6197.22070312
26313 6190.62988281
26373 6183.38085938
26433 6176.46435547
26493 6170.70458984
26553 6163.53222656
26614 6159.30273438
26674 6152.61328125
26734 6145.91845703
26794 6140.75439453
26854 6134.69921875
26914 6128.3828125
26974 6122.70898438
27034 6116.36328125
27094 6112.42089844
27154 6104.75097656
27215 6101.04492188
27275 6093.79345703
27335 6088.75488281
27395 6082.36474609
27455 6077.97167969
27515 6071.97949219
27575 6064.81445312
27635 6059.43212891
27695 6051.65576172
27756 6045.25097656
27816 6037.54394531
27876 6033.69628906
27936 6028.13525391
27996 6022.55371094
28056 6017.53125
28116 6011.36181641
28176 6004.15283203
28236 5999.203125
28297 5994.09570312
28357 5987.91845703
28417 5981.17285156
28477 5977.15332031
28537 5971.25439453
28597 5965.59570312
28657 5959.99951172
28717 5951.89746094
28778 5944.63574219
28838 5939.89892578
28874 5935.79199219
28891 5933.97802734
28932 5930.08154297
28992 5925.28271484
29052 5919.57666016
29293 6004.68945312
29533 6019.39892578
29593 6015.64306641
29653 6010.2109375
29714 6002.05615234
29774 5994.65625
29834 5989.42822266
29894 5982.40966797
29954 5977.47265625
30014 5970.57861328
30074 5964.57421875
30134 5959.74902344
30194 5952.70849609
30255 5946.2109375
30315 5940.11376953
30375 5934.78320312
30435 5929.07666016
30495 5921.25537109
30555 5917.28515625
30615 5912.37597656
30675 5905.00292969
30735 5896.97070312
30796 5890.04931641
30856 5883.41748047
30916 5875.10205078
30976 5866.796875
31036 5866.15039062
31096 5860.65625
31156 5854.38818359
31216 5847.44970703
31277 5840.84130859
31318 5836.9375
31359 5833.54248047
31397 5830.93554688
31435 5826.57714844
31496 5821.13720703
31556 5814.35595703
31616 5809.72753906
31676 5803.98535156
31736 5797.32421875
31796 5789.54931641
31856 5784.21923828
31916 5778.95117188
31976 5772.55908203
32037 5766.18359375
32097 5760.73095703
32157 5755.97802734
32217 5748.37060547
32277 5743.05810547
32337 5735.96240234
32397 5730.41699219
32457 5726.6015625
32517 5719.37255859
32578 5712.55419922
32638 5707.49121094
32698 5703.59033203
32758 5696.38378906
32818 5690.15136719
32878 5683.28955078
32938 5676.75390625
32998 5671.48388672
33058 5667.15087891
33119 5661.56640625
33179 5655.72216797
33239 5647.97167969
33299 5643.63525391
33359 5638.32910156
33419 5632.04345703
33479 5623.96240234
33539 5619.25488281
33599 5613.80908203
33660 5608.18945312
33720 5603.67919922
33780 5597.55761719
33840 5589.19775391
33900 5585.39404297
33960 5578.84667969
34020 5573.46826172
34080 5567.32275391
34141 5562.62304688
34201 5556.91357422
34261 5553.98486328
34321 5549.72607422
34381 5542.96630859
34441 5536.90039062
34501 5529.19726562
34561 5523.27001953
34621 5518.46386719
34682 5513.62207031
34742 5507.85009766
34802 5503.40185547
34862 5497.28369141
34922 5489.77148438
34982 5483.39794922
35042 5478.19335938
35102 5473.22851562
35162 5467.10302734
35223 5462.72216797
35283 5457.25439453
35343 5452.40771484
35403 5447.01074219
35463 5440.90087891
35523 5435.03125
35583 5429.1875
35643 5425.75390625
35703 5419.37988281
35764 5414.39160156
35816 5410.17041016
35851 5406.89501953
35893 5402.39550781
35954 5397.45410156
36014 5392.58300781
36074 5387.20703125
36134 5383.39453125
36194 5379.02490234
36254 5371.55224609
36314 5369.00195312
36374 5367.33935547
36435 5358.75048828
36495 5354.03662109
36555 5347.31054688
36615 5342.12988281
36675 5337.85791016
36735 5332.54150391
36795 5329.07373047
36855 5324.11376953
36915 5316.70361328
36976 5312.44238281
37036 5309.47802734
37096 5306.6640625
37156 5299.23779297
37216 5294.54785156
37276 5292.11523438
37336 5286.45263672
37396 5280.41015625
37456 5274.55419922
37517 5269.11083984
37577 5267.10986328
37637 5260.01074219
37697 5253.44873047
37757 5249.61279297
37817 5246.50585938
38085 5232.1015625
38145 5227.58056641
38206 5221.66113281
38244 5218.21240234
38283 5216.08837891
38343 5212.65527344
38403 5205.99902344
38464 5199.98730469
38524 5196.41943359
38584 5191.21972656
38644 5186.62792969
38704 5181.45654297
38764 5177.17724609
38824 5171.74365234
38884 5166.90185547
38944 5162.08007812
39005 5157.6484375
39065 5151.80273438
39125 5147.93847656
39185 5142.24609375
39245 5136.07666016
39305 5130.69433594
39365 5125.46923828
39425 5121.08251953
39485 5117.21289062
39546 5112.65429688
39606 5107.17626953
39666 5102.56201172
39726 5097.90478516
39786 5091.70996094
39846 5087.36914062
39906 5082.21728516
39966 5077.34423828
40026 5072.80273438
40087 5068.40527344
40147 5064.20751953
40207 5057.58349609
40267 5055.13818359
40327 5051.68554688
40387 5045.54101562
40447 5041.45166016
40507 5036.48730469
40568 5031.46142578
40628 5026.19970703
40688 5021.52490234
40748 5018.54589844
40808 5014.12402344
40868 5009.74658203
40928 5004.36572266
40988 4999.75292969
41048 4995.68359375
41109 4991.79003906
41169 4986.11230469
41229 4982.20898438
41289 4978.31298828
41349 4973.94482422
41409 4968.85693359
41469 4963.97509766
41529 4960.17529297
41589 4954.82275391
41650 4949.6796875
41710 4944.22705078
41751 4941.19921875
41792 4938.3046875
41852 4934.79345703
41912 4930.14892578
41972 4924.92724609
42033 4920.82763672
42093 4916.265625
42153 4910.5390625
42213 4905.83496094
42273 4903.29882812
42333 4898.49072266
42393 4892.18212891
42453 4888.89355469
42504 4885.44873047
42555 4882.29541016
42615 4878.25341797
42675 4872.68603516
42735 4868.72412109
42795 4864.61083984
