0 8722.71289062
60 8716.59179688
301 8637.13476562
378 8583.66015625
662 8488.82421875
963 8386.40722656
1073 8360.30859375
1113 8348.01464844
1293 8291.15039062
1354 8289.55273438
1714 8201.24511719
1895 8137.93505859
1955 8128.73828125
2015 8114.29882812
2436 8259.36230469
2496 8246.31738281
2556 8234.62597656
2616 8221.3515625
2676 8208.69628906
2736 8195.80664062
2796 8181.86181641
2856 8171.90380859
2917 8161.30371094
2977 8151.68457031
3037 8139.09667969
3097 8128.02929688
3157 8115.79150391
3217 8106.22607422
3277 8092.31982422
3337 8078.06494141
3397 8065.76220703
3458 8055.36865234
3518 8044.92236328
3578 8031.69482422
3638 8017.20703125
3698 8005.86865234
3758 7994.51123047
3818 7983.36523438
3878 7969.05908203
3938 7955.39892578
3999 7941.59863281
4059 7930.02539062
4119 7920.19091797
4179 7908.64013672
4231 7898.43212891
4273 7888.07958984
4324 7879.32177734
4384 7868.43847656
4444 7857.66210938
4504 7843.578125
4565 7831.24023438
4625 7819.79833984
4746 7793.40087891
4927 7739.96337891
5048 7719.70410156
5228 7674.42333984
5288 7668.31835938
5348 7660.20800781
5383 7651.05761719
5416 7641.39453125
5474 7633.94628906
5519 7626.04101562
5542 7620.84814453
5563 7619.10400391
5607 7608.65673828
5667 7597.12402344
5727 7584.32324219
5787 7570.19921875
5847 7562.20361328
5907 7553.671875
5967 7544.09375
6028 7536.61328125
6088 7526.71289062
6148 7511.92285156
6208 7499.21533203
6268 7488.55957031
6328 7477.10009766
6388 7463.16455078
6432 7457.0
6466 7451.44824219
6515 7437.8828125
6575 7423.20019531
6636 7411.51611328
6696 7403.23339844
6756 7389.58642578
6816 7378.45410156
6876 7364.66845703
6936 7352.55224609
7056 7325.54052734
7484 7609.75634766
7515 7605.39160156
7567 7595.99169922
7627 7586.43505859
7687 7572.94287109
7747 7563.83935547
7807 7555.33105469
7867 7543.84375
7927 7535.12207031
7987 7523.65722656
8048 7514.81103516
8108 7504.59179688
8168 7492.30322266
8269 7477.76855469
8318 7471.31298828
8378 7458.58691406
8438 7448.74267578
8498 7439.08300781
8558 7430.625
8618 7421.31591797
8678 7412.58496094
8739 7401.40722656
8799 7391.27734375
8859 7381.56152344
8919 7370.18994141
8979 7360.48583984
9039 7349.55859375
9099 7340.29345703
9159 7331.06201172
9219 7321.77246094
9280 7312.29101562
9340 7299.03320312
9400 7291.07617188
9460 7281.20556641
9520 7270.69482422
9580 7260.01171875
9640 7248.78515625
9700 7238.47314453
9761 7226.64550781
9821 7221.75732422
9881 7210.02001953
9941 7201.36230469
10001 7191.67871094
10061 7181.73779297
10107 7170.77636719
10153 7164.53417969
10193 7155.46972656
10234 7150.30761719
10294 7139.44238281
10354 7130.73242188
10414 7120.85791016
10474 7108.93212891
10534 7099.34423828
10594 7089.84033203
10640 7081.31933594
10685 7076.37402344
10745 7066.42675781
10805 7056.84130859
10865 7045.86523438
10925 7036.96923828
10986 7027.68457031
11046 7019.29394531
11106 7009.98486328
11166 6999.49023438
11226 6988.85498047
11286 6978.89697266
11336 6969.31054688
11367 6964.76757812
11410 6956.38671875
11470 6947.87841797
11590 6941.75927734
11651 6932.99462891
11711 6922.70410156
11831 6893.48779297
11891 6883.74609375
11951 6873.92773438
12011 6860.34179688
12131 6840.18261719
12192 6832.45898438
12252 6823.29003906
12312 6815.25488281
12372 6808.00195312
12432 6797.11962891
12492 6787.80712891
12552 6779.83105469
12672 6749.50244141
12733 6740.64013672
12793 6730.41503906
12913 6701.88720703
12973 6693.85839844
13033 6686.06689453
13093 6676.64941406
13153 6666.38330078
13274 6655.40234375
13334 6645.25976562
13394 6636.50048828
13454 6636.08105469
13514 6621.06396484
13574 6608.64453125
13634 6597.71191406
13694 6589.59472656
13754 6586.69482422
13875 6585.95361328
13935 6571.84619141
13995 6562.83691406
14055 6561.29492188
14115 6556.27685547
14175 6541.24169922
14295 6538.734375
14356 6530.15722656
14416 6519.89013672
14476 6512.38964844
14536 6502.79492188
14596 6493.93310547
14656 6486.26123047
14716 6482.79589844
14822 6458.86132812
14849 6453.79394531
15011 6432.84277344
15071 6426.31640625
15131 6423.96337891
15192 6418.22021484
15252 6405.52001953
15312 6403.49365234
15733 6624.4296875
15793 6615.83056641
15853 6607.765625
15913 6600.703125
15948 6597.06494141
15963 6595.51708984
16002 6589.32861328
16063 6580.35205078
16123 6572.12451172
16183 6564.44824219
16243 6558.03955078
16303 6549.43164062
16363 6540.66357422
16423 6528.89355469
16483 6521.74902344
16544 6514.82910156
16604 6506.74267578
16664 6499.16845703
16724 6489.26025391
16784 6481.63085938
16844 6473.72460938
16895 6466.52001953
16940 6463.2734375
16994 6456.43603516
17054 6447.10791016
17112 6438.765625
17170 6430.82080078
17230 6422.53857422
17290 6414.31005859
17350 6406.09667969
17410 6397.73242188
17471 6389.91210938
17531 6379.93261719
17591 6372.56347656
17651 6363.02392578
17711 6353.83935547
17771 6347.34179688
17831 6340.6875
17891 6331.63720703
17952 6326.59472656
18012 6318.20019531
18072 6309.22265625
18132 6301.42919922
18192 6294.37548828
18252 6285.72119141
18312 6277.02246094
18372 6268.47558594
18432 6262.57958984
18493 6256.20263672
18553 6251.36523438
18613 6243.60107422
18673 6235.40234375
18733 6226.83837891
18793 6221.24658203
18853 6212.66748047
18913 6205.99658203
18973 6196.50341797
19033 6190.11230469
19094 6183.26318359
19154 6176.33056641
19214 6167.45019531
19274 6162.60009766
19334 6156.11230469
19394 6147.92089844
19454 6138.64013672
19514 6132.234375
19575 6126.13769531
19635 6118.00488281
19695 6109.67236328
19755 6099.54785156
19815 6093.9296875
19875 6086.01953125
19935 6077.73486328
19995 6070.47558594
20055 6061.88964844
20116 6052.58447266
20176 6043.35253906
20236 6041.63623047
20296 6032.73291016
20356 6027.30859375
20416 6021.40771484
20476 6007.78564453
20536 5997.78125
20596 5991.30078125
20657 5982.56005859
20717 5976.24462891
20837 5972.72558594
20897 5966.0234375
20935 5957.04443359
20964 5954.87011719
21015 5948.68408203
21075 5942.72070312
21135 5933.59375
21170 5933.19384766
21185 5930.93505859
21225 5923.66796875
21286 5916.22900391
21346 5908.10693359
21406 5899.84472656
21466 5893.75927734
21526 5886.6484375
21586 5880.0546875
21646 5871.1484375
21706 5861.76611328
21767 5854.24414062
21827 5852.59765625
21887 5844.72802734
21947 5834.81835938
22007 5828.40332031
22067 5820.12207031
22127 5811.64160156
22187 5805.65087891
22247 5798.06298828
22308 5794.84765625
22368 5789.61328125
22428 5782.97167969
22488 5774.67285156
22548 5767.89501953
22608 5762.32519531
22668 5757.48974609
22728 5748.96142578
22849 5738.20214844
22909 5729.99609375
22969 5722.80175781
23269 5736.64453125
23329 5733.23095703
23390 5725.81640625
23450 5718.69726562
23510 5715.2421875
23570 5708.41113281
23630 5701.09130859
23690 5693.796875
23750 5688.88330078
23810 5683.69091797
23871 5677.41308594
23931 5671.15966797
23991 5664.35058594
24051 5659.29248047
24111 5651.39013672
24171 5644.55371094
24231 5637.5
24291 5632.28222656
24351 5628.07373047
24412 5621.28613281
24472 5614.96191406
24532 5607.43603516
24592 5602.76708984
24652 5596.75683594
24712 5589.87109375
24772 5584.36474609
24832 5578.58837891
24892 5573.93115234
24953 5568.61425781
25013 5560.34375
25073 5555.35449219
25133 5548.01123047
25193 5543.43701172
25253 5537.77685547
25313 5532.41015625
25373 5526.7578125
25433 5521.05322266
25494 5514.26708984
25554 5507.60400391
25614 5501.97509766
25674 5497.45947266
25734 5492.48144531
25794 5486.68505859
25854 5480.51660156
25914 5473.96289062
25974 5469.44140625
26035 5465.50146484
26070 5462.47167969
26096 5458.43505859
26147 5451.49267578
26207 5447.55517578
26267 5441.9140625
26327 5435.24853516
26387 5430.14160156
26447 5425.58349609
26507 5420.14257812
26567 5413.26318359
26628 5405.83886719
26688 5401.78613281
26748 5396.80126953
26808 5390.39306641
26868 5386.12109375
26928 5382.12597656
26988 5376.11035156
27048 5369.35693359
27108 5362.57080078
27169 5357.86572266
27229 5354.41455078
27289 5347.89501953
27349 5342.28710938
27409 5337.95361328
27469 5331.59912109
27529 5325.82128906
27589 5318.17919922
27649 5313.03173828
27710 5305.31152344
27770 5300.33740234
27830 5298.06738281
27890 5292.58203125
27950 5287.43457031
28010 5283.00732422
28070 5276.27099609
28130 5270.62304688
28191 5263.75488281
28251 5258.70556641
28311 5253.89013672
28371 5248.26171875
28431 5242.67431641
28491 5236.70166016
28551 5231.36669922
28611 5224.67822266
28671 5221.57275391
28732 5215.87158203
28792 5209.91015625
28852 5205.40380859
28912 5200.27685547
28972 5195.17626953
29032 5190.49707031
29573 5273.93212891
29608 5270.56347656
29639 5267.86474609
29695 5262.67138672
29755 5256.39013672
29816 5251.07324219
29876 5246.23339844
29936 5240.98388672
29996 5233.32763672
30056 5228.80078125
30116 5222.74023438
30176 5216.99121094
30236 5211.28662109
30296 5206.1328125
30357 5201.61181641
30417 5195.72314453
30477 5189.53613281
30537 5183.25195312
30597 5177.66552734
30657 5173.11914062
30717 5167.08837891
30777 5162.57714844
30837 5155.96972656
30898 5150.74902344
30958 5142.38232422
31018 5139.05078125
31078 5134.61035156
31138 5129.18505859
31198 5122.65673828
31258 5118.32519531
31318 5111.14550781
31378 5106.484375
31439 5101.94091797
31499 5096.39355469
31559 5089.39160156
31619 5084.796875
31679 5081.28662109
31739 5074.31347656
31799 5072.41162109
31919 5074.67675781
31980 5069.56298828
32040 5064.10498047
32100 5050.70410156
32160 5045.60888672
32220 5039.71923828
32280 5033.45898438
32340 5028.07128906
32400 5023.50244141
32461 5018.53271484
32502 5015.44726562
32544 5013.12060547
32604 5007.58007812
32664 5000.83496094
32724 4994.73583984
32784 4989.54638672
