0 9243.93066406
60 9239.26855469
120 9235.20898438
169 9232.30175781
541 9100.13769531
1640 8784.47851562
1675 8781.55664062
1724 8764.21679688
1753 8760.00097656
2048 8692.42675781
3311 8577.95898438
3371 8569.60351562
3671 8514.50097656
3791 8494.46777344
4007 8451.95214844
4032 8445.64257812
4142 8418.29101562
4263 8397.49804688
4383 8377.32714844
4793 8300.28027344
4842 8290.92578125
4962 8270.16308594
5443 8178.07861328
5503 8168.49853516
5864 8097.72363281
5924 8088.69921875
6225 8033.89208984
6405 7995.64794922
6465 7986.45556641
6623 7952.33007812
6647 7946.82275391
6693 7938.42724609
6814 7918.64013672
6934 7900.6796875
6994 7892.72021484
7295 7832.68554688
7815 8079.21923828
7985 8047.97558594
8165 8018.19628906
8225 8009.56640625
8457 7970.06689453
8555 7953.21044922
8796 7912.23095703
8916 7891.25439453
9036 7872.34521484
9156 7855.10449219
9277 7835.54638672
9457 7808.53662109
9637 7777.09912109
9697 7767.77783203
9758 7759.39990234
9938 7729.49414062
9998 7720.91308594
10299 7670.74853516
10359 7661.19433594
10539 7634.17138672
10599 7626.09423828
10719 7610.51513672
10780 7607.9609375
10834 7604.08886719
10888 7598.12011719
10948 7591.22314453
11008 7586.33789062
11128 7566.859375
11188 7557.43359375
11248 7550.8828125
11308 7547.79541016
11489 7518.44482422
11549 7510.35302734
11591 7503.20458984
11633 7495.44970703
11669 7489.35498047
11704 7485.59179688
11764 7476.98535156
11824 7472.17919922
11884 7462.80615234
11929 7455.80957031
11960 7449.58105469
12007 7444.62939453
12067 7437.39257812
12127 7428.26611328
12187 7419.43212891
12247 7411.65771484
12307 7402.86816406
12367 7397.92138672
12488 7379.94433594
12608 7362.90380859
12668 7354.06787109
12848 7329.36523438
12908 7320.04003906
12969 7310.54833984
13149 7282.28564453
13209 7274.17529297
13269 7265.49609375
13329 7259.01171875
13389 7251.47900391
13510 7235.02441406
13570 7226.02294922
13690 7209.06054688
13810 7188.93652344
13870 7179.31152344
13930 7170.68359375
13990 7162.56494141
14111 7144.45507812
14171 7138.24121094
14231 7128.68652344
14351 7109.82226562
14892 7275.74267578
14952 7267.19140625
15012 7258.25976562
15132 7241.03320312
15193 7233.20361328
15253 7226.02734375
15373 7208.01904297
15433 7199.53125
15493 7191.23535156
15553 7184.19628906
15613 7176.76318359
15673 7169.76904297
15734 7160.75244141
15794 7151.77880859
15854 7143.77734375
15914 7136.89697266
15974 7130.02050781
16094 7111.10449219
16154 7102.72167969
16214 7095.07080078
16275 7087.96484375
16335 7079.04150391
16396 7072.64746094
16516 7054.68212891
16577 7048.23730469
16637 7041.78369141
16757 7023.13183594
16817 7016.07324219
16852 7010.46972656
16887 7006.20703125
16947 7000.61767578
17008 6993.45117188
17128 6978.17089844
17188 6969.578125
17248 6960.12841797
17308 6952.26904297
17368 6945.62646484
17428 6937.36669922
17489 6930.50097656
17549 6923.33496094
17609 6918.05419922
17656 6911.95800781
17690 6908.05273438
17738 6900.85595703
17858 6883.26513672
17919 6876.3984375
17979 6872.23388672
18099 6853.1171875
18159 6847.359375
18219 6839.80371094
18279 6832.80175781
18339 6824.87060547
18400 6818.20507812
18460 6812.61865234
18520 6805.39697266
18580 6796.53125
18640 6787.12109375
18700 6780.48632812
18760 6775.58251953
18820 6768.11279297
18881 6760.04150391
18941 6752.54492188
19001 6744.87158203
19061 6736.72802734
19121 6730.32666016
19181 6722.72216797
19241 6714.55175781
19302 6709.08154297
19362 6703.55078125
19422 6695.16992188
19482 6686.70263672
19542 6678.02490234
19602 6671.48388672
19662 6666.12011719
19722 6658.46044922
19783 6653.33203125
19843 6646.89160156
19903 6638.97167969
19963 6631.94238281
20023 6624.38818359
20083 6617.79492188
20143 6611.93457031
20203 6604.62304688
20263 6597.31445312
20324 6589.35058594
20384 6582.54003906
20444 6574.02832031
20504 6565.81396484
20564 6558.14501953
20624 6551.26367188
20684 6544.21582031
20744 6536.54199219
20803 6529.68261719
20850 6524.86132812
20898 6519.66113281
20958 6510.64355469
21018 6505.29394531
21078 6496.875
21139 6491.06494141
21199 6484.76464844
21259 6476.63378906
21319 6470.35986328
21379 6463.43652344
21439 6455.50292969
21499 6449.77783203
21559 6441.22363281
21599 6435.79833984
21639 6430.70751953
21700 6424.24414062
21760 6418.34082031
21880 6399.70849609
21940 6391.55615234
22000 6385.36328125
22060 6378.46630859
22120 6371.37744141
22181 6363.95410156
22241 6357.53515625
22361 6344.59375
22421 6337.58691406
22481 6330.82714844
22541 6323.84179688
22601 6317.03662109
22661 6311.45849609
22962 6295.58544922
23022 6288.73291016
23082 6282.84423828
23142 6276.28857422
23202 6269.28027344
23263 6262.52587891
23323 6255.26708984
23383 6249.05859375
23443 6245.03466797
23503 6238.83496094
23563 6232.02880859
23623 6224.85449219
23683 6219.33886719
23743 6214.03564453
23804 6206.23974609
23864 6201.18408203
23924 6195.22314453
24044 6180.10205078
24104 6176.07324219
24164 6170.52539062
24224 6162.40820312
24284 6156.40283203
24345 6149.3828125
24405 6142.90380859
24465 6136.86669922
24525 6130.57080078
24585 6124.02929688
24645 6117.56445312
24705 6112.12011719
24765 6105.89550781
24825 6101.96337891
24886 6093.82226562
24946 6087.88769531
25006 6083.28857422
25066 6077.34472656
25126 6069.29199219
25186 6063.99609375
25246 6060.68212891
25306 6054.828125
25366 6047.99267578
25427 6042.03271484
25487 6037.18994141
25547 6030.82958984
25607 6024.14746094
25667 6017.58105469
25727 6011.17578125
25787 6006.28808594
25847 6001.83691406
25907 5995.20849609
25967 5990.14599609
26009 5987.50488281
26051 5983.13476562
26111 5976.98535156
26172 5969.58447266
26232 5965.34228516
26292 5958.44921875
26352 5953.80224609
26401 5946.94091797
26451 5942.51123047
26511 5936.74707031
26571 5930.77197266
26631 5925.48193359
26691 5920.48828125
26751 5914.59912109
26812 5907.57128906
26872 5902.33056641
26932 5895.75634766
26992 5891.71826172
27052 5887.64160156
27112 5881.33007812
27172 5876.03320312
27232 5868.94628906
27292 5863.37109375
27353 5858.12402344
27413 5852.44091797
27473 5845.93261719
27533 5840.47949219
27593 5835.57958984
27653 5831.59912109
27713 5825.27392578
27773 5818.28027344
27834 5812.9765625
27894 5808.01220703
27954 5803.45605469
28014 5797.57958984
28074 5790.79248047
28134 5783.89550781
28194 5779.9765625
28254 5774.30175781
28314 5768.98095703
28375 5764.39013672
28435 5757.93554688
28495 5754.12988281
28555 5746.31933594
28615 5741.31982422
28675 5735.64648438
28735 5731.17773438
28792 5725.3046875
28826 5721.20654297
28843 5718.46630859
28883 5715.13818359
28943 5710.00195312
29331 5815.37060547
29391 5808.7890625
29451 5803.8125
29511 5796.3359375
29571 5790.66162109
29631 5785.82177734
29691 5780.37402344
29751 5772.90283203
29811 5767.72998047
29871 5762.80419922
29932 5757.54248047
29992 5749.42041016
30052 5745.93164062
30112 5739.78564453
30172 5733.58300781
30232 5728.57080078
30292 5722.88964844
30352 5717.57324219
30413 5710.85693359
30473 5704.28369141
30533 5698.15136719
30593 5694.27050781
30653 5687.44384766
30713 5681.04443359
30773 5675.20654297
30833 5671.37060547
30893 5666.33837891
30954 5660.72363281
31014 5651.34472656
31074 5644.80273438
31134 5640.96875
31194 5635.37792969
31254 5629.19921875
31314 5623.35839844
31374 5617.34863281
31435 5612.36669922
31495 5606.65283203
31555 5602.77001953
31615 5596.70654297
31675 5588.48828125
31735 5585.63623047
31795 5579.34179688
31855 5575.08007812
31915 5569.12792969
31976 5562.53710938
32036 5558.53515625
32096 5552.99658203
32156 5547.25390625
32216 5541.91748047
32276 5536.05517578
32336 5530.68066406
32396 5525.37011719
32456 5519.93359375
32517 5515.75048828
32577 5508.34960938
32637 5502.06298828
32697 5495.76611328
32757 5493.23339844
32817 5486.49609375
32877 5481.93847656
32937 5475.25390625
32997 5470.02929688
33058 5464.86181641
33118 5459.48388672
33171 5453.71826172
33225 5450.76660156
33285 5444.72802734
33345 5439.74414062
33405 5432.03076172
33465 5429.42675781
33525 5423.68994141
33585 5417.23779297
33645 5411.75292969
33706 5405.86425781
33766 5398.95361328
33826 5393.63427734
33886 5389.07128906
33946 5383.52783203
34006 5380.42285156
34066 5375.18164062
34126 5369.61181641
34186 5364.3046875
34247 5358.96484375
34307 5352.39404297
34367 5346.14599609
34427 5343.09912109
34487 5337.33056641
34547 5332.42041016
34607 5326.54003906
34667 5321.69335938
34727 5317.10644531
34788 5310.34326172
34848 5305.59521484
34908 5298.31201172
34968 5294.55078125
35028 5289.22705078
35088 5284.48730469
35148 5279.54492188
35208 5274.26806641
35268 5268.78759766
35329 5263.83007812
35389 5257.36865234
35449 5250.99658203
35509 5245.24121094
35569 5240.15039062
35629 5235.12792969
35689 5230.53564453
35749 5225.70800781
35809 5220.97753906
35870 5214.87988281
35930 5209.46142578
35990 5205.10595703
36050 5199.63378906
36110 5195.51904297
36170 5190.01416016
36230 5184.79394531
36290 5181.32421875
36350 5176.45849609
36411 5171.00146484
36471 5165.95605469
36531 5160.44921875
36591 5155.16503906
36651 5148.79980469
36711 5142.08007812
36771 5138.78613281
36831 5134.58154297
36891 5130.33447266
36952 5123.8515625
37012 5116.57373047
37072 5114.11621094
37132 5110.94140625
37192 5107.97412109
37252 5103.39208984
37312 5099.87597656
37372 5094.22314453
37432 5092.26367188
37493 5086.59179688
37553 5082.24902344
37613 5077.39892578
37673 5073.20507812
37973 5059.74121094
38034 5055.50488281
38094 5050.48632812
38154 5047.38964844
38214 5043.54980469
38274 5037.76464844
38334 5032.60546875
38394 5028.359375
38454 5023.89501953
38514 5020.00830078
38575 5014.33056641
38635 5008.84619141
38695 5005.24902344
38755 5001.05810547
38815 4994.59667969
38875 4989.70507812
38935 4985.29003906
38995 4981.05517578
39055 4976.77148438
39116 4972.25439453
39176 4966.04931641
39236 4959.44091797
39296 4955.75048828
39356 4951.07714844
39393 4950.24560547
39430 4945.55859375
39491 4941.52636719
39551 4936.18701172
39611 4930.91894531
39671 4926.75146484
39731 4920.02099609
39791 4917.08544922
39851 4911.4609375
39911 4906.84960938
39972 4901.57958984
40032 4897.07861328
40092 4892.578125
40152 4888.07177734
40212 4884.20947266
40272 4880.296875
40332 4874.89404297
40392 4870.07958984
40452 4865.82128906
40512 4862.47753906
40633 4856.62744141
40693 4850.15673828
40753 4845.05273438
40813 4839.82275391
40873 4833.89501953
40933 4833.23535156
40993 4828.08984375
41054 4822.53417969
41114 4817.8046875
41174 4814.18164062
41234 4807.22558594
41294 4806.14892578
41354 4801.21679688
41414 4796.35839844
41474 4792.01904297
41534 4788.08154297
41595 4783.62548828
41655 4777.20019531
41715 4774.87109375
41775 4770.76708984
41835 4765.62158203
41895 4760.74755859
41955 4756.35839844
42015 4752.31396484
42075 4747.54980469
42136 4742.03222656
42196 4737.65380859
42256 4733.99951172
42316 4729.109375
42376 4725.31542969
42496 4712.09277344
42556 4710.97705078
42616 4706.57275391
42737 4700.98779297
42797 4695.77294922
42857 4690.5078125
42917 4685.86279297
42977 4681.58105469
43037 4677.83740234
43097 4673.84765625
43157 4669.36083984
43218 4666.53076172
43278 4662.87109375
43338 4658.15576172
43398 4654.36865234
43458 4651.43994141
43518 4647.00830078
43578 4642.67724609
43638 4640.22705078
43698 4636.02832031
43759 4631.90625
43819 4629.26318359
43879 4624.26708984
43939 4621.07128906
43999 4617.71044922
44059 4613.07470703
44119 4609.54394531
44179 4607.24365234
44239 4603.95654297
44300 4600.87304688
44360 4597.20214844
44420 4592.72705078
44480 4588.796875
44540 4586.14746094
44600 4581.42431641
44660 4577.73583984
44720 4573.82568359
44780 4569.43945312
44841 4566.68505859
44901 4562.32666016
44961 4557.72509766
45021 4554.15527344
45081 4550.33251953
45124 4547.11328125
45166 4545.3125
45227 4540.82324219
45287 4539.57763672
45347 4537.44482422
45407 4536.08886719
45467 4531.87597656
45527 4524.26318359
