0 8571.33984375
451 8405.92773438
571 8393.77050781
840 8275.29882812
885 8269.19726562
1416 8123.23193359
1476 8115.38232422
1776 7967.98388672
2498 8102.83349609
2919 8013.80322266
3279 7934.48046875
3520 7881.25830078
3580 7870.31103516
3640 7858.20849609
3820 7819.82958984
3880 7808.65625
3925 7796.51025391
3969 7787.20898438
4088 7766.81542969
4149 7755.77148438
4269 7732.25537109
4449 7700.61132812
4690 7652.35400391
4750 7647.23193359
5050 7609.22265625
5110 7597.54248047
5231 7572.90332031
5291 7565.06201172
5351 7555.59423828
5531 7521.58837891
5591 7510.66650391
5651 7499.95996094
5712 7491.17236328
5832 7467.44628906
5892 7456.23583984
5952 7445.17822266
6012 7438.63574219
6072 7427.52832031
6132 7415.59423828
6192 7407.28710938
6253 7399.56640625
6351 7376.42871094
6375 7373.76367188
6422 7368.51660156
6482 7358.67529297
6542 7348.63134766
6602 7337.80419922
6712 7320.33398438
6833 7297.07910156
6893 7285.43701172
6953 7276.49951172
7013 7265.98583984
7073 7255.99023438
7133 7246.25830078
7193 7236.48291016
7254 7228.02539062
7314 7218.61621094
7374 7206.98046875
7434 7199.08349609
7494 7189.36523438
7554 7177.57324219
8035 7338.47998047
8095 7328.65087891
8155 7319.16210938
8199 7311.05322266
8233 7303.09326172
8284 7294.66650391
8344 7283.85449219
8404 7274.4375
8464 7265.69287109
8524 7256.15429688
8584 7246.87548828
8644 7237.16943359
8704 7226.390625
8765 7216.08691406
8825 7207.64257812
8885 7196.69140625
8945 7186.67822266
9005 7177.84912109
9185 7144.95751953
9245 7135.93554688
9366 7105.57519531
9426 7101.41064453
9486 7093.27294922
9546 7081.83349609
9606 7070.69824219
9666 7060.76123047
9726 7049.75341797
9786 7044.20898438
9967 7006.73095703
10027 6996.23974609
10207 6968.03173828
10328 6943.11865234
10423 6925.12402344
10459 6924.42773438
10519 6916.26855469
10640 6892.765625
10743 6874.60302734
10766 6871.00976562
10805 6863.31787109
10865 6856.34472656
10925 6846.07763672
10985 6835.91308594
11045 6827.26611328
11105 6817.63134766
11165 6807.67773438
11226 6799.35400391
11286 6789.9765625
11346 6780.06054688
11466 6761.66943359
11526 6753.05322266
11586 6747.36132812
11646 6739.23583984
11707 6729.41992188
11767 6722.58056641
11947 6697.01464844
12007 6690.60546875
12067 6680.86865234
12127 6672.61035156
12187 6662.90820312
12248 6650.73583984
12308 6640.69042969
12368 6631.83886719
12428 6623.59472656
12488 6613.37646484
12548 6608.0546875
12608 6598.90722656
12668 6589.59912109
12728 6580.75585938
12789 6569.59326172
12849 6560.94775391
12909 6552.51269531
13029 6530.74951172
13089 6522.43652344
13149 6513.56835938
13209 6505.97558594
13330 6484.37353516
13390 6475.98974609
13450 6470.16845703
13510 6466.56054688
13570 6458.94628906
13630 6450.52246094
13690 6440.77246094
13750 6433.05566406
13871 6415.32128906
13931 6404.0
13991 6395.60839844
14051 6384.78417969
14105 6377.3359375
14147 6374.96191406
14196 6371.37158203
14256 6366.58691406
14316 6358.77099609
14376 6349.5546875
14917 6519.90869141
14977 6511.55761719
15037 6503.65625
15098 6494.29345703
15158 6487.05566406
15218 6477.87890625
15278 6468.91601562
15338 6460.78466797
15398 6453.94580078
15458 6446.03955078
15518 6437.18652344
15578 6429.19580078
15639 6422.41992188
15699 6413.53320312
15759 6406.078125
15819 6396.75927734
15879 6390.69726562
15939 6383.01513672
15999 6373.43408203
16059 6365.64746094
16119 6355.453125
16180 6350.19970703
16240 6342.11621094
16360 6318.22216797
16420 6312.63964844
16480 6305.06396484
16540 6295.72705078
16600 6289.70019531
16660 6280.22802734
16721 6272.90917969
16781 6266.37451172
16841 6258.12109375
16901 6251.23095703
16944 6246.08740234
16987 6242.22802734
17047 6234.75976562
17107 6226.07568359
17167 6217.81933594
17227 6211.69775391
17287 6204.64306641
17348 6197.69433594
17408 6191.87548828
17468 6184.29638672
17528 6177.86181641
17588 6173.31054688
17648 6164.89648438
17708 6153.43603516
17768 6145.96630859
17828 6138.05761719
17889 6131.18847656
17949 6125.40625
18009 6119.25488281
18069 6114.01123047
18129 6106.72949219
18189 6096.72021484
18249 6087.578125
18303 6082.37646484
18357 6076.4609375
18417 6071.29638672
18477 6062.72509766
18537 6055.05908203
18598 6048.75732422
18658 6041.22412109
18718 6033.22509766
18778 6025.83837891
18838 6016.796875
18898 6008.89794922
18958 6005.58251953
19018 5998.31347656
19078 5990.53369141
19139 5984.83447266
19199 5978.18896484
19259 5971.93212891
19308 5966.11035156
19357 5959.64501953
19417 5952.43066406
19477 5947.35791016
19537 5939.98681641
19597 5931.74267578
19658 5922.73925781
19718 5916.34619141
19778 5909.2578125
19838 5902.38427734
19898 5897.01513672
19958 5889.11914062
20018 5880.30664062
20062 5874.87353516
20106 5869.94775391
20166 5863.3515625
20226 5855.44873047
20286 5850.03417969
20347 5842.29980469
20384 5838.73144531
20398 5836.69824219
20409 5833.99023438
20421 5831.89648438
20432 5830.54101562
20468 5828.14501953
20509 5822.69238281
20550 5818.35595703
20610 5810.65576172
20670 5806.07861328
20730 5798.3671875
20790 5791.80224609
20850 5784.75927734
20910 5777.16650391
20971 5770.83105469
21031 5763.60351562
21091 5757.02001953
21151 5750.22265625
21211 5744.06298828
21271 5736.36376953
21331 5730.54248047
21391 5723.80371094
21451 5717.1171875
21512 5710.01660156
21572 5705.10693359
21632 5698.14355469
21692 5690.83007812
21752 5684.00585938
21812 5677.61328125
21872 5671.13427734
21932 5664.48193359
21992 5657.359375
22052 5650.41796875
22113 5643.06689453
22173 5636.13476562
22212 5631.99169922
22250 5628.06347656
22310 5620.5
22371 5614.63964844
22431 5608.29589844
22491 5601.39550781
22551 5596.02050781
22611 5588.93554688
22671 5581.30273438
22731 5576.66259766
22851 5556.92724609
22912 5554.92138672
22972 5550.40820312
23032 5544.10839844
23092 5537.96533203
23152 5530.97509766
23212 5526.29882812
23272 5519.05517578
23332 5512.046875
23392 5506.41845703
23453 5500.75537109
23513 5494.98583984
23573 5489.42236328
23633 5482.91894531
23693 5476.70263672
23753 5470.78808594
23813 5463.76904297
23873 5458.54589844
23934 5452.49365234
23994 5447.921875
24054 5441.38378906
24114 5436.23095703
24174 5430.86621094
24234 5424.73535156
24294 5418.58105469
24354 5411.85742188
24414 5407.8046875
24475 5402.39550781
24535 5395.15625
24595 5388.95166016
24655 5382.96875
24715 5376.82666016
24750 5373.39453125
24786 5369.90039062
24846 5363.45703125
24906 5356.87158203
24966 5351.38769531
25027 5346.27001953
25087 5338.36572266
25147 5332.83496094
25207 5325.58300781
25267 5321.21679688
25327 5315.80712891
25387 5309.06982422
25447 5302.35009766
25507 5295.88330078
25568 5288.97314453
25628 5284.14941406
25688 5279.35839844
25748 5272.78125
25808 5267.71386719
25868 5260.71777344
25928 5254.40234375
25988 5248.49267578
26048 5243.14013672
26109 5237.85449219
26169 5232.17919922
26229 5226.90722656
26289 5220.46630859
26349 5214.29296875
26409 5208.47460938
26469 5202.49853516
26529 5196.82666016
26589 5191.21191406
26650 5186.03613281
26710 5180.21679688
26770 5173.09960938
26830 5168.73095703
26890 5163.7109375
26950 5158.01708984
27010 5152.74169922
27070 5146.09423828
27130 5140.98925781
27191 5136.19921875
27251 5129.62597656
27311 5125.12744141
27371 5119.95263672
27431 5113.72363281
27491 5108.14550781
27551 5102.48681641
27611 5098.31396484
27671 5093.01269531
27732 5087.50439453
27792 5080.58837891
27852 5075.09326172
27912 5071.28222656
27972 5066.09863281
28032 5061.00537109
28092 5056.08691406
28152 5050.64697266
28212 5044.09619141
28273 5037.45361328
28333 5033.24023438
28393 5029.34423828
28453 5022.53320312
28513 5017.48779297
28573 5012.16601562
28633 5007.67138672
28693 5002.00634766
28753 4997.04150391
28814 4990.97460938
28874 4984.31347656
29054 4966.87939453
29114 4961.30371094
29535 5065.31640625
29595 5060.07421875
29655 5054.95556641
29715 5049.00195312
29775 5043.42578125
29835 5038.09716797
29896 5031.63574219
29956 5026.86816406
30016 5021.64208984
30076 5015.47705078
30136 5011.01171875
30196 5005.64697266
30256 4999.98144531
30316 4994.85009766
30377 4989.61962891
30437 4984.05761719
30497 4977.38330078
30553 4972.70410156
30594 4967.67333984
30625 4964.84912109
30671 4961.72509766
30731 4956.84130859
30792 4951.37841797
30829 4948.17626953
30866 4944.0078125
30904 4940.28125
30942 4937.62109375
31002 4931.98730469
31063 4925.92626953
31123 4920.02294922
31183 4915.94726562
31243 4910.62939453
31288 4906.81884766
31333 4902.86474609
31394 4897.03759766
31454 4891.68798828
31514 4886.484375
31574 4883.01220703
31634 4878.00048828
31694 4872.46826172
31754 4867.70898438
31814 4861.73632812
31874 4858.02441406
31935 4851.484375
31995 4845.02734375
32055 4841.07373047
32115 4836.50292969
32175 4830.32617188
32235 4825.77099609
32295 4820.57324219
32355 4815.72851562
32415 4809.50878906
32476 4803.94873047
32536 4799.61767578
32596 4794.99951172
32656 4790.38037109
32716 4785.80273438
32776 4781.03173828
32836 4776.55664062
32896 4769.91699219
32956 4762.38378906
33016 4760.01855469
33077 4756.63818359
33137 4751.31347656
33197 4747.1015625
33257 4742.56103516
33317 4738.09228516
33377 4732.91308594
33437 4728.66943359
33497 4722.58496094
33557 4718.38623047
33618 4715.13427734
33678 4708.55371094
33738 4703.08935547
33798 4699.29150391
33858 4694.53222656
33918 4689.22851562
33978 4684.76611328
34038 4679.39746094
34098 4674.71289062
34159 4669.88769531
34219 4664.56347656
34279 4659.69726562
34339 4653.79736328
34399 4649.61035156
34459 4645.46582031
34519 4640.80078125
34579 4635.85351562
34639 4631.41650391
34700 4625.72998047
34760 4620.87548828
34820 4616.36962891
34880 4610.71777344
34940 4602.52441406
35000 4600.12255859
35060 4595.20800781
35120 4591.45507812
35180 4585.87255859
35241 4580.99316406
35301 4576.47558594
35361 4571.61132812
35421 4567.10009766
35481 4562.15917969
35541 4557.68603516
35601 4552.58349609
35661 4547.24267578
35722 4541.84033203
35782 4537.69433594
35842 4533.54003906
35902 4529.32128906
35962 4524.50146484
36022 4519.43457031
36082 4515.45556641
36142 4510.58691406
36202 4507.32421875
36263 4503.04345703
36323 4497.43945312
36383 4492.08154297
36443 4486.37304688
36503 4483.31201172
36563 4479.04101562
36623 4474.58007812
36683 4470.63720703
36743 4466.81494141
36803 4461.67919922
36864 4455.47265625
36924 4451.40185547
36984 4446.12597656
37044 4442.67529297
37104 4438.97216797
37164 4435.25048828
37224 4430.69384766
37284 4424.52539062
37345 4420.78271484
37405 4416.57324219
37465 4411.54736328
37525 4406.02832031
37585 4402.16162109
37645 4395.87841797
37705 4393.56396484
37765 4388.52001953
37825 4381.83349609
37886 4376.40576172
37946 4371.92236328
38006 4368.56445312
38066 4364.66503906
38126 4359.98632812
38186 4354.82080078
38246 4348.32080078
38306 4343.73291016
38360 4339.66357422
38414 4336.14404297
38474 4332.15380859
38534 4326.54980469
38594 4324.99365234
38654 4318.59033203
38714 4312.92773438
38774 4307.12597656
38835 4303.54882812
38895 4302.01416016
38955 4296.95849609
39015 4291.40283203
39075 4285.48486328
39135 4284.99267578
39195 4281.65771484
39255 4278.78857422
39315 4273.95751953
39376 4267.16308594
39436 4261.85253906
39496 4260.15869141
39556 4254.70898438
39616 4249.82373047
39676 4246.06835938
39736 4242.296875
39856 4235.56542969
39917 4229.15332031
39977 4223.60400391
40037 4217.89990234
40097 4216.71337891
40157 4212.56933594
40217 4206.63818359
40277 4201.72998047
40337 4195.96582031
40397 4192.07373047
40458 4190.43798828
40518 4185.21728516
40578 4179.31298828
40638 4174.94628906
40698 4170.43115234
40758 4164.35839844
40818 4159.19335938
40878 4156.04052734
40938 4148.32519531
40999 4145.73876953
41059 4140.72460938
41119 4137.69873047
41179 4134.35205078
41239 4128.02001953
41299 4124.05957031
41359 4119.01611328
41419 4114.08251953
41479 4110.13476562
41540 4107.66210938
41600 4100.96337891
41660 4098.84667969
41720 4095.70239258
41780 4091.85839844
41840 4085.46728516
41900 4079.02270508
41960 4073.83276367
42020 4069.34130859
42081 4066.80737305
42141 4063.04345703
42201 4059.92724609
42261 4055.99731445
42321 4049.45141602
42381 4044.47143555
42441 4039.84082031
42501 4034.39648438
42561 4025.984375
42682 4032.9362793
42802 4034.05322266
42922 4013.12133789
42968 4009.12084961
43134 4007.13305664
43194 4003.67626953
