0 9754.40234375
119 9750.85058594
588 9637.43164062
606 9630.15136719
641 9622.625
2355 9141.28808594
2772 9007.13964844
3063 8944.671875
3947 8833.11425781
5544 8493.64257812
5892 8421.41210938
5929 8414.56640625
6010 8397.52636719
6045 8390.49707031
6286 8331.24121094
7007 8179.92724609
7368 8108.09082031
7488 8091.22460938
7766 8033.52294922
7955 8177.80175781
8555 8158.04443359
8736 8125.52734375
9071 8060.89941406
9088 8056.47314453
9114 8051.34667969
9145 8043.65478516
9176 8039.59423828
9207 8032.50097656
9238 8023.81591797
9269 8016.07080078
9314 8009.10839844
9514 7967.96142578
9555 7960.11914062
9731 7924.74853516
9971 7881.03662109
10152 7849.86914062
10239 7832.77001953
10271 7825.48974609
10345 7809.55615234
10356 7806.85107422
10367 7803.90722656
10377 7799.72412109
10387 7797.57910156
10422 7793.54199219
10457 7787.3125
10468 7783.84716797
10495 7777.70166016
10643 7751.2734375
10659 7749.44287109
10912 7697.66699219
11498 7587.66162109
11543 7579.04003906
11663 7558.90136719
11770 7538.64746094
11882 7517.67675781
11969 7501.70703125
12000 7496.52197266
12042 7490.24023438
12088 7481.84716797
12269 7451.30419922
12750 7366.4453125
12810 7358.03466797
13050 7318.82763672
13231 7288.56933594
13351 7269.26416016
13411 7260.38769531
13471 7251.58154297
13531 7243.453125
13591 7236.92236328
13772 7205.68945312
13832 7200.08886719
13952 7182.50439453
14012 7174.82470703
14132 7156.78613281
14193 7147.62402344
14313 7128.63671875
14433 7110.61816406
14553 7091.06005859
14613 7082.01123047
14733 7061.32324219
14794 7052.51611328
14854 7045.00585938
15034 7014.87646484
15214 6981.50634766
15335 6963.51220703
15455 6945.51171875
15491 6940.67724609
15528 6936.82275391
15708 6904.53564453
16189 7028.38671875
16309 7009.53076172
16429 6989.92285156
16490 6980.82177734
16550 6971.91552734
16610 6962.54931641
16730 6943.36181641
16850 6924.87597656
16910 6917.60058594
17031 6897.27783203
17151 6878.01611328
17211 6869.84277344
17271 6861.23974609
17331 6852.45117188
17451 6832.90380859
17507 6824.42236328
17562 6816.47900391
17623 6807.2109375
17683 6798.89111328
17743 6790.36572266
17803 6780.80810547
17863 6773.02392578
17923 6766.23388672
18043 6745.63818359
18104 6737.50537109
18164 6729.00292969
18224 6720.05029297
18344 6700.87353516
18404 6692.96777344
18464 6683.72509766
18645 6657.13867188
18705 6647.95166016
18765 6639.38085938
18825 6630.73632812
18885 6623.15869141
18983 6608.2109375
19022 6602.29003906
19082 6595.20361328
19142 6587.58691406
19202 6579.80126953
19323 6560.93847656
19383 6554.34521484
19443 6545.80859375
19503 6536.78955078
19563 6528.05615234
19623 6520.7421875
19683 6512.36572266
19743 6503.50976562
19864 6485.09912109
19924 6478.57910156
20054 6452.42919922
20114 6450.15820312
20174 6441.33740234
20235 6431.93847656
20295 6423.35546875
20342 6417.59570312
20389 6410.16992188
20449 6403.07080078
20509 6394.88037109
20569 6386.23144531
20629 6377.76269531
20689 6369.11425781
20750 6362.68652344
20810 6355.79248047
20870 6347.32177734
20990 6328.36083984
21050 6320.31445312
21110 6311.43896484
21170 6305.38085938
21230 6297.43408203
21291 6291.57373047
21411 6274.51953125
21471 6265.81835938
21531 6259.31005859
21591 6252.53222656
21651 6244.96484375
21771 6225.14990234
21831 6217.04980469
21892 6212.85791016
22012 6194.23828125
22132 6179.69335938
22192 6172.45410156
22312 6153.17089844
22373 6147.75048828
22433 6139.34375
22613 6111.20117188
22673 6102.92480469
22733 6097.97607422
22793 6091.73730469
22914 6071.70654297
22974 6063.44824219
23034 6056.71484375
23094 6048.12011719
23215 6025.90771484
23275 6020.47363281
23396 6006.54345703
23516 5985.67626953
23576 5979.99023438
23696 5966.55273438
23756 5959.57177734
23816 5951.85058594
23876 5942.68994141
23997 5922.29248047
24057 5916.55371094
24117 5911.20507812
24177 5906.65136719
24297 5885.53222656
24357 5877.05322266
24417 5872.35693359
24478 5868.04248047
24538 5863.30029297
24598 5855.39990234
24658 5846.98291016
24778 5834.37304688
24838 5830.95361328
24898 5821.65234375
24958 5818.80859375
25019 5813.28759766
25079 5805.46484375
25139 5801.57568359
25199 5794.58251953
25259 5792.08789062
25319 5783.34326172
25379 5776.11572266
25439 5773.59179688
25499 5766.95703125
25560 5760.71484375
25620 5756.39257812
25680 5753.34570312
25740 5744.69042969
25800 5737.40478516
25860 5730.25878906
25920 5725.93652344
26040 5713.44921875
26101 5705.72167969
26161 5700.25537109
26196 5698.1171875
26231 5693.58105469
26291 5686.06347656
26335 5684.17675781
26379 5679.31884766
26439 5672.9375
26499 5664.68652344
26619 5649.171875
26679 5643.3125
26739 5638.63525391
26799 5637.41455078
26859 5629.54296875
26920 5623.08935547
26980 5621.17724609
27040 5619.01855469
27100 5613.49365234
27160 5606.68847656
27280 5588.30078125
27340 5584.16699219
27401 5578.69189453
27436 5574.48144531
27471 5573.47070312
27531 5569.78662109
27591 5565.83886719
27651 5558.73144531
27832 5531.80126953
27952 5518.61474609
28012 5511.74658203
28072 5510.57324219
28132 5502.97900391
28192 5498.34912109
28252 5495.81933594
28373 5481.83203125
28433 5476.08984375
28493 5471.40527344
28553 5469.19873047
29034 5640.97021484
29094 5635.08105469
29155 5629.61914062
29215 5623.93310547
29275 5618.17041016
29335 5611.66357422
29395 5604.71484375
29455 5599.37451172
29515 5592.58398438
29575 5586.90234375
29635 5581.82763672
29696 5575.30029297
29756 5567.78955078
29816 5561.12207031
29876 5556.57470703
29936 5550.85791016
29996 5544.41650391
30056 5538.95703125
30118 5533.8203125
30180 5528.765625
30240 5523.09130859
30300 5517.2890625
30361 5510.86962891
30421 5505.53417969
30481 5499.29394531
30541 5494.15234375
30601 5487.96289062
30661 5482.52929688
30721 5475.89941406
30781 5470.94335938
30841 5465.60644531
30902 5458.92724609
30962 5452.91894531
31022 5446.65917969
31082 5442.48681641
31142 5437.58935547
31202 5431.22558594
31262 5425.95263672
31322 5420.27001953
31382 5414.62890625
31419 5410.77783203
31456 5407.45849609
31516 5403.87646484
31577 5397.38867188
31637 5391.64208984
31697 5385.47021484
31757 5379.83300781
31817 5374.36376953
31877 5366.89306641
31937 5362.90966797
31997 5358.41455078
32057 5353.62109375
32118 5346.05566406
32179 5342.27685547
32240 5335.38818359
32300 5329.82861328
32360 5324.63964844
32421 5319.55908203
32481 5313.89453125
32541 5308.171875
32601 5302.49853516
32661 5297.921875
32708 5292.58789062
32754 5288.28808594
32789 5285.89794922
32825 5281.87060547
32885 5277.38964844
32945 5271.58203125
33005 5265.22021484
33065 5259.2421875
33125 5254.21923828
33185 5249.015625
33245 5241.96728516
33305 5237.25439453
33366 5229.82128906
33426 5225.90039062
33486 5219.71289062
33546 5214.80126953
33606 5209.57373047
33666 5205.30029297
33726 5199.17724609
33786 5194.84765625
33846 5189.49023438
33907 5185.36816406
33967 5179.44677734
34027 5174.29003906
34087 5169.52832031
34147 5163.62744141
34207 5157.17529297
34267 5151.49414062
34327 5147.52001953
34387 5142.90283203
34448 5139.41210938
34508 5132.69335938
34568 5127.27294922
34628 5122.56201172
34688 5117.21191406
34748 5111.76171875
34808 5107.02783203
34868 5101.25146484
34929 5095.89160156
34989 5090.23828125
35049 5088.09570312
35109 5082.53515625
35169 5076.04150391
35229 5071.37890625
35289 5066.27099609
35349 5060.47070312
35409 5054.43896484
35470 5051.44775391
35530 5045.90478516
35590 5040.71923828
35650 5035.89599609
35710 5031.44873047
35770 5025.10205078
35830 5021.21386719
35890 5015.88232422
35950 5011.42529297
36010 5005.43164062
36071 5000.92138672
36131 4997.88085938
36191 4990.53808594
36251 4988.09277344
36311 4982.05126953
36371 4977.52001953
36431 4970.80859375
36491 4965.98291016
36551 4961.28662109
36624 4956.25830078
36685 4953.14990234
36745 4947.41796875
36805 4944.23974609
36865 4939.65380859
36925 4935.63232422
36985 4928.43652344
37045 4926.85693359
37106 4922.33544922
37166 4919.90820312
37226 4915.76074219
37286 4910.06738281
37346 4906.68408203
37406 4903.32373047
37466 4897.57714844
37526 4893.57324219
37586 4888.87988281
37647 4884.61621094
37707 4878.75048828
37767 4875.10058594
37827 4870.10107422
37887 4865.4609375
37947 4862.33496094
38007 4856.53027344
38067 4851.46142578
38127 4846.97753906
38188 4843.56445312
38248 4838.60986328
38308 4833.48632812
38368 4827.9609375
38428 4823.48925781
38488 4819.33007812
38548 4814.87451172
38608 4809.39794922
38668 4804.54931641
38729 4799.95556641
39089 4774.44433594
39149 4767.60253906
39209 4765.17138672
39270 4761.09179688
39330 4756.78222656
39390 4751.82080078
39450 4746.59423828
39510 4742.35644531
39570 4736.66015625
39630 4733.46728516
39691 4730.30908203
39811 4713.09619141
39871 4707.01660156
39931 4702.94921875
39991 4696.76660156
40051 4692.24072266
40111 4687.28369141
40171 4684.37548828
40232 4679.07861328
40292 4674.19921875
40352 4669.62402344
40412 4666.33447266
40472 4661.91748047
40532 4659.70800781
40592 4655.41259766
40652 4651.48046875
40713 4647.66015625
40773 4644.02001953
40833 4638.72216797
40893 4634.23193359
40953 4630.42822266
41014 4626.19335938
41074 4623.01708984
41134 4618.69335938
41194 4614.37011719
41254 4608.98681641
41314 4604.22412109
41374 4600.32666016
41434 4598.26269531
41494 4594.12695312
41555 4588.75585938
41615 4583.63330078
41675 4579.55175781
41735 4576.48583984
41795 4573.33398438
41855 4568.36425781
41915 4563.21142578
41975 4558.26806641
42036 4556.52978516
42096 4551.4921875
42156 4548.00488281
42216 4544.25634766
42276 4539.51074219
42336 4535.21484375
42396 4531.76171875
42456 4526.80517578
42516 4522.41015625
42577 4518.47802734
42637 4516.02880859
42697 4510.92773438
42757 4505.99902344
42817 4499.56933594
42877 4495.20996094
42937 4494.30908203
42997 4488.73144531
43057 4482.12646484
43117 4479.85058594
43178 4475.5078125
43238 4472.24755859
43298 4465.75537109
43358 4461.25341797
43418 4458.79541016
43478 4454.85791016
43538 4451.69335938
43598 4447.13574219
43658 4442.35742188
43719 4436.45458984
43779 4432.29541016
43839 4428.39794922
43899 4423.67871094
43959 4418.69140625
44019 4413.89257812
44079 4408.52490234
44139 4403.27294922
44200 4401.72314453
44260 4397.95751953
44320 4394.79980469
44380 4390.94482422
44440 4384.87255859
44500 4381.63916016
44560 4374.87255859
44620 4371.16845703
44680 4367.52636719
44741 4366.79101562
44801 4362.35693359
44861 4359.53173828
44921 4354.85986328
44981 4349.24414062
45041 4346.07128906
45101 4341.40673828
45161 4337.57617188
45221 4335.53173828
45282 4331.15332031
45342 4328.60107422
45402 4324.76074219
45462 4322.56396484
45522 4319.10058594
45582 4314.17724609
45642 4309.78955078
45702 4305.96337891
45762 4301.91699219
45823 4298.13525391
45883 4294.13427734
45943 4291.87792969
46003 4290.08349609
46063 4285.03125
46123 4281.61669922
46183 4278.28759766
46243 4273.17871094
46303 4270.37841797
46364 4267.68505859
46424 4262.54101562
46484 4259.69775391
46544 4254.11328125
46604 4251.16113281
46664 4248.47021484
46724 4244.36181641
46784 4241.90771484
46844 4237.90234375
46905 4234.25048828
46965 4231.953125
47025 4228.04248047
47085 4223.95751953
47145 4219.74951172
47205 4216.86816406
47265 4211.07568359
47325 4204.62597656
47385 4200.24902344
47446 4197.89453125
47506 4197.13427734
47566 4192.1484375
47626 4186.60302734
47686 4182.74853516
47746 4179.97265625
47806 4174.80029297
47866 4170.70605469
47926 4167.64257812
47987 4165.75878906
48047 4162.66064453
48107 4158.53662109
48227 4156.95263672
48347 4158.11279297
48407 4151.86669922
