0 9429.77832031
156 9400.10839844
352 9288.41699219
633 9200.30761719
1054 9040.74804688
1774 9038.52539062
2074 8953.66601562
2135 8937.48144531
2195 8922.38085938
2255 8907.21582031
2315 8893.30273438
2375 8878.51464844
2477 8848.90234375
2519 8834.70703125
2699 8782.6640625
2760 8769.84765625
2820 8754.12402344
2880 8743.57324219
2940 8728.32714844
3000 8711.97265625
3060 8698.68261719
3120 8684.34375
3180 8669.9921875
3240 8655.40234375
3361 8622.54785156
3421 8606.67089844
3481 8591.921875
3541 8579.52246094
3601 8564.10253906
3661 8550.41601562
3721 8536.65136719
3781 8521.52636719
3842 8515.95898438
3902 8505.92578125
3962 8490.77441406
4082 8461.62109375
4142 8451.41210938
4358 8447.20410156
4393 8441.375
4453 8428.59082031
4513 8415.1328125
4573 8399.68359375
4612 8390.31542969
4639 8385.89453125
4667 8382.56445312
4706 8373.08789062
4750 8365.88964844
4795 8356.14355469
4855 8346.02929688
4901 8339.26464844
4925 8336.11816406
4945 8330.55273438
4988 8319.62890625
5048 8306.08105469
5108 8289.90429688
5168 8280.68847656
5228 8269.74121094
5288 8253.52734375
5343 8243.41015625
5397 8233.04980469
5457 8222.29296875
5518 8207.76660156
5578 8198.54394531
5638 8187.41308594
5698 8172.09130859
5758 8160.37158203
5818 8146.35107422
5878 8136.75927734
5938 8125.77978516
5998 8115.20117188
6059 8103.55712891
6111 8093.73144531
6164 8086.74462891
6224 8074.54199219
6284 8063.56152344
6344 8049.83251953
6404 8036.41015625
6465 8027.86914062
6525 8016.45361328
6585 8004.50195312
6641 7995.36376953
6682 7989.28125
6727 7982.07958984
6788 7968.88427734
6848 7956.28125
6908 7948.02392578
6968 7937.17919922
7389 8107.32080078
7449 8094.58837891
7509 8085.00341797
7569 8074.99658203
7629 8062.02392578
7689 8053.47021484
7749 8043.01708984
7810 8033.20703125
7870 8024.10546875
7930 8012.18603516
7990 7999.92041016
8050 7989.46142578
8110 7979.13964844
8170 7966.89794922
8208 7960.23339844
8245 7955.01855469
8305 7942.97851562
8365 7932.86523438
8425 7923.04882812
8485 7910.34619141
8545 7899.54052734
8603 7890.07080078
8661 7878.35302734
8721 7863.89453125
8781 7854.56640625
8841 7845.59375
8901 7837.39355469
8962 7825.74169922
9022 7813.68261719
9082 7802.46386719
9142 7796.45361328
9202 7786.70751953
9262 7775.53759766
9322 7762.5703125
9382 7755.43554688
9442 7743.7265625
9503 7734.19824219
9563 7724.39404297
9623 7713.7890625
9683 7701.20214844
9743 7691.81738281
9803 7680.23779297
9863 7670.77587891
9923 7660.13964844
9983 7650.37109375
10044 7641.23486328
10104 7630.15820312
10164 7619.16503906
10224 7612.70117188
10284 7600.94921875
10344 7587.96875
10404 7577.60058594
10464 7567.52734375
10524 7556.89990234
10585 7545.96240234
10645 7536.70263672
10705 7523.84033203
10765 7512.76855469
10825 7504.37890625
10885 7495.33984375
10945 7485.49121094
11005 7476.27685547
11065 7465.43798828
11126 7455.22460938
11186 7445.95166016
11246 7436.83349609
11306 7424.03271484
11366 7418.9921875
11426 7403.05371094
11720 7371.26855469
11780 7360.0546875
11841 7350.33300781
11901 7342.18847656
11961 7334.30957031
12021 7324.62890625
12081 7315.28271484
12141 7302.66455078
12201 7294.65917969
12261 7284.81494141
12322 7277.66796875
12382 7268.46777344
12442 7260.45849609
12502 7248.92333984
12562 7239.34765625
12622 7230.22607422
12682 7223.78125
12742 7214.47070312
12802 7205.38037109
12863 7196.29980469
12923 7187.54101562
12983 7177.92529297
13043 7170.83984375
13103 7160.56787109
13163 7149.45800781
13223 7139.54833984
13283 7133.56396484
13343 7125.45263672
13404 7114.37597656
13464 7104.64697266
13524 7097.06103516
13584 7090.63378906
13644 7079.11181641
13704 7071.05810547
13764 7061.74316406
13824 7047.36181641
13884 7038.859375
13945 7030.32324219
14005 7018.68457031
14065 7014.79199219
14125 7001.08496094
14185 6992.08740234
14606 7140.84570312
14666 7131.41894531
14726 7123.44628906
14786 7114.54931641
14846 7105.79101562
14906 7096.22314453
14967 7087.13330078
15027 7082.04589844
15087 7073.21875
15147 7062.63037109
15207 7051.11181641
15267 7041.76806641
15327 7033.36181641
15387 7023.8828125
15447 7016.27001953
15508 7006.88232422
15568 6999.60498047
15628 6989.88574219
15688 6978.79589844
15748 6967.59423828
15808 6962.49658203
15868 6952.69433594
15928 6944.94921875
15989 6936.96044922
16049 6928.76904297
16109 6918.23046875
16169 6908.32617188
16229 6902.70068359
16289 6893.77246094
16348 6883.93798828
16408 6872.66308594
16468 6867.35644531
16528 6857.58544922
16588 6849.96875
16648 6839.87597656
16709 6830.51074219
16769 6821.09375
16804 6816.34472656
16839 6810.06103516
16874 6805.42138672
16909 6799.53076172
16970 6791.61230469
17030 6783.35205078
17090 6774.86279297
17150 6762.82421875
17210 6761.33105469
17270 6748.74169922
17330 6739.92578125
17390 6733.06640625
17450 6723.63525391
17511 6712.72119141
17571 6705.67382812
17631 6695.93310547
17691 6685.95556641
17751 6681.02978516
17811 6673.86962891
17871 6667.52392578
17931 6661.46826172
17992 6654.20507812
18052 6645.78613281
18112 6637.32910156
18472 6595.92822266
18532 6588.53759766
18593 6580.87060547
18653 6571.79394531
18713 6565.38623047
18773 6556.76269531
18833 6548.59521484
18893 6541.41455078
18953 6534.82763672
19013 6525.92333984
19073 6517.24511719
19134 6510.80029297
19194 6504.49804688
19254 6495.47998047
19314 6489.31689453
19374 6480.77783203
19434 6474.234375
19494 6466.29980469
19554 6456.15332031
19614 6450.51660156
19675 6443.20849609
19735 6435.06689453
19795 6427.34130859
19855 6421.45458984
19915 6415.12109375
19975 6406.08642578
20035 6397.44628906
20095 6389.65820312
20155 6380.25634766
20197 6375.04296875
20238 6372.54882812
20299 6364.47167969
20360 6356.88085938
20420 6350.80029297
20481 6342.79980469
20541 6334.30175781
20602 6327.97216797
20662 6320.96142578
20723 6312.70605469
20783 6305.22265625
20844 6296.48876953
20903 6289.89794922
20939 6285.16162109
20974 6283.31835938
21014 6277.09667969
21054 6272.68115234
21114 6265.73828125
21174 6258.27050781
21234 6250.79443359
21294 6243.33886719
21354 6235.53955078
21414 6229.91162109
21475 6221.64355469
21535 6215.35595703
21595 6207.51953125
21655 6199.61279297
21715 6192.25390625
21775 6185.54394531
21835 6179.39111328
21895 6174.09765625
21955 6164.63232422
22016 6157.84277344
22076 6147.46386719
22136 6139.64648438
22196 6133.70703125
22256 6125.84814453
22316 6119.02197266
22376 6109.73144531
22436 6103.79296875
22496 6095.99462891
22557 6084.92382812
22617 6081.81152344
22677 6074.28222656
22737 6067.04003906
22797 6060.30419922
22857 6053.72851562
22917 6047.19726562
22977 6037.69091797
23037 6031.375
23098 6023.81982422
23158 6019.65917969
23218 6015.92285156
23278 6006.21630859
23338 5999.73632812
23398 5992.89208984
23458 5983.41210938
23518 5978.13525391
23578 5973.91992188
23639 5968.49902344
23699 5961.30761719
23796 5954.12841797
23833 5948.39453125
23893 5939.01757812
23954 5932.35644531
24014 5919.87207031
24074 5916.59082031
24134 5911.73876953
24194 5903.70556641
24254 5898.09033203
24374 5888.87646484
24434 5879.96044922
24478 5871.76611328
24521 5866.30029297
24581 5857.91845703
24641 5855.51318359
24701 5850.47314453
24761 5844.52197266
24821 5836.25830078
24881 5830.07666016
24941 5821.20507812
25001 5818.50048828
25062 5811.62890625
25122 5802.13525391
25182 5795.41113281
25242 5789.46191406
25302 5782.23339844
25362 5775.73974609
25422 5769.24707031
25482 5767.46826172
25543 5760.12548828
25603 5753.34326172
25663 5748.02246094
25723 5740.50976562
25783 5732.98535156
25843 5726.83007812
25903 5721.21826172
25963 5715.87451172
26023 5710.06005859
26083 5703.9140625
26144 5697.73046875
26204 5689.33300781
26324 5672.71630859
26384 5670.44042969
26444 5664.25683594
26504 5657.35253906
26564 5651.53857422
26624 5646.33398438
26685 5640.54150391
26745 5637.75634766
26805 5631.82617188
26865 5625.66748047
26925 5619.28710938
26985 5613.03710938
27045 5607.52392578
27105 5602.86425781
27165 5596.25830078
27226 5590.74023438
27286 5585.58105469
27346 5579.609375
27406 5576.3515625
27466 5570.98681641
27526 5563.64697266
27586 5559.19580078
27646 5554.23535156
27706 5548.1796875
27767 5542.65136719
27827 5536.86230469
27887 5530.69628906
27947 5525.6875
28007 5518.78271484
28067 5511.3203125
28127 5506.61865234
28187 5500.68603516
28247 5494.9921875
28308 5491.08935547
28368 5485.22167969
28428 5479.99609375
28488 5473.84375
28548 5468.36523438
28608 5462.20654297
28668 5456.40527344
28703 5452.42919922
28739 5449.09570312
28799 5447.95605469
29160 5546.89453125
29220 5539.83251953
29280 5534.93554688
29340 5528.06591797
29400 5522.62353516
29460 5516.53857422
29520 5512.09423828
29580 5506.41259766
29640 5501.3984375
29701 5495.45996094
29761 5488.015625
29821 5482.93408203
29881 5477.71728516
29941 5470.14501953
30001 5463.82373047
30061 5457.81347656
30121 5448.32519531
30182 5444.08203125
30242 5438.70996094
30302 5432.53271484
30362 5426.09277344
30422 5419.265625
30482 5415.42382812
30542 5409.93896484
30602 5402.36621094
30662 5396.54785156
30723 5389.03125
30783 5386.21337891
30843 5382.59765625
30903 5374.94042969
30963 5368.2578125
31023 5363.28955078
31083 5356.14111328
31143 5352.75390625
31203 5345.86962891
31264 5340.11474609
31324 5333.46191406
31384 5330.03125
31444 5324.33886719
31504 5317.40771484
31564 5312.58837891
31624 5307.33886719
31684 5300.96630859
31744 5296.91699219
31805 5289.89648438
31865 5285.28662109
31925 5280.23730469
31985 5273.04101562
32045 5266.39501953
32105 5263.8125
32165 5257.14550781
32225 5251.73095703
32285 5246.34375
32346 5240.96142578
32406 5234.46679688
32466 5227.10058594
32526 5224.50048828
32586 5218.24902344
32646 5212.29150391
32706 5210.08203125
32766 5203.58398438
32826 5199.29101562
32887 5193.73632812
32947 5187.8828125
33007 5182.80273438
33067 5176.83886719
33127 5171.08398438
33187 5165.41601562
33247 5160.5859375
33307 5156.02050781
33367 5150.63525391
33428 5144.44335938
33488 5138.41259766
33548 5134.28808594
33608 5128.92431641
33668 5124.06835938
33728 5118.96923828
33788 5113.36865234
33848 5107.43945312
33908 5102.20068359
33969 5097.44580078
34029 5091.24755859
34089 5086.22314453
34149 5079.77929688
34209 5074.72412109
34269 5071.86279297
34329 5065.20117188
34389 5059.43066406
34450 5053.83935547
34510 5048.37060547
34570 5042.70166016
34630 5036.86669922
34690 5031.1796875
34750 5025.99365234
34810 5021.12646484
34870 5016.10546875
34931 5009.07910156
34991 5003.6484375
35051 5000.15917969
35111 4993.52050781
35171 4987.31884766
35231 4978.35693359
35291 4975.86816406
35351 4971.82617188
35412 4967.42431641
35472 4963.56298828
35532 4958.82910156
35592 4953.49609375
35652 4948.83056641
35712 4942.79248047
35762 4938.46435547
35813 4935.45947266
35873 4930.31738281
35933 4924.41259766
35993 4919.22314453
36053 4913.42285156
36113 4908.53515625
36173 4904.49121094
36234 4899.33447266
36294 4892.53613281
36354 4890.84228516
36414 4886.29833984
36469 4881.0078125
36525 4876.64208984
36585 4872.81542969
36645 4868.07421875
36705 4863.43505859
36765 4858.48583984
36826 4852.77685547
36886 4848.08544922
36946 4843.97802734
37006 4839.20849609
37066 4834.71728516
37126 4829.14404297
37186 4824.234375
37246 4819.66357422
37307 4814.33642578
37367 4810.06591797
37427 4805.54199219
37487 4800.57373047
37547 4796.93164062
37607 4793.97216797
37667 4789.68798828
37727 4784.66845703
37787 4778.87988281
37848 4773.81738281
37908 4765.48144531
37968 4754.00439453
38028 4748.79882812
38088 4741.53759766
38148 4736.34521484
38208 4729.79638672
38268 4724.51220703
38328 4717.25048828
38389 4716.82128906
38449 4710.45361328
38509 4708.32128906
38569 4702.38427734
38629 4695.98046875
38689 4693.80615234
38749 4689.95947266
38809 4685.30957031
38869 4681.63232422
38930 4675.72070312
38990 4673.90478516
39050 4670.93505859
39110 4666.33251953
39170 4661.50634766
39230 4658.26953125
39290 4655.48925781
39350 4652.25292969
39410 4645.92675781
39471 4639.61279297
39591 4630.88378906
39651 4627.83056641
39711 4622.50390625
39771 4622.40429688
39831 4615.68066406
39891 4611.25488281
39951 4607.57275391
40012 4603.58789062
40072 4598.12402344
40132 4592.84277344
40192 4588.48535156
40252 4584.87744141
40312 4578.83935547
40372 4577.51416016
40432 4572.38134766
40492 4569.203125
40553 4564.38232422
40613 4560.94873047
40673 4556.65136719
40733 4551.13476562
40793 4546.46923828
40853 4543.33935547
40913 4539.59326172
40973 4536.30712891
41033 4531.29150391
41094 4525.99414062
41154 4521.09765625
41214 4517.33496094
41274 4514.67578125
41334 4510.08447266
41394 4504.90429688
41454 4500.46777344
41514 4496.60742188
41575 4491.86669922
41635 4487.49902344
41695 4482.94384766
41755 4479.99169922
41815 4475.79248047
41875 4470.67333984
41935 4466.26269531
41995 4462.47998047
42055 4457.42871094
42116 4452.83789062
42176 4450.10205078
42236 4445.98583984
42296 4442.57568359
42356 4437.54785156
42391 4435.44970703
42420 4432.63867188
42474 4428.90087891
42534 4424.58203125
42594 4420.67382812
42654 4417.26660156
42715 4412.81298828
42775 4408.06933594
42835 4403.58544922
42895 4398.62353516
42955 4395.23144531
43015 4391.828125
43075 4387.98974609
43135 4384.32910156
43436 4369.4375
43496 4365.99365234
43556 4362.30761719
43616 4358.44091797
43676 4354.02783203
43725 4350.61181641
43769 4346.57080078
43823 4342.53955078
43883 4339.57568359
43944 4334.96142578
44004 4329.47265625
44064 4325.34863281
44124 4320.42480469
44184 4316.21240234
44244 4311.71289062
44304 4308.06982422
44364 4303.24267578
44425 4299.16162109
44485 4295.52539062
44545 4290.94433594
44605 4286.68261719
44665 4282.41455078
44725 4278.79199219
44785 4276.04101562
44845 4272.43310547
44905 4268.13037109
44966 4263.24365234
45026 4259.36230469
45086 4254.08154297
45146 4250.54541016
45206 4246.62207031
45266 4241.74316406
45326 4238.52783203
45386 4233.78417969
45447 4230.75488281
45507 4226.05566406
45567 4222.68652344
45627 4218.36230469
45687 4214.03613281
45747 4210.62939453
45807 4205.68603516
45867 4201.67822266
45988 4199.49365234
46048 4197.47900391
46108 4192.67578125
46168 4188.01708984
46228 4183.75
46288 4180.64990234
46348 4176.86230469
46408 4172.92285156
46468 4168.66552734
46529 4165.87988281
46589 4162.09570312
46649 4158.62060547
46709 4155.21728516
46769 4150.68408203
46829 4147.42041016
46889 4143.51611328
46949 4140.16503906
47009 4135.69238281
47070 4131.84277344
47130 4127.66748047
47190 4125.15966797
47250 4121.87109375
47310 4117.57568359
47370 4114.20947266
47430 4110.16943359
47490 4107.03125
47550 4102.73242188
47610 4099.92138672
47671 4095.83300781
47731 4091.84130859
47791 4088.10473633
47851 4083.68725586
47911 4080.50854492
47971 4077.26196289
48031 4073.77807617
48091 4069.89160156
48151 4066.08129883
48212 4062.88549805
48272 4057.93066406
48332 4054.65942383
48392 4051.93481445
48452 4048.50878906
48512 4045.18969727
48572 4040.9777832
48632 4036.7890625
48692 4033.01318359
48753 4030.31884766
48813 4026.48120117
48873 4023.51367188
48933 4019.30688477
48993 4016.61035156
49053 4012.38623047
49113 4009.33081055
49173 4005.8918457
49234 4002.51953125
49294 3998.51147461
49354 3994.80859375
49414 3990.94580078
49474 3987.42724609
49534 3984.02392578
49594 3981.10009766
49654 3977.7409668
49714 3973.80761719
49775 3970.20117188
49835 3967.2331543
49895 3963.58764648
49955 3961.56665039
50075 3963.39624023
50135 3958.6796875
50195 3955.81396484
50255 3945.85961914
50316 3943.51342773
50376 3941.71606445
50436 3937.89282227
50496 3934.04736328
50556 3930.20483398
50616 3925.9609375
50676 3923.19042969
50736 3919.43920898
50797 3917.13476562
50857 3912.98779297
50917 3910.01220703
