0 9090.42773438
102 9083.88378906
297 8976.33496094
2803 8480.93359375
3421 8352.71875
3494 8335.83105469
3529 8329.33789062
4431 8154.96826172
4551 8128.92138672
4792 8088.43457031
4912 8067.83251953
5333 7980.79980469
6169 7816.46191406
6229 7808.46777344
6590 7734.70996094
6710 7715.90673828
6890 7678.64941406
8093 7754.43212891
8153 7745.93701172
8213 7737.60058594
8453 7696.03613281
8634 7666.88134766
8669 7662.29296875
8704 7654.16943359
8884 7619.2265625
8945 7612.12304688
9065 7596.11962891
9365 7549.55517578
9425 7543.24853516
9606 7513.17089844
9828 7475.07226562
9871 7468.56835938
9931 7460.14306641
10172 7422.94042969
10292 7404.78857422
10472 7377.24169922
10592 7361.29638672
10689 7348.60009766
10725 7343.23388672
10785 7334.86962891
10956 7306.45019531
11008 7299.07324219
11068 7290.53613281
11128 7286.49707031
11188 7278.18359375
11308 7258.97412109
11429 7241.70800781
11609 7215.01806641
11789 7186.77685547
11849 7181.76513672
11970 7165.02246094
12030 7156.56591797
12210 7130.80517578
12270 7122.41943359
12390 7105.0
12511 7087.54199219
12571 7079.47021484
12691 7063.69775391
12751 7056.08105469
12871 7038.38134766
12992 7020.375
13052 7015.42236328
13112 7009.42480469
13172 7002.97167969
13232 6998.39355469
13292 6990.02539062
13387 6977.43798828
13423 6974.36279297
13483 6967.94433594
13543 6960.34179688
13603 6953.08984375
13723 6935.546875
13783 6927.42919922
13843 6919.24121094
13891 6911.92236328
13938 6907.453125
14058 6892.52246094
14118 6885.55566406
14170 6877.45703125
14223 6871.31542969
14343 6853.20068359
14403 6845.68359375
14463 6839.18457031
14524 6830.75195312
14584 6822.58984375
14644 6814.88525391
14704 6806.79199219
14764 6798.65478516
14824 6792.45019531
14884 6785.37304688
14944 6778.41894531
15004 6770.32617188
15065 6763.02392578
15125 6756.76367188
15245 6739.93505859
15425 6715.07763672
15545 6699.10302734
15606 6691.50341797
15666 6685.03369141
15726 6678.32128906
15786 6670.75146484
15846 6664.21630859
15906 6656.65185547
15966 6649.12060547
16387 6784.54199219
16507 6771.2578125
16567 6762.95019531
16688 6745.36425781
16748 6737.95019531
16868 6721.76171875
16928 6715.65087891
17048 6699.30615234
17108 6693.69726562
17169 6685.31396484
17229 6677.09375
17289 6672.83837891
17349 6664.75976562
17409 6658.14404297
17469 6651.29052734
17589 6636.38330078
17649 6629.48291016
17770 6609.81445312
17830 6604.94238281
17890 6596.68945312
17950 6590.07275391
18130 6565.99951172
18191 6558.66162109
18251 6550.67578125
18311 6542.85888672
18371 6536.734375
18431 6529.95654297
18611 6504.10791016
18671 6500.02246094
18792 6481.81982422
18852 6473.68652344
18912 6467.36474609
18972 6461.79736328
19011 6457.93994141
19051 6452.02441406
19111 6443.89257812
19171 6436.56005859
19291 6421.60693359
19412 6405.86621094
19472 6398.91162109
19592 6384.16943359
19652 6378.41894531
19712 6370.80517578
19832 6353.24658203
19892 6350.18017578
20013 6333.88183594
20073 6327.78320312
20133 6321.33349609
20253 6306.67773438
20433 6282.41259766
20494 6279.43554688
20554 6275.74707031
20614 6269.01318359
20674 6266.33007812
20734 6257.90673828
20794 6250.125
20854 6243.3828125
20914 6236.00341797
20974 6229.30419922
21035 6223.40771484
21095 6216.78173828
21155 6212.36132812
21275 6197.02783203
21335 6189.0546875
21395 6180.63818359
21455 6174.27490234
21515 6167.23876953
21576 6160.42773438
21636 6154.00732422
21696 6146.7890625
21756 6140.875
21816 6134.95117188
21936 6117.82910156
21996 6115.77246094
22056 6110.47167969
22177 6094.09228516
22237 6086.22949219
22357 6071.35253906
22417 6065.77636719
22477 6059.64453125
22537 6053.81738281
22597 6047.90869141
22658 6042.47998047
22718 6035.46582031
22778 6028.26855469
22838 6021.63330078
22898 6013.69042969
22958 6008.43115234
23018 6004.40234375
23078 5997.20605469
23122 5988.81396484
23166 5985.39599609
23226 5979.40820312
23286 5973.29541016
23347 5965.84570312
23407 5960.45166016
23467 5954.45556641
23587 5938.35595703
23647 5932.14599609
23707 5926.53222656
23767 5921.95068359
23827 5916.64697266
23888 5910.63867188
23948 5904.63037109
24068 5889.10986328
24128 5881.61328125
24188 5875.68945312
24248 5871.73291016
24308 5865.63134766
24368 5857.55566406
24429 5850.32617188
24489 5843.80273438
24529 5838.15820312
24630 5822.78613281
24690 5822.14990234
24750 5815.54003906
24810 5808.28222656
24870 5805.35742188
24931 5799.91503906
24991 5793.59033203
25051 5786.95019531
25111 5780.03564453
25171 5774.84619141
25231 5771.50976562
25291 5764.98779297
25351 5757.27783203
25411 5752.27392578
25472 5744.85449219
25532 5739.72802734
25592 5733.13378906
25651 5727.37109375
25711 5722.2890625
25771 5714.25878906
25831 5708.55566406
25891 5702.02197266
25951 5697.51416016
26012 5694.41601562
26072 5687.46337891
26132 5682.02441406
26432 5666.19433594
26492 5661.2265625
26553 5655.24365234
26613 5648.99462891
26673 5643.26855469
26733 5636.52441406
26793 5630.49609375
26853 5626.15771484
26913 5619.49072266
26973 5614.88671875
27033 5609.02197266
27094 5602.16113281
27154 5597.47363281
27214 5591.09912109
27274 5585.97412109
27334 5580.09082031
27394 5575.36132812
27454 5568.51513672
27514 5563.01025391
27559 5559.46191406
27585 5557.32617188
27602 5554.99902344
27637 5551.47607422
27697 5546.71582031
27757 5539.56591797
27817 5534.07568359
27877 5529.85351562
27938 5524.65087891
27998 5519.43261719
28058 5513.13769531
28118 5506.76416016
28178 5500.84228516
28238 5496.52539062
28298 5490.31396484
28358 5485.19824219
28419 5479.96044922
28479 5474.66650391
28539 5469.35058594
28599 5463.14257812
28659 5457.14990234
28719 5452.53271484
28779 5446.95898438
28839 5441.63378906
28899 5438.46386719
28960 5431.94140625
29020 5425.48730469
29080 5420.51513672
29140 5414.90185547
29200 5408.78955078
29260 5404.36376953
29320 5398.46289062
29380 5390.58642578
29561 5376.39501953
29596 5372.69970703
29631 5371.82177734
29691 5366.42626953
29752 5358.76660156
29812 5353.91064453
30293 5448.78857422
30353 5443.81835938
30413 5437.86279297
30473 5432.45117188
30508 5427.85302734
30543 5424.88671875
30603 5419.13671875
30663 5413.78173828
30724 5406.47070312
30784 5400.72363281
30844 5396.15576172
30904 5391.53710938
30964 5389.06054688
31024 5382.09423828
31144 5366.55078125
31204 5360.8359375
31265 5354.00097656
31325 5348.30029297
31385 5344.10986328
31445 5337.54248047
31505 5333.91552734
31565 5328.16943359
31625 5325.35693359
31685 5319.10351562
31745 5312.58837891
31806 5306.49316406
31866 5302.03125
31926 5297.48876953
31986 5290.11523438
32046 5285.43359375
32106 5281.31982422
32166 5276.05078125
32226 5270.38134766
32286 5264.25097656
32347 5258.50585938
32407 5253.88085938
32467 5246.83740234
32523 5241.68164062
32580 5235.61035156
32640 5229.38134766
32700 5224.3359375
32761 5219.76318359
32821 5216.03759766
32881 5208.25830078
32941 5201.09472656
33001 5195.37744141
33058 5190.75878906
33090 5187.49853516
33125 5185.66601562
33185 5179.65429688
33245 5176.96826172
33305 5170.58544922
33365 5164.17578125
33425 5157.72167969
33485 5153.42529297
33537 5148.01269531
33589 5142.82568359
33649 5136.56494141
33709 5131.19921875
33769 5126.30908203
33829 5121.55419922
33889 5118.98681641
33949 5110.89013672
34009 5102.51074219
34069 5098.95166016
34130 5094.84277344
34190 5090.38964844
34250 5083.89111328
34310 5078.32275391
34370 5073.06787109
34430 5068.76855469
34490 5063.73925781
34550 5057.65673828
34611 5053.12207031
34671 5047.78613281
34731 5042.65673828
34791 5037.16455078
34851 5032.29394531
34911 5026.63330078
34971 5020.33398438
35031 5014.79541016
35091 5009.28710938
35151 5004.8515625
35212 4998.43212891
35272 4992.26708984
35332 4986.67773438
35392 4980.34570312
35452 4975.43701172
35512 4969.125
35572 4964.74902344
35632 4958.53662109
35692 4951.64257812
35753 4945.81591797
35813 4940.62792969
35873 4934.41601562
35933 4930.36669922
36234 4936.99560547
36294 4931.57714844
36354 4926.58984375
36414 4922.29589844
36474 4917.90039062
36534 4912.86523438
36594 4908.67626953
36654 4904.98583984
36714 4898.09277344
36775 4892.83007812
36835 4890.62597656
36895 4885.80322266
36955 4880.55419922
37015 4876.35595703
37053 4873.35595703
37091 4867.31884766
37152 4864.73144531
37212 4860.02148438
37272 4856.09179688
37332 4851.64990234
37392 4846.31738281
37452 4840.609375
37512 4836.85009766
37572 4831.58789062
37632 4827.56591797
37693 4822.01611328
37753 4818.55322266
37813 4815.2578125
37873 4810.03173828
37933 4803.40332031
37993 4797.828125
38053 4793.48339844
38113 4791.98144531
38173 4787.70751953
38234 4782.13671875
38294 4777.44677734
38354 4772.66943359
38414 4767.75488281
38474 4762.90039062
38534 4757.81640625
38594 4752.94628906
38654 4749.33203125
38714 4745.96435547
38775 4741.42382812
38835 4736.15185547
38895 4730.72558594
38955 4726.08496094
39015 4720.87988281
39075 4716.703125
39135 4712.55029297
39195 4708.56835938
39255 4705.21923828
39316 4699.84277344
39376 4696.36083984
39436 4691.79150391
39496 4686.60009766
39556 4682.69921875
39616 4678.32275391
39676 4673.07714844
39736 4668.03417969
39796 4665.23779297
39857 4661.26611328
39917 4656.89404297
39977 4651.74609375
40037 4646.31933594
40097 4642.31835938
40157 4639.78564453
40217 4635.64941406
40277 4630.04785156
40332 4625.92822266
40386 4622.17382812
40447 4617.53808594
40507 4613.87548828
40567 4610.50830078
40627 4604.02734375
40687 4600.01269531
40747 4595.37255859
40807 4591.45263672
40867 4588.58837891
40928 4583.32177734
40988 4578.93945312
41048 4574.96289062
41108 4571.23535156
41168 4567.35302734
41228 4562.16015625
41288 4557.93066406
41348 4553.18017578
41408 4549.68164062
41469 4546.1953125
41529 4541.50390625
41589 4536.03173828
41649 4531.33251953
41709 4528.22314453
41769 4524.02001953
41829 4520.23681641
41889 4515.61572266
41949 4511.3203125
42010 4507.13037109
42070 4501.93945312
42130 4498.22460938
42190 4494.07421875
42250 4490.59765625
42310 4485.14111328
42370 4482.28613281
42430 4477.49560547
42490 4473.74609375
42551 4469.97607422
42611 4464.7890625
42671 4462.82861328
42731 4457.96435547
42791 4453.18896484
42851 4449.03759766
42911 4445.62060547
42971 4441.01318359
43032 4436.64794922
43092 4432.02832031
43152 4429.74853516
43212 4424.82714844
43272 4420.92333984
43332 4417.08691406
43392 4413.33789062
43452 4409.32177734
43512 4406.07324219
43573 4401.86572266
43633 4396.69384766
43693 4394.11865234
43753 4388.78955078
43813 4386.0703125
43873 4382.32080078
43933 4379.10498047
43993 4375.04296875
44053 4371.39697266
44114 4365.80078125
44174 4360.99804688
44234 4357.20166016
44294 4353.67041016
44354 4350.00585938
44414 4345.31494141
44474 4342.203125
44534 4338.35009766
44594 4334.90966797
44655 4328.81933594
44715 4325.73388672
44775 4322.25683594
44835 4319.76708984
44895 4316.28857422
44955 4312.02539062
45015 4307.18847656
45075 4302.06933594
45135 4299.88183594
45196 4295.48583984
45256 4289.79882812
45316 4287.36914062
45376 4283.61035156
45436 4279.52099609
45496 4275.890625
45556 4271.61035156
45616 4267.49414062
45676 4264.78076172
45737 4261.12304688
45797 4258.32910156
45857 4254.63916016
45917 4249.53662109
45977 4245.72509766
46037 4241.92626953
46097 4238.45849609
46157 4233.56933594
46218 4230.25146484
46278 4227.3515625
46338 4223.95751953
46398 4220.04882812
46458 4214.46435547
46518 4211.67236328
46578 4208.89746094
46638 4205.21191406
46698 4202.49023438
46759 4198.49414062
46819 4194.97460938
46879 4190.85644531
46939 4187.22998047
47059 4187.44970703
47179 4187.05761719
47240 4181.35888672
47300 4173.44287109
47360 4167.54199219
47420 4164.69482422
47480 4160.22070312
47540 4157.58349609
47600 4153.72851562
47660 4150.92285156
47720 4147.64208984
47781 4144.96289062
47841 4140.8671875
47901 4136.41992188
47961 4132.74560547
48021 4129.35595703
48081 4125.67089844
48141 4122.06933594
48201 4118.78515625
48261 4114.79931641
48297 4112.15966797
48333 4109.79345703
48393 4106.84716797
48453 4103.62744141
48513 4100.40087891
48574 4097.39648438
48634 4093.15405273
48694 4089.15820312
48754 4084.61157227
48814 4080.72143555
