0 7023.60351562
120 7021.6796875
321 6993.71191406
541 6919.79980469
810 6852.37060547
1051 6798.18115234
1237 6757.13769531
1256 6752.98046875
1352 6735.02148438
3237 6487.94677734
4768 6222.39697266
5009 6187.64306641
5189 6162.74804688
5550 6103.89013672
5670 6091.91259766
5850 6050.13476562
5910 6044.09619141
5970 6037.81787109
6031 6033.3984375
6091 6031.03320312
6151 6025.11816406
6692 6002.31396484
7593 6065.11962891
7931 6019.97119141
8111 5997.83398438
8652 5917.12207031
8712 5914.47314453
8833 5901.43798828
8868 5896.27636719
8903 5892.73583984
9144 5860.59326172
9685 5789.69970703
10045 5743.6484375
10226 5720.77050781
10286 5714.73632812
11007 5620.5390625
11067 5615.07324219
11127 5609.42138672
12390 5453.25195312
12450 5447.04736328
12510 5442.56640625
12871 5398.50390625
12977 5376.11425781
13024 5372.47314453
13085 5368.97265625
13205 5357.18701172
13325 5344.93945312
13505 5322.7421875
13686 5303.89013672
13986 5266.78857422
14046 5261.80664062
14106 5258.11083984
15068 5338.76269531
15128 5332.45507812
15249 5317.11962891
15369 5303.39453125
15429 5297.47265625
15489 5292.01171875
15549 5286.13232422
15609 5280.54296875
15790 5257.59960938
16030 5229.14550781
16150 5216.71875
16331 5194.14697266
16571 5166.67871094
16932 5122.48925781
17232 5087.36572266
17292 5085.82861328
17533 5053.95751953
17713 5032.88964844
17894 5009.88378906
18014 4996.50927734
18194 4976.68701172
18374 4954.64160156
18434 4950.12646484
18795 4906.43701172
18954 4888.19677734
19053 4890.76318359
19113 4884.44726562
19173 4880.23291016
19353 4849.80273438
19413 4844.17675781
19453 4842.13378906
19553 4828.96533203
19673 4817.59130859
19794 4811.68701172
19974 4793.91601562
20034 4789.49609375
20094 4784.08837891
20335 4753.60058594
20455 4742.43652344
20515 4737.67089844
20635 4731.63476562
20755 4731.14697266
20876 4707.46484375
20996 4691.93310547
21056 4686.62939453
21224 4669.88085938
21272 4666.41064453
21313 4664.6796875
21354 4662.28320312
21414 4661.89941406
21474 4655.73632812
