0 7192.98535156
60 7184.29541016
180 7152.28759766
1003 6989.4375
1052 6980.00244141
1413 6910.60058594
1473 6901.64208984
2255 6740.77539062
2615 6665.07617188
2856 6615.75195312
3096 6567.77539062
3156 6563.10205078
3552 6482.12695312
3588 6475.41601562
3648 6466.68261719
4129 6507.578125
4189 6498.81591797
4249 6488.31201172
4309 6479.13623047
4369 6469.52929688
4429 6460.71679688
4550 6441.93212891
4670 6422.09179688
4730 6412.46289062
4790 6402.02197266
4850 6391.54003906
4910 6385.58837891
5030 6364.17236328
5091 6353.85791016
5151 6344.70556641
5211 6334.20800781
5271 6326.35986328
5331 6320.75292969
5451 6299.30957031
5632 6272.51220703
5692 6265.7265625
5752 6256.62646484
5812 6247.99658203
5847 6242.0234375
5882 6235.70849609
5917 6230.52490234
5953 6225.69970703
6008 6217.61962891
6063 6208.47509766
6123 6200.19921875
6184 6196.60205078
6304 6178.50585938
6424 6157.86132812
6484 6149.56152344
6544 6140.85205078
6604 6133.703125
6724 6115.62255859
6785 6107.32617188
6845 6097.66455078
6905 6089.23632812
6965 6082.49853516
7025 6074.11328125
7085 6066.02294922
7205 6047.37109375
7265 6038.75341797
7326 6033.67431641
7386 6023.34277344
7867 6168.11328125
7927 6161.86328125
7987 6154.00683594
8047 6144.45166016
8167 6119.24609375
8227 6112.41601562
8287 6104.78955078
8347 6094.67871094
8408 6084.984375
8468 6078.43701172
8588 6059.56982422
8648 6050.65136719
8708 6041.26025391
8768 6032.70117188
8828 6024.89355469
8889 6016.52832031
8949 6008.49121094
9009 5998.89746094
9069 5989.67041016
9129 5981.7890625
9189 5974.31396484
9224 5969.89648438
9260 5959.42138672
9320 5949.14453125
9380 5945.77490234
9440 5937.10839844
9500 5927.06054688
9560 5919.39746094
9620 5911.86279297
9681 5904.1328125
9741 5897.3515625
9801 5888.60546875
9861 5882.61816406
9921 5873.92724609
9981 5865.22558594
10041 5856.82519531
10101 5848.46044922
10161 5840.6328125
10221 5830.28662109
10282 5824.11767578
10342 5818.14892578
10402 5810.74365234
10462 5802.64208984
10522 5796.52001953
10582 5786.43017578
10642 5778.00634766
10702 5772.67382812
10762 5764.83935547
10823 5756.63037109
10883 5750.66796875
10943 5741.83007812
11003 5733.97167969
11063 5726.18261719
11123 5722.51513672
11183 5715.29248047
11243 5707.44287109
11304 5698.31591797
11364 5693.93554688
11424 5685.86279297
11484 5677.57421875
11544 5670.70947266
11604 5667.21923828
11664 5660.55517578
11724 5658.04882812
11784 5651.78320312
11845 5643.80175781
11905 5636.01074219
11965 5627.84472656
12025 5621.39013672
12085 5615.34423828
12145 5607.96875
12205 5601.35546875
12265 5595.609375
12325 5585.56542969
12386 5576.52880859
12446 5570.01220703
12506 5565.49902344
12566 5558.79003906
12626 5551.45898438
12686 5544.59814453
12746 5536.45751953
12806 5528.09033203
12866 5523.24414062
12927 5516.62792969
12987 5511.56640625
13047 5502.40576172
13107 5495.52880859
13227 5473.84033203
13287 5471.60205078
13324 5466.51513672
13361 5460.22558594
13421 5453.94628906
13481 5447.85400391
13541 5442.60302734
13601 5434.72412109
13662 5424.95166016
13722 5417.08154297
13782 5409.34521484
13842 5405.79931641
13902 5400.71826172
13962 5392.12353516
14022 5384.70117188
14083 5377.08886719
14143 5370.78857422
14203 5361.96972656
14263 5352.80273438
14323 5347.28857422
14383 5340.21923828
14443 5332.21435547
14503 5327.64990234
14563 5317.90087891
14624 5309.72607422
14684 5302.99121094
14744 5296.99316406
14804 5289.33642578
14924 5271.67431641
14984 5265.47070312
15044 5256.52587891
15104 5250.80761719
15225 5234.51367188
15285 5228.61230469
15345 5224.31689453
15706 5381.78564453
15766 5375.91503906
15826 5368.49267578
15886 5360.15917969
15946 5355.5390625
16006 5348.11474609
16066 5340.48535156
16126 5335.06835938
16186 5326.99511719
16247 5320.54541016
16307 5313.73291016
16367 5308.57177734
16427 5299.60693359
16487 5290.921875
16547 5285.42871094
16607 5279.17822266
16667 5272.27001953
16728 5265.39160156
16788 5257.59472656
16848 5251.66699219
16908 5245.32910156
16968 5239.08251953
17028 5232.375
17088 5226.36621094
17148 5219.80175781
17208 5211.56347656
17269 5207.09472656
17329 5200.66455078
17389 5199.09375
17449 5190.70654297
17509 5182.64404297
17569 5176.77246094
17629 5170.98876953
17689 5163.91113281
17749 5159.63818359
17809 5152.76367188
17870 5144.47753906
17930 5138.22265625
17990 5133.28125
18050 5127.03125
18110 5120.60888672
18170 5113.90429688
18230 5108.03710938
18290 5102.21337891
18350 5095.75244141
18411 5088.70654297
18471 5080.66259766
18531 5075.37890625
18591 5069.33349609
18651 5063.59570312
18711 5057.13330078
18771 5048.41357422
18831 5043.05078125
18891 5038.45654297
18952 5032.49121094
19012 5027.31640625
19072 5017.60205078
19132 5012.09472656
19192 5005.96582031
19252 4998.20947266
19312 4994.11474609
19372 4985.55517578
19432 4979.81054688
19493 4971.63134766
19553 4967.171875
19607 4961.55273438
19661 4956.54199219
19722 4946.68652344
19782 4941.93798828
19842 4935.93261719
19902 4931.63134766
19962 4923.49121094
20022 4917.75341797
20082 4911.67919922
20142 4905.80761719
20202 4902.01464844
20263 4894.6953125
20323 4886.25830078
20383 4879.39746094
20443 4874.74316406
20503 4868.88671875
20563 4863.71582031
20623 4854.42480469
20683 4850.90625
20743 4843.72119141
20804 4837.34472656
20864 4830.30566406
20924 4825.96679688
20984 4820.27636719
21044 4815.90380859
21104 4809.6171875
21164 4803.89648438
21224 4797.578125
21285 4790.7421875
21345 4784.96630859
21405 4780.43798828
21465 4776.03173828
21525 4768.8515625
21585 4763.22802734
21645 4758.68115234
21697 4754.45068359
21727 4751.06152344
21746 4750.33837891
21788 4745.91894531
21848 4741.12841797
21908 4733.49267578
21968 4729.93115234
22029 4724.24511719
22089 4718.02783203
22149 4710.38964844
22209 4704.93261719
22269 4700.54833984
22329 4695.57666016
22389 4689.30664062
22449 4684.07617188
22509 4676.93359375
22570 4668.99462891
22630 4665.34716797
22690 4661.07714844
22750 4656.65234375
22810 4648.39892578
22870 4643.35253906
22930 4638.90966797
22990 4637.39453125
23050 4633.93652344
23171 4614.28076172
23231 4607.93408203
23291 4601.30175781
23351 4595.84960938
23411 4591.25830078
23471 4587.265625
23531 4581.51123047
23591 4572.87109375
23652 4571.79785156
23712 4566.15917969
23772 4560.24853516
23832 4556.94970703
23892 4551.32226562
23952 4546.75292969
24012 4544.38232422
24072 4540.90966797
24132 4534.08984375
24193 4527.47021484
24253 4523.14941406
24313 4520.51123047
24373 4516.03222656
24433 4513.68457031
24493 4509.93652344
24553 4503.44238281
24613 4500.88232422
24673 4494.08496094
24734 4491.04052734
24794 4488.57080078
24854 4483.25439453
24914 4475.45605469
24974 4468.71142578
25034 4468.00927734
25069 4463.96142578
25105 4460.05615234
25165 4454.49316406
25225 4449.84472656
25285 4447.38232422
25345 4444.38330078
25405 4438.96289062
25465 4431.50341797
25526 4424.55566406
25586 4421.41015625
25766 4404.46923828
25826 4404.02880859
25886 4399.31103516
25946 4395.49462891
26007 4390.55371094
26067 4382.66796875
26127 4381.0703125
26187 4375.8671875
26247 4370.70556641
26307 4367.02392578
26367 4364.90136719
26427 4359.55419922
26487 4352.78515625
26548 4347.40332031
26608 4342.93212891
26668 4339.68896484
26728 4335.30615234
26788 4331.42773438
26848 4325.51806641
26908 4320.39550781
26968 4314.45605469
27028 4308.72900391
27089 4304.94628906
27129 4301.97460938
27169 4298.22998047
27229 4293.50585938
27289 4288.78369141
27349 4283.23876953
27409 4276.46240234
27470 4272.24023438
27530 4268.56884766
27590 4261.76513672
27650 4257.56738281
27710 4256.00585938
27770 4251.5703125
27830 4247.95996094
27890 4241.02441406
27951 4233.77978516
28011 4229.30957031
28071 4224.91894531
28131 4220.84472656
28191 4218.00976562
28251 4210.50537109
28311 4207.13378906
28371 4203.85009766
28431 4200.41064453
28491 4196.68066406
28552 4192.32080078
28612 4184.90722656
28672 4181.20996094
28732 4175.32275391
28792 4170.59277344
28852 4166.09521484
28912 4161.07373047
28972 4157.1796875
29032 4154.64599609
29093 4151.72705078
29153 4145.65722656
29213 4141.09228516
29273 4137.93505859
29333 4133.27441406
29393 4126.93652344
29453 4121.87597656
29934 4229.55224609
29994 4228.71386719
30054 4223.29931641
30175 4206.39501953
30235 4200.60400391
30295 4196.59619141
30355 4192.00585938
30415 4187.00146484
30475 4181.68066406
30535 4176.34960938
30595 4172.52294922
30656 4168.28173828
30716 4163.30029297
30776 4158.10693359
30836 4154.46240234
