0 7303.42431641
143 7242.13720703
327 7178.62158203
568 7123.17333984
989 7017.27685547
1332 6928.07666016
1362 6927.93896484
1424 6903.60107422
1711 6838.65283203
1781 6815.59326172
2082 6744.75
2142 6737.91503906
2202 6726.87011719
2262 6716.98144531
2322 6708.0390625
2672 6820.97412109
2732 6811.93066406
2792 6802.47509766
2852 6792.7578125
2912 6782.72509766
2972 6772.01855469
3032 6762.52880859
3080 6753.58544922
3127 6745.94921875
3247 6724.24560547
3307 6714.72998047
3367 6705.43457031
3427 6696.5390625
3548 6674.26171875
3608 6663.51904297
3728 6639.33789062
3788 6629.02392578
3848 6619.484375
3908 6610.10058594
4029 6588.46435547
4089 6577.81298828
4149 6568.57470703
4329 6536.91308594
4389 6527.32763672
4449 6518.79150391
4506 6509.82958984
4563 6499.26220703
4619 6489.34814453
4674 6480.24951172
4734 6471.74365234
4794 6461.84033203
4855 6451.37597656
4915 6443.63330078
4975 6433.24462891
5035 6423.77832031
5095 6413.67626953
5155 6405.94775391
5215 6395.76464844
5275 6386.81640625
5456 6352.69238281
5516 6348.81298828
5636 6326.15576172
5816 6276.88085938
5937 6254.13134766
6057 6232.31396484
6117 6223.32080078
6177 6212.25341797
6237 6202.47021484
6297 6191.21728516
6357 6183.51269531
6418 6174.22314453
6538 6153.92919922
6598 6143.68408203
6658 6136.19482422
6718 6127.6796875
6778 6120.05615234
6898 6100.23193359
7019 6085.70410156
7079 6076.05078125
7740 6268.06689453
7860 6244.11669922
7981 6216.85986328
8041 6208.18798828
8101 6199.04589844
8161 6190.48486328
8221 6179.25
8281 6172.75244141
8341 6163.23388672
8401 6155.62597656
8461 6147.02490234
8522 6136.68164062
8582 6127.55566406
8642 6117.58935547
8702 6112.02148438
8822 6093.86035156
8882 6085.61914062
8942 6075.21337891
9003 6069.63476562
9063 6063.37646484
9123 6054.13037109
9183 6047.81542969
9243 6038.63916016
9303 6030.95556641
9363 6023.34716797
9423 6014.86083984
9483 6007.68847656
9544 5999.99072266
9604 5993.62158203
9664 5985.28466797
9710 5978.32470703
9757 5972.83007812
9817 5965.55566406
9878 5957.16308594
9938 5949.43164062
9998 5940.25976562
10058 5932.24511719
10118 5924.01660156
10178 5914.91357422
10238 5906.83789062
10298 5899.42138672
10359 5892.89453125
10419 5883.67041016
10479 5874.62304688
10539 5867.65527344
10599 5860.86279297
10659 5852.43066406
10719 5843.89501953
10779 5836.33935547
10839 5829.58984375
10883 5824.11865234
10927 5818.1484375
10987 5808.78857422
11048 5803.77978516
11108 5795.17724609
11168 5786.83154297
11228 5779.02050781
11288 5772.94140625
11348 5765.18994141
11408 5757.84326172
11468 5750.99267578
11528 5742.43066406
11589 5733.75244141
11649 5726.05126953
11709 5719.18457031
11769 5711.79296875
11829 5704.04394531
11889 5695.05566406
11949 5688.60253906
12009 5679.98632812
12069 5672.45214844
12130 5664.80615234
12184 5655.515625
12238 5645.19189453
12599 5573.13720703
12719 5551.70458984
12839 5530.05810547
12899 5521.27099609
13019 5500.56591797
13079 5493.0625
13140 5485.41064453
13200 5477.86132812
13369 5447.19677734
13429 5436.95263672
13790 5471.35302734
13850 5464.17675781
13910 5456.19580078
13970 5446.08740234
14030 5439.2578125
14090 5434.7578125
14150 5426.83886719
14210 5420.14550781
14271 5415.07666016
14331 5406.70996094
14391 5400.37890625
14451 5392.65234375
14511 5385.53759766
14571 5377.54003906
14631 5372.25146484
14691 5363.28808594
14752 5357.97070312
14812 5349.97314453
14872 5342.66357422
14932 5332.79101562
14992 5328.43701172
15052 5319.74267578
15112 5313.48535156
15172 5305.66162109
15232 5294.875
15293 5289.58007812
15353 5281.3359375
15773 5412.6171875
15834 5407.41699219
15894 5399.08789062
15954 5392.75048828
16014 5388.74853516
16074 5382.98681641
16134 5376.55078125
16194 5369.87011719
16254 5364.24707031
16314 5356.49609375
16375 5350.06884766
16435 5343.60253906
16495 5337.28857422
16555 5330.28369141
16615 5322.54541016
16675 5317.20800781
16735 5310.40966797
16795 5305.28076172
16855 5298.265625
16916 5291.67138672
16976 5285.44873047
17036 5278.40283203
17096 5272.84716797
17156 5266.58544922
17216 5259.45361328
17276 5250.6953125
17336 5244.78222656
17396 5238.46191406
17456 5233.46875
17517 5228.84912109
17577 5221.59472656
17618 5216.61865234
17659 5213.09667969
17719 5206.32617188
17779 5198.66552734
17839 5193.60644531
17900 5188.24414062
17960 5181.26367188
18020 5174.75634766
18080 5170.02978516
18140 5164.8984375
18200 5157.01367188
18260 5150.28662109
18320 5145.21582031
18380 5139.38574219
18441 5132.22998047
18501 5126.49267578
18561 5121.1796875
18621 5113.25488281
18681 5108.22753906
18741 5102.25146484
18801 5096.21484375
18861 5089.31005859
18921 5083.64208984
18982 5077.37792969
19042 5072.04833984
19102 5065.70605469
19162 5059.1640625
19222 5052.82666016
19282 5046.55566406
19342 5043.67431641
19402 5036.41064453
19463 5030.15576172
19523 5023.65771484
19583 5018.16503906
19643 5011.68798828
19703 5006.39990234
19763 4999.26123047
19823 4992.55859375
19943 4990.3984375
20064 4990.68017578
20184 4970.47265625
20362 4937.06689453
20421 4936.50488281
20481 4931.81298828
