0 8039.81884766
120 8029.87060547
270 7999.76123047
426 7933.47314453
441 7927.90625
481 7920.09667969
1080 7760.29150391
1099 7753.77001953
1141 7746.90332031
1201 7737.01953125
1261 7727.02929688
1562 7655.32373047
1692 7621.40673828
1727 7612.54980469
1847 7586.22265625
1907 7573.60009766
2028 7549.52050781
2088 7538.20117188
2208 7510.56298828
2268 7499.06689453
2303 7493.77294922
2318 7485.40722656
2353 7477.21582031
2383 7468.85742188
2418 7460.24121094
2959 7476.55615234
3019 7465.55566406
3140 7444.17529297
3195 7433.46679688
3273 7413.08349609
3393 7391.71826172
3758 7280.00927734
3786 7271.50488281
3821 7261.17236328
3941 7233.72167969
4240 7145.97851562
4406 7110.79980469
4417 7105.17333984
4449 7098.12353516
4528 7077.09326172
4552 7074.91943359
4570 7069.15625
4606 7058.49853516
4636 7056.34375
4671 7048.01660156
4853 7008.66845703
4913 7003.41943359
4959 6996.16992188
4992 6995.95800781
5028 6992.82666016
5073 6980.49804688
5103 6975.95556641
5199 6972.95898438
5238 6963.60498047
5266 6959.89892578
5314 6954.80517578
5374 6951.43359375
5434 6939.22167969
5494 6932.53076172
5554 6924.18505859
5614 6916.27880859
5674 6909.99414062
6035 6945.02441406
6095 6935.48291016
6155 6927.359375
6215 6916.71142578
6275 6907.96484375
6317 6902.15478516
6353 6895.47900391
6384 6892.09521484
6419 6885.75537109
6479 6878.42773438
6539 6867.18457031
6599 6858.95166016
6659 6849.85888672
6719 6839.44677734
6779 6831.07373047
6839 6822.34619141
6900 6812.65429688
6960 6803.36669922
7020 6794.81640625
7080 6784.47607422
7140 6773.83300781
7561 6925.38330078
7681 6897.59277344
7741 6887.12207031
7801 6877.80957031
7861 6867.53173828
7921 6858.22070312
7982 6847.19140625
8042 6836.34521484
8102 6828.02685547
8162 6819.23242188
8222 6808.96191406
8282 6796.98828125
8342 6786.29101562
8402 6778.03662109
8463 6765.87939453
8523 6758.35644531
8583 6748.0078125
8643 6736.41650391
8703 6728.40429688
8763 6719.75537109
8823 6708.58789062
8883 6698.77441406
8943 6689.74414062
9004 6680.45019531
9064 6674.03125
9124 6665.13476562
9184 6654.42529297
9244 6643.65332031
9304 6637.14697266
9364 6628.07080078
9424 6617.15429688
9484 6606.74462891
9544 6597.6953125
9605 6585.28955078
9665 6578.19873047
9725 6565.95410156
9785 6558.51806641
9845 6546.78369141
9905 6537.40136719
9965 6527.43652344
10025 6517.43261719
10086 6507.31103516
10146 6502.44921875
10206 6491.79589844
10266 6482.76367188
10318 6474.0859375
10346 6470.63818359
10368 6469.76855469
10431 6461.69921875
10475 6455.05664062
10536 6442.66845703
10596 6433.35986328
10656 6423.83105469
10716 6419.25927734
10776 6415.00830078
10836 6402.59277344
10896 6391.69677734
10956 6379.42773438
11016 6378.33837891
11077 6369.00195312
11137 6359.06933594
11197 6346.70898438
11257 6345.57470703
11317 6339.50634766
11377 6327.7890625
11437 6321.76806641
11497 6311.57080078
11558 6300.26904297
11618 6293.82373047
11678 6289.57275391
11738 6277.19189453
11798 6268.02246094
11858 6259.81689453
11918 6252.13964844
11978 6244.18798828
12038 6235.62939453
12099 6224.22509766
12159 6217.95556641
12219 6216.43408203
12279 6205.17626953
12339 6197.05371094
12399 6189.49707031
12459 6181.94873047
12519 6174.80859375
12580 6162.53027344
12760 6141.59326172
12820 6132.05761719
12880 6126.70458984
12940 6120.83691406
13000 6111.32373047
13060 6105.38916016
13121 6094.3125
13181 6091.45214844
13241 6082.50097656
13301 6074.60986328
13361 6067.85644531
13421 6062.67626953
13481 6057.01171875
13541 6052.71728516
13601 6048.45068359
13662 6042.75634766
13722 6034.20166016
13782 6029.36328125
13842 6023.67529297
13902 6017.90136719
13962 6011.44628906
14022 6004.13818359
14082 5998.40771484
14142 5992.81396484
14203 5986.37988281
14263 5979.64453125
14303 5978.7109375
14343 5968.10058594
14403 5959.76171875
14463 5954.14941406
14507 5951.90527344
14538 5948.01904297
14586 5943.36279297
14647 5936.66845703
15127 6074.19433594
15188 6065.60791016
15248 6056.72900391
15308 6047.41552734
15368 6038.62011719
15428 6029.99365234
15488 6019.99658203
15548 6011.02099609
15608 6000.71679688
15668 5992.24511719
15729 5983.87890625
15789 5977.46582031
15849 5969.57666016
15909 5959.79199219
15969 5951.14453125
16029 5942.88574219
16089 5936.76074219
16149 5932.40966797
16209 5928.17236328
16270 5923.59179688
16330 5918.34326172
16390 5913.89941406
16450 5905.27978516
16510 5897.99560547
16570 5889.62060547
16630 5887.09716797
16690 5880.07470703
16750 5872.50146484
16811 5865.90771484
16871 5861.10302734
16931 5852.77880859
16991 5845.42822266
17051 5839.66992188
17111 5832.76074219
17171 5823.80029297
17231 5818.95898438
17292 5810.78613281
17352 5805.42773438
17412 5799.16064453
17472 5791.0546875
17532 5783.97851562
17592 5777.01611328
17652 5771.68847656
17712 5764.74169922
17772 5757.26025391
17833 5750.00976562
17893 5742.74511719
17953 5736.20898438
18013 5730.07910156
18073 5722.140625
18133 5713.30761719
18193 5709.02929688
18253 5701.15380859
18313 5693.03808594
18374 5686.59375
18434 5680.44921875
18494 5675.51953125
18554 5666.52734375
18614 5660.75927734
18674 5654.19628906
18734 5645.75
18794 5639.83007812
18854 5632.63623047
18915 5625.91894531
18975 5620.78955078
19035 5613.359375
19095 5606.99902344
19155 5600.38183594
19215 5593.59960938
19275 5587.64013672
19335 5581.19482422
19396 5572.20703125
19456 5566.78515625
19516 5559.24365234
19576 5553.65722656
19636 5547.12792969
19696 5542.27441406
19756 5534.98779297
19816 5528.68603516
19876 5522.11328125
19937 5515.10791016
19997 5507.90527344
20057 5502.64111328
20117 5495.14453125
20177 5488.77099609
20237 5482.71435547
20297 5477.12353516
20357 5470.02246094
20417 5464.10351562
20472 5458.73095703
20508 5453.1796875
20568 5446.30175781
20628 5440.76904297
20688 5434.49902344
20748 5429.69677734
20808 5421.53271484
20869 5415.75634766
20929 5410.14111328
20989 5406.65136719
21049 5398.07568359
21109 5389.86816406
21169 5385.17285156
21229 5380.28222656
21289 5373.67871094
21349 5366.98583984
21410 5362.36132812
21470 5355.64550781
21530 5349.7578125
21590 5344.81152344
21650 5337.89550781
21710 5331.53125
21770 5325.71875
21830 5320.09130859
21891 5318.13769531
22011 5321.50244141
22071 5319.01074219
22131 5308.25097656
22191 5295.76416016
22245 5289.49609375
22291 5283.98095703
22344 5280.02978516
22404 5277.38720703
22464 5270.58398438
22524 5264.359375
22585 5257.99072266
22645 5252.78857422
22705 5246.29052734
22765 5239.79931641
22825 5233.54492188
