0 9028.00878906
60 9027.68359375
210 8973.73339844
542 8951.45117188
1451 8705.34179688
1932 8576.53613281
1992 8573.87011719
2462 8453.06640625
2522 8443.77148438
3760 8259.54882812
4138 8181.54003906
4215 8166.14160156
4250 8159.375
4310 8150.02832031
4605 8091.50439453
4659 8082.44384766
4960 8023.6484375
5020 8015.85546875
5200 7980.84570312
5741 7887.640625
5776 7880.86425781
5802 7874.35400391
5853 7864.84423828
5974 7837.26074219
6034 7828.03759766
6154 7806.19482422
6394 7764.78564453
6454 7755.953125
6575 7735.08740234
6815 7689.49511719
6935 7667.1875
6995 7664.11083984
7486 7838.73339844
7522 7832.890625
7557 7823.87109375
7617 7817.10693359
7978 7753.08300781
8038 7744.54638672
8519 7656.45996094
8639 7634.99511719
8819 7605.23876953
9000 7574.38183594
9060 7566.36328125
9180 7548.02490234
9344 7515.44873047
9465 7495.87060547
9525 7486.63134766
9749 7446.87158203
9774 7443.91259766
9815 7436.96484375
9875 7427.70019531
9995 7408.45996094
10175 7378.10546875
10296 7357.56787109
10476 7328.12207031
10651 7297.24658203
10827 7267.45507812
10887 7258.63623047
10947 7250.16113281
11067 7230.98291016
11128 7221.453125
11248 7203.42382812
11308 7194.453125
11368 7187.83691406
11488 7167.98583984
11548 7159.46533203
11608 7151.75195312
11789 7124.23828125
11909 7102.16552734
12029 7082.84814453
12089 7075.04199219
12150 7067.78173828
12210 7058.80175781
12270 7052.47119141
12330 7043.04589844
12510 7014.16503906
12570 7006.09570312
12630 6998.49902344
12691 6990.24121094
12751 6980.91503906
12811 6973.83056641
12918 6959.85351562
12966 6953.87207031
13026 6945.55566406
13086 6935.98144531
13146 6927.28417969
13207 6921.65283203
13267 6913.16943359
13327 6908.20361328
13447 6890.09667969
13507 6882.32861328
13567 6873.89892578
13627 6867.20263672
13748 6847.04101562
13808 6841.29052734
13928 6824.74169922
13988 6815.87451172
14108 6793.41601562
14168 6788.26464844
14228 6779.67626953
14289 6777.08154297
14349 6776.30029297
14529 6743.05126953
14589 6734.59375
14709 6707.7734375
14769 6704.50732422
14890 6687.1953125
15431 6849.37744141
15972 6748.31933594
16032 6738.76904297
16152 6718.84277344
16272 6697.95605469
16332 6693.32421875
16393 6689.59619141
16453 6684.79199219
16513 6681.79150391
16573 6680.53417969
16633 6676.39990234
16693 6672.41259766
16753 6668.53857422
16813 6664.08251953
16873 6656.65869141
16934 6650.56640625
16994 6644.79199219
17054 6637.19238281
17114 6629.25732422
17174 6621.63232422
17234 6615.93115234
17294 6607.21972656
17354 6599.29541016
17414 6592.38671875
17474 6584.92285156
17535 6576.68115234
17595 6569.68505859
17655 6564.15234375
17715 6555.07519531
17775 6547.89208984
17835 6539.06542969
17895 6529.90673828
17955 6520.44873047
18015 6513.08349609
18076 6506.35595703
18196 6491.39941406
18256 6482.23291016
18316 6474.17089844
18376 6471.24511719
18434 6462.80908203
18474 6456.31396484
18517 6447.97558594
18577 6438.56298828
18637 6431.77880859
18698 6427.1328125
18758 6419.72705078
18818 6411.6953125
18938 6395.00244141
18998 6388.65673828
19058 6384.53369141
19118 6375.81542969
19178 6368.04248047
19238 6359.58935547
19299 6352.41455078
19359 6347.84716797
19419 6342.18408203
19479 6334.82128906
19539 6327.69824219
19599 6321.82275391
19659 6314.21728516
19780 6296.9921875
19840 6292.60400391
19900 6286.87011719
19960 6279.69140625
20020 6275.31933594
20140 6257.95849609
20200 6251.30615234
20260 6245.36230469
20321 6239.79296875
20381 6234.60693359
20441 6227.35449219
20501 6220.01074219
20561 6211.97998047
20621 6202.80419922
20681 6196.37548828
20741 6190.54833984
20801 6183.05322266
20862 6175.71630859
20922 6169.8203125
20982 6164.03076172
21042 6157.93017578
21102 6151.12939453
21162 6143.44824219
21222 6135.36865234
21282 6128.13671875
21342 6123.32861328
21403 6117.75292969
21463 6110.72949219
21523 6102.06591797
21583 6096.87451172
21643 6091.37304688
21703 6084.53466797
21763 6076.08105469
21823 6070.70361328
21883 6063.18701172
21944 6057.01367188
22004 6051.16552734
22064 6044.40771484
22124 6039.11474609
22184 6035.15820312
22244 6028.83691406
22304 6020.88037109
22364 6014.57177734
22424 6006.47216797
22485 5999.5859375
22545 5993.59960938
22605 5988.98144531
22665 5982.27392578
22725 5976.375
22785 5970.57080078
22845 5961.41845703
22905 5955.30419922
22965 5951.51806641
23026 5945.41455078
23086 5938.28271484
23146 5931.99169922
23206 5924.88623047
23266 5918.45068359
23326 5912.23339844
23386 5905.78125
23440 5900.50292969
23481 5895.78466797
23528 5892.30322266
23589 5883.67822266
23649 5877.67382812
23709 5871.88476562
23769 5866.38183594
24069 5835.67822266
24130 5831.36669922
24190 5825.30029297
24250 5818.35449219
24310 5813.60498047
24370 5807.38378906
24430 5801.4375
24490 5794.93945312
24550 5787.22363281
24611 5782.91015625
24671 5776.09472656
24731 5770.74658203
24791 5765.62841797
24851 5759.9296875
24911 5754.94580078
24972 5746.76513672
25032 5739.46191406
25092 5733.98144531
25152 5728.68701172
25212 5719.98046875
25272 5717.0390625
25333 5710.40771484
25383 5707.47070312
25433 5703.29443359
25493 5695.34716797
25553 5687.38134766
25614 5682.89697266
25674 5678.85595703
25734 5674.47998047
25794 5667.57421875
25854 5661.24804688
25914 5654.57568359
25974 5649.31494141
26034 5642.77148438
26094 5638.14697266
26155 5632.61328125
26215 5628.4609375
26275 5621.67578125
26335 5614.33544922
26395 5609.0
26455 5603.55419922
26515 5599.26123047
26575 5593.16748047
26636 5585.57373047
26696 5580.64501953
26756 5573.10986328
26816 5569.84716797
26876 5564.08886719
26936 5557.34863281
26996 5551.80615234
27056 5546.72021484
27116 5541.63037109
27177 5536.00097656
27237 5529.03808594
27297 5524.15576172
27357 5519.94970703
27417 5513.96630859
27477 5508.12792969
27537 5502.20263672
27597 5498.44433594
27657 5490.95849609
27718 5484.17041016
27778 5479.72363281
27838 5474.69482422
27898 5469.17236328
27958 5464.44824219
28002 5459.56298828
28038 5456.66650391
28090 5451.41748047
28150 5446.02978516
28210 5441.26904297
28271 5434.53955078
28331 5430.59277344
28391 5425.11767578
28451 5419.67041016
28511 5414.47119141
28571 5408.11474609
28631 5400.3515625
28691 5397.54199219
28751 5394.71142578
29172 5495.63964844
29232 5490.28613281
29292 5484.98144531
29353 5479.0546875
29413 5473.16699219
29473 5467.37255859
29533 5459.84814453
29593 5454.60400391
29653 5450.85546875
29713 5445.45214844
29773 5439.48291016
29833 5433.07421875
29894 5428.19042969
29954 5423.8125
30014 5417.10449219
30074 5413.08349609
30134 5406.79296875
30194 5402.27978516
30254 5396.63525391
30314 5389.94580078
30375 5384.15771484
30435 5378.40869141
30495 5372.37402344
30555 5366.83740234
30615 5362.6015625
30675 5356.82958984
30735 5350.48925781
30795 5345.98339844
30855 5340.54199219
30916 5334.38037109
30976 5329.00439453
31036 5323.90673828
31096 5318.31201172
31156 5313.828125
31216 5307.45166016
31276 5301.99609375
31336 5296.88085938
31396 5289.32666016
31457 5284.18554688
31517 5277.9375
31577 5272.03125
31637 5268.88574219
31697 5263.22119141
31757 5256.72998047
31817 5250.01513672
31877 5245.05908203
31937 5238.45605469
31998 5232.28417969
32058 5226.58447266
32118 5220.02197266
32178 5216.17089844
32238 5209.56884766
32298 5204.77197266
32358 5199.17724609
32418 5194.08154297
32478 5189.16503906
32539 5183.59130859
32599 5177.67919922
32719 5171.55078125
32779 5169.62402344
32839 5164.71337891
32899 5159.578125
32959 5151.92333984
33019 5146.58642578
33080 5142.28808594
33140 5136.08886719
33200 5131.52490234
33260 5126.34912109
33320 5121.171875
33380 5116.76953125
33440 5111.44042969
33500 5106.75537109
33560 5101.72705078
33621 5096.82763672
33681 5091.86572266
33741 5083.95166016
33801 5079.48583984
33861 5073.89208984
33921 5068.21142578
33981 5064.66259766
34041 5060.22216797
34101 5054.20458984
34162 5048.37597656
34222 5041.99169922
34282 5036.10742188
34342 5031.31542969
34402 5026.24853516
34462 5022.44433594
34522 5017.7421875
34582 5014.28320312
34643 5008.28125
34703 5003.07519531
34763 4998.16943359
34823 4992.45947266
34883 4987.42919922
34943 4981.53710938
35003 4976.89599609
35063 4971.42773438
35123 4967.8125
35184 4962.17871094
35233 4959.33203125
35343 4942.65136719
35403 4941.62744141
35463 4937.41748047
35512 4933.46289062
35561 4928.69042969
35622 4923.95263672
35682 4919.33789062
35742 4913.41943359
35802 4907.45996094
35862 4902.27197266
35922 4897.99804688
35982 4892.52001953
36042 4888.17724609
36103 4882.52539062
36163 4877.67089844
36223 4872.83251953
36283 4867.05371094
36343 4863.49414062
36403 4858.80273438
36463 4854.79248047
36523 4851.53662109
36583 4846.02929688
36644 4838.7421875
36704 4833.98486328
36764 4826.05615234
36824 4821.0234375
36884 4817.58154297
36944 4812.98779297
37004 4810.90869141
37064 4804.41699219
37124 4799.52197266
37185 4795.23095703
37245 4789.58007812
37305 4781.03417969
37365 4774.31396484
37425 4771.32763672
37485 4766.8671875
37545 4764.79296875
37605 4759.83984375
37666 4753.94482422
37752 4750.05322266
37813 4743.83251953
37873 4735.28466797
37933 4730.80419922
37993 4728.02148438
38053 4727.83984375
38173 4731.84619141
38233 4728.30078125
38354 4707.84179688
38414 4700.97998047
38474 4698.69042969
38534 4693.04150391
38594 4688.82958984
38654 4687.14794922
38714 4682.02929688
38774 4674.50634766
38835 4669.84814453
38895 4665.08105469
38955 4659.59716797
39015 4652.73242188
39075 4647.66162109
39135 4645.58886719
39195 4643.67919922
39255 4638.86035156
39315 4633.3203125
39376 4628.90136719
