0 7268.28710938
120 7227.04394531
195 7195.46337891
241 7194.96533203
572 7161.21777344
4176 6426.93457031
6317 6183.57910156
6919 6095.32373047
7339 6038.24462891
8121 6126.78515625
8361 6092.19677734
8842 6024.16064453
9131 5983.80078125
9168 5979.62841797
9337 5955.40429688
9637 5915.109375
9818 5891.81298828
10178 5844.5078125
10299 5829.51416016
10839 5760.86181641
11080 5730.64697266
11200 5713.69433594
11320 5699.63525391
11681 5656.11035156
12041 5612.61035156
12142 5598.51660156
12262 5585.78125
12563 5549.40478516
12623 5543.73730469
12667 5537.33935547
12711 5531.34960938
12831 5516.29101562
12892 5509.40136719
13012 5495.43261719
13072 5488.51757812
13120 5483.21630859
13157 5478.89404297
13208 5472.83203125
13388 5451.72363281
13448 5445.50488281
13508 5439.18164062
13629 5425.66601562
13809 5404.91845703
13929 5390.81347656
14049 5376.40429688
14110 5371.12304688
14170 5364.48925781
14290 5350.81005859
14711 5455.4609375
14771 5449.57275391
14831 5442.84130859
14891 5436.0703125
14951 5430.58056641
15071 5416.25048828
15131 5410.20458984
15312 5388.83154297
15432 5373.01367188
15492 5366.62255859
15673 5344.28759766
15733 5338.30126953
15793 5333.61962891
15973 5311.11425781
16033 5305.32275391
16153 5290.98876953
16274 5277.68945312
16334 5270.76171875
16394 5265.40576172
16574 5245.87451172
16694 5231.52978516
16755 5225.29394531
16815 5218.59619141
16875 5212.68408203
16995 5198.09277344
17055 5191.35253906
17115 5185.04589844
17175 5178.20117188
17235 5172.89111328
17356 5159.74707031
17416 5155.2109375
17476 5148.66992188
17656 5128.30810547
17716 5122.34619141
17776 5115.97412109
17837 5109.50048828
17897 5102.86914062
17957 5097.27880859
18017 5091.63232422
18137 5079.06445312
18197 5072.75146484
18257 5067.05371094
18318 5061.58496094
18558 5033.35009766
18618 5026.71679688
18678 5021.36669922
18859 5000.66015625
19039 4982.64794922
19198 4962.59863281
19223 4958.63574219
19269 4954.78271484
19329 4950.75537109
19389 4945.08154297
19450 4940.08251953
19510 4934.35546875
19570 4927.47119141
19630 4925.11865234
19810 4904.69873047
19870 4898.42236328
19931 4893.60595703
19991 4888.13232422
20171 4868.08496094
20231 4862.33203125
20291 4855.67871094
20351 4849.98730469
20411 4845.19042969
20471 4840.71240234
20532 4835.56201172
20652 4820.71728516
20712 4815.13769531
20772 4809.2109375
20832 4803.48242188
20892 4797.38769531
20952 4791.62109375
21013 4788.34082031
21133 4774.16357422
21193 4769.38037109
21253 4762.66210938
21554 4748.24902344
21614 4743.14550781
21734 4728.81298828
21794 4724.91357422
21854 4720.82519531
21914 4714.984375
21974 4710.06201172
22034 4703.68505859
22095 4698.13818359
22155 4692.13623047
22215 4687.13916016
22275 4682.82958984
22335 4676.96826172
22395 4670.14550781
22455 4666.34667969
22515 4661.23828125
22575 4654.58642578
22636 4647.95263672
22696 4642.21337891
22756 4639.01220703
22816 4634.37255859
22876 4630.16748047
22936 4624.00927734
22996 4618.82324219
23056 4612.86669922
23117 4606.18994141
23177 4600.39355469
23237 4595.41259766
23297 4590.75830078
23357 4584.79589844
23417 4578.78662109
23477 4574.09619141
23537 4567.72070312
23597 4563.76220703
23658 4558.93115234
23718 4553.74121094
23778 4547.96777344
23838 4543.11962891
23898 4536.92675781
23958 4532.31103516
24018 4528.48242188
24078 4522.22949219
24138 4517.72070312
24199 4512.45947266
24259 4508.48828125
24319 4502.48535156
24379 4497.10839844
24439 4491.70458984
24499 4487.58398438
24559 4481.43945312
24619 4476.671875
24679 4472.09326172
24745 4466.86816406
24775 4463.70556641
24806 4461.45117188
24852 4458.07958984
24912 4452.38134766
24972 4446.66308594
25033 4441.28125
25273 4411.67333984
25333 4408.26318359
25393 4401.91699219
25574 4381.79443359
25634 4377.76269531
25754 4364.21972656
25934 4344.68066406
25994 4340.29492188
26115 4327.3671875
26170 4320.48144531
26226 4315.22949219
26261 4314.03369141
26297 4313.14648438
26357 4312.72412109
26417 4312.65576172
26477 4309.76464844
26537 4308.27441406
26597 4305.69580078
26657 4300.09423828
26717 4298.28613281
26778 4294.34472656
26838 4290.12695312
27018 4276.43017578
27078 4272.26855469
27138 4267.39013672
27198 4261.70068359
27258 4256.82568359
27319 4253.54541016
27379 4249.11474609
27439 4243.92431641
27499 4238.59472656
27559 4235.76269531
27619 4231.73291016
27679 4226.62744141
27799 4213.89697266
27859 4207.49072266
27920 4200.71435547
27980 4196.02978516
28040 4190.46777344
28100 4186.75732422
28160 4184.65625
28280 4171.21240234
28340 4167.29589844
28401 4164.50195312
28461 4160.17333984
28521 4155.89111328
28581 4153.24072266
28641 4148.23095703
28701 4142.25341797
28761 4137.33251953
28821 4133.62255859
28881 4133.234375
28942 4126.55615234
29002 4122.37548828
29062 4117.75195312
29122 4112.47558594
29182 4108.51464844
29242 4105.15283203
29302 4100.09667969
29362 4096.484375
29423 4092.36621094
29483 4085.5078125
29543 4081.01904297
29603 4078.18188477
29663 4075.26513672
29723 4072.32519531
29783 4066.94091797
29843 4061.58959961
29903 4055.79370117
29964 4049.12792969
30024 4046.1315918
30084 4041.92797852
30144 4038.35888672
30204 4033.66186523
30264 4028.59130859
30505 4119.42919922
30821 4108.38964844
30881 4103.97460938
30941 4098.91015625
