0 7167.60839844
60 7160.38867188
190 7134.02978516
291 7107.61621094
908 6983.54296875
938 6975.68261719
992 6966.07470703
1353 6892.68310547
1653 6834.80859375
1826 6802.04785156
1998 6771.38134766
2058 6761.58740234
2299 6716.375
2359 6707.16210938
2419 6697.46240234
2539 6677.39550781
2599 6667.71679688
2840 6627.09375
2900 6617.69238281
2960 6609.04785156
3020 6602.73876953
3381 6553.96875
3440 6547.04101562
3500 6539.98632812
3560 6530.70996094
3621 6526.06933594
3681 6517.51660156
3861 6492.07617188
3979 6479.04052734
4096 6461.20410156
4156 6453.59814453
4277 6436.921875
4337 6429.08984375
4758 6398.97802734
4810 6390.71435547
4863 6384.98876953
4983 6366.33349609
5044 6357.75244141
5104 6351.57324219
5164 6342.484375
5224 6335.19580078
5284 6327.97900391
5344 6321.10058594
5404 6311.41162109
5464 6301.61767578
5524 6295.78173828
5584 6289.18554688
5645 6282.02441406
5705 6273.79052734
5765 6265.95605469
5825 6257.56347656
5885 6250.62402344
5945 6242.34765625
6005 6233.61474609
6065 6227.68603516
6126 6220.96435547
6186 6212.34619141
6245 6204.69775391
6304 6196.29296875
6350 6192.76269531
6395 6188.17675781
6456 6180.87744141
6516 6172.79101562
6576 6164.84472656
6636 6157.11669922
6696 6152.21289062
6756 6142.87255859
6816 6136.22363281
6876 6129.08007812
6937 6120.19335938
6997 6114.63134766
7057 6106.57080078
7117 6099.83447266
7177 6092.50634766
7237 6083.43652344
7297 6076.56689453
7357 6070.01611328
7417 6062.15771484
7478 6052.66308594
7538 6047.99755859
7598 6041.33935547
7800 6185.61865234
7920 6166.87646484
7981 6158.5859375
8041 6150.96679688
8078 6146.14501953
8115 6140.8359375
8175 6134.88867188
8236 6127.46142578
8296 6119.07666016
8356 6110.05908203
8416 6104.26318359
8476 6098.98681641
8536 6092.72949219
8576 6086.64160156
8617 6082.00634766
8677 6074.43554688
8737 6066.70947266
8842 6024.57958984
8886 6017.47021484
8947 6010.34228516
9007 6005.17089844
9055 5997.28857422
9104 5988.83154297
9224 5967.02050781
9278 5960.68554688
9332 5956.07128906
9392 5948.671875
9452 5940.58935547
9753 5972.86230469
9813 5965.81542969
9873 5960.83740234
9933 5952.48291016
9993 5945.02490234
10053 5938.52392578
10113 5932.64648438
10173 5925.81201172
10233 5918.49365234
10294 5911.9453125
10354 5906.92529297
10414 5898.96289062
10474 5891.74121094
10534 5884.46142578
10594 5876.96582031
10654 5870.69970703
10714 5865.26123047
10775 5858.28808594
10835 5851.72998047
10895 5843.92578125
10955 5837.58935547
11015 5831.19384766
11075 5822.59277344
11135 5820.24072266
11195 5810.55517578
11255 5804.23486328
11316 5796.98779297
11376 5790.04589844
11436 5783.96484375
11496 5775.56494141
11556 5772.54296875
11616 5766.33398438
11676 5758.08154297
11736 5752.11083984
11796 5744.88818359
11857 5739.22949219
11917 5734.15087891
11977 5726.22509766
12037 5722.20605469
12097 5714.96972656
12157 5708.18652344
12217 5703.24755859
12277 5699.73486328
12338 5693.24072266
12398 5686.31494141
12458 5679.09521484
12518 5674.24023438
12578 5667.52441406
12638 5661.82226562
12698 5656.64306641
12758 5651.046875
12818 5643.984375
12878 5638.82324219
12939 5633.63037109
12999 5626.31689453
13059 5620.81298828
13119 5614.43310547
13179 5607.52148438
13239 5601.41064453
13279 5595.20605469
13318 5590.58056641
13378 5585.90283203
13439 5579.00439453
13499 5574.74462891
13559 5567.64892578
13619 5561.49316406
13679 5557.05566406
13739 5549.66796875
13799 5543.21728516
13859 5536.37597656
13919 5530.41455078
13980 5524.48828125
14040 5518.23632812
14100 5512.58056641
14160 5506.64306641
14220 5501.05224609
14280 5496.48583984
14340 5489.85546875
14400 5483.48486328
14460 5478.96679688
14496 5475.03125
14531 5471.51074219
14591 5465.24462891
14651 5459.53271484
14711 5453.23242188
15132 5441.63134766
15192 5433.84375
15252 5430.71191406
15373 5409.828125
15433 5403.62353516
15493 5397.70751953
15553 5392.98193359
15613 5387.80664062
15673 5383.66162109
15733 5376.51367188
15794 5370.98730469
15854 5364.90185547
15914 5358.41162109
15974 5353.02539062
16034 5346.81982422
16094 5341.49707031
16154 5337.2265625
16214 5332.75537109
