0 8091.05371094
120 8071.38964844
1773 7764.74316406
2494 7619.03564453
2674 7585.01806641
2795 7565.2265625
3035 7520.51220703
3089 7511.15771484
3263 7481.56396484
3383 7463.70556641
3564 7426.79394531
3744 7397.59326172
3864 7376.93115234
3984 7357.97265625
4045 7352.65722656
4105 7344.69628906
4225 7331.546875
4285 7323.14160156
4345 7314.80810547
4405 7307.33251953
4465 7300.73632812
4586 7281.05371094
4646 7272.85498047
4766 7251.56054688
4975 7182.63378906
5456 7198.88085938
5576 7179.49121094
5877 7128.70068359
5937 7119.56201172
6057 7096.92333984
6238 7069.26513672
6298 7061.68066406
6478 7032.12158203
6538 7023.70849609
6598 7015.13574219
6658 7008.38378906
6899 6968.21533203
6949 6961.23828125
7000 6954.10498047
7421 7088.67871094
7482 7081.63085938
7531 7075.0546875
7580 7066.86083984
7641 7058.41845703
7701 7048.58544922
7761 7039.63964844
7821 7031.20166016
7881 7023.07861328
8001 7004.71289062
8061 6995.95019531
8182 6976.00537109
8242 6968.81738281
8302 6959.06591797
8349 6952.51367188
8377 6947.44433594
8418 6943.03710938
8453 6939.14453125
8489 6934.23291016
8538 6925.18603516
8588 6917.49414062
8708 6898.29736328
8768 6888.72900391
8828 6881.09179688
8888 6873.47167969
9009 6852.81201172
9069 6844.45751953
9129 6837.72216797
9189 6828.64990234
9249 6820.23828125
9369 6800.56347656
9429 6792.05615234
9489 6782.77099609
9550 6774.09619141
9610 6764.56982422
9670 6755.29003906
9790 6741.18212891
9850 6734.06738281
9910 6725.33496094
9970 6716.25146484
10030 6708.1484375
10091 6701.03369141
10151 6694.37060547
10271 6679.58496094
10331 6670.98925781
10391 6662.89355469
10451 6655.15478516
10511 6646.38623047
10571 6639.75390625
10632 6630.80029297
10692 6622.16650391
10752 6612.26660156
10812 6605.80419922
10872 6596.93994141
10932 6591.25195312
10992 6581.92822266
11052 6574.48535156
11173 6556.86767578
11233 6548.77685547
11293 6540.69042969
11353 6532.72998047
11413 6527.359375
11473 6519.01074219
11533 6509.56445312
11593 6501.93017578
11653 6494.58984375
11714 6485.26757812
11774 6478.47167969
11834 6471.46923828
11894 6463.6015625
11929 6459.34423828
11964 6454.50292969
12145 6429.74511719
12205 6423.69970703
12265 6414.17626953
12325 6405.30322266
12385 6402.62402344
12445 6394.59960938
12506 6387.58349609
12566 6379.05957031
12626 6370.15966797
12686 6362.49511719
12746 6355.81298828
12806 6347.20605469
12866 6339.91992188
12926 6332.26171875
12986 6322.80419922
13047 6316.16357422
13107 6308.46435547
13287 6277.71582031
13347 6269.41162109
13407 6261.44580078
13467 6251.54736328
13527 6246.35595703
13588 6238.0546875
13648 6230.59619141
13708 6221.17578125
13768 6213.45410156
13828 6206.85546875
13888 6199.07763672
13948 6189.79345703
14008 6183.30566406
14068 6174.43310547
14129 6166.45703125
14189 6165.796875
14249 6157.59667969
14309 6152.44042969
14369 6145.29443359
14429 6136.41748047
14489 6129.625
14609 6116.37402344
14670 6110.98828125
14730 6102.76855469
14790 6095.61572266
14850 6089.89794922
14910 6087.23632812
14970 6080.80566406
15030 6072.04492188
15090 6063.23486328
15150 6059.625
15211 6052.09472656
15271 6045.69921875
15631 6185.40917969
15691 6179.95800781
15752 6173.60400391
15812 6166.59521484
15872 6159.16064453
15932 6152.42285156
15992 6146.37548828
16052 6140.26904297
16112 6133.15820312
16172 6127.80566406
16233 6121.62451172
16293 6113.01367188
16353 6106.29052734
16413 6100.234375
16473 6093.69287109
16533 6086.08398438
16593 6080.15478516
16653 6073.27636719
16713 6066.16699219
16774 6058.87744141
16834 6051.64941406
16894 6047.09521484
16954 6040.16113281
17014 6031.91308594
17074 6027.63623047
17134 6019.93457031
17194 6012.8984375
17254 6005.39404297
17315 5999.63427734
17375 5993.09619141
17435 5986.30371094
17495 5979.99560547
17555 5973.89648438
17615 5968.09912109
17657 5961.81103516
17698 5957.74365234
17759 5951.14550781
17819 5944.62109375
17879 5939.81787109
17939 5932.42724609
17999 5925.16992188
18059 5920.37841797
18119 5914.23974609
18179 5908.50830078
18240 5901.85595703
18298 5894.61279297
18357 5888.42822266
18392 5884.37109375
18428 5881.18164062
18488 5875.20117188
18548 5869.10302734
18608 5862.62646484
18668 5856.02441406
18728 5850.63769531
18788 5844.01513672
18849 5837.12011719
18909 5829.63037109
18969 5822.80615234
19029 5817.65136719
19089 5812.00585938
19149 5804.51660156
19209 5798.75683594
19269 5793.40380859
19329 5784.71386719
19390 5778.05957031
19450 5770.45898438
19510 5766.51464844
19570 5762.04150391
19630 5756.34570312
19690 5749.80908203
19750 5741.96337891
19810 5739.38916016
19870 5734.69091797
19931 5726.30078125
19991 5720.65380859
20051 5712.66015625
20111 5709.015625
20171 5703.49560547
20231 5694.89306641
20291 5688.80126953
20351 5681.13378906
20411 5678.49121094
20472 5672.59130859
20532 5665.80224609
20592 5657.46630859
20652 5653.65380859
20712 5650.09667969
20772 5643.15283203
20832 5637.64599609
20892 5629.21337891
20952 5625.6953125
21013 5617.29296875
21073 5609.04785156
21133 5602.87011719
21193 5598.71875
21253 5593.91601562
21313 5587.62207031
21373 5581.94775391
21433 5577.14404297
21493 5570.89941406
21554 5563.74511719
21614 5561.04296875
21674 5556.95751953
21734 5550.44433594
21794 5542.35742188
21854 5535.58935547
21914 5530.30029297
21974 5527.03417969
22034 5520.43212891
22095 5515.27441406
22155 5510.49902344
22215 5506.32714844
22275 5500.72998047
22335 5494.78271484
22395 5489.39404297
22455 5482.58740234
22515 5473.73095703
22575 5466.52197266
22620 5465.51074219
22666 5462.71777344
22726 5458.76074219
22786 5453.56933594
22846 5449.11376953
22906 5444.46679688
22966 5438.48486328
23027 5432.39746094
23087 5428.82568359
23147 5421.27294922
23267 5412.53173828
23327 5405.82958984
23447 5405.41992188
23568 5406.69335938
23688 5385.89697266
23808 5369.47216797
23868 5366.09521484
23928 5360.83251953
23988 5356.06884766
24048 5351.70605469
