0 10163.046875
841 9798.84179688
877 9789.30371094
1302 9871.97851562
1359 9855.39746094
1477 9824.58496094
1537 9809.23535156
1597 9794.40136719
1657 9778.49707031
1777 9746.3203125
1838 9730.0234375
2018 9678.36523438
2078 9664.77539062
2198 9632.34375
2258 9616.24511719
2379 9582.23925781
2499 9550.16308594
2559 9539.484375
2739 9491.19824219
2797 9481.65722656
2854 9468.67089844
2915 9454.97265625
3156 9391.4375
3216 9380.40625
3276 9368.43066406
3457 9315.47949219
3517 9300.60546875
3560 9294.00683594
3604 9283.18261719
3664 9268.94824219
3724 9253.6640625
3784 9237.78027344
3904 9207.95800781
4025 9195.53125
4205 9137.14453125
4265 9123.65917969
4325 9113.86425781
4505 9085.01464844
4566 9076.35644531
4626 9060.02148438
4746 9029.07910156
4806 9013.0859375
4866 8997.49804688
4926 8983.46875
5227 9022.70800781
5287 9014.80859375
5347 9003.4609375
5407 8988.234375
5467 8977.21679688
5527 8966.7734375
5588 8956.57519531
5648 8944.92480469
5686 8936.83203125
5711 8932.74316406
5758 8921.61425781
5818 8910.06542969
5878 8899.85253906
5938 8888.96679688
5998 8878.671875
6058 8866.74804688
6118 8856.94433594
6178 8844.2265625
6239 8831.1328125
6359 8796.46289062
6410 8783.15527344
6581 8750.10839844
6641 8738.97460938
6701 8729.42675781
6761 8717.98730469
6822 8708.31933594
6882 8699.18066406
6942 8686.50390625
7002 8674.81835938
7062 8661.7734375
7122 8651.95117188
7182 8638.03613281
7242 8633.25292969
7303 8623.96191406
7363 8614.69628906
7423 8606.59179688
7483 8598.14160156
7543 8590.33203125
7603 8576.97753906
7663 8567.01953125
7723 8560.52246094
8144 8762.07617188
8204 8753.60644531
8264 8744.15039062
8324 8731.70703125
8385 8722.84667969
8445 8710.17382812
8505 8702.140625
8565 8688.91015625
8625 8681.29980469
8685 8671.46191406
8745 8659.36230469
8805 8651.15039062
8865 8639.70507812
8926 8628.79199219
8986 8616.36523438
9046 8604.67773438
9106 8592.59082031
9166 8581.91210938
9226 8568.41699219
9286 8560.34863281
9346 8548.5703125
9406 8537.28222656
9467 8525.54394531
9527 8513.65039062
9587 8504.70019531
9647 8492.84082031
9707 8481.47851562
9767 8468.58398438
9827 8458.52050781
9887 8449.70117188
9947 8436.29589844
10008 8426.98632812
10068 8421.88964844
10128 8408.69921875
10182 8396.77734375
10237 8386.9609375
10298 8376.65332031
10358 8367.61328125
10418 8356.50195312
10465 8348.62304688
10513 8339.91308594
10573 8330.87597656
10633 8323.37792969
10693 8314.51171875
10753 8305.5703125
10813 8294.32324219
10873 8283.82714844
10933 8273.81347656
10993 8264.13378906
11053 8256.11425781
11114 8247.43066406
11174 8239.1015625
11234 8228.74902344
11294 8220.7265625
11354 8209.88769531
11414 8199.50390625
11474 8192.05664062
11534 8181.97167969
11595 8169.96777344
11655 8163.36132812
11715 8154.15966797
11775 8145.08642578
11835 8134.5859375
11895 8124.265625
11955 8114.11035156
12015 8107.48681641
12075 8094.078125
12136 8083.44335938
12196 8077.35595703
12256 8068.96142578
12316 8058.71435547
12376 8052.90283203
12436 8041.67675781
12496 8028.32910156
12556 8021.03173828
12592 8014.26611328
12627 8009.93847656
12687 8005.31103516
12747 7994.33398438
12807 7984.35302734
12867 7974.48193359
12927 7963.02734375
12987 7953.96435547
13047 7948.02587891
13108 7935.68408203
13168 7926.86035156
13204 7923.59179688
13241 7914.13964844
13302 7907.21972656
13362 7895.04736328
13422 7883.00292969
13482 7873.80273438
13542 7864.15820312
13602 7854.88134766
13662 7847.00878906
13722 7833.24804688
13783 7826.31347656
13843 7816.38476562
13903 7805.83398438
13963 7797.96191406
14009 7790.45703125
14038 7787.16796875
14067 7783.50634766
14112 7775.99414062
14153 7773.07373047
14494 7956.296875
14554 7946.72216797
14614 7933.90917969
14674 7928.83837891
14735 7918.17236328
14795 7907.51220703
14855 7896.51513672
14915 7886.76025391
14975 7878.29980469
15035 7872.44433594
15095 7857.29931641
15155 7841.41210938
15215 7830.83154297
15276 7823.27734375
15336 7814.89501953
15396 7805.06640625
15456 7794.52587891
15516 7783.22558594
15576 7775.89794922
15636 7765.93457031
15696 7756.63964844
15756 7747.59619141
15814 7739.08203125
15872 7731.33447266
15932 7721.60791016
15992 7714.16845703
16052 7706.99511719
16112 7697.96386719
16172 7691.19091797
16233 7683.77929688
16293 7676.27197266
16353 7668.01318359
16413 7661.05078125
16473 7652.80126953
16533 7641.10351562
16593 7632.84716797
16653 7624.6015625
16713 7618.01171875
16774 7611.54589844
16834 7602.21044922
16894 7594.76708984
16954 7586.71484375
17014 7579.09619141
17074 7570.68603516
17134 7561.34521484
17194 7552.05761719
17254 7547.3125
17315 7538.81738281
17375 7530.62841797
17435 7522.30517578
17495 7515.28955078
17555 7505.85351562
17615 7496.75195312
17675 7488.44726562
17735 7480.18212891
17796 7472.05664062
17856 7468.64355469
17916 7458.92480469
17965 7450.10498047
18014 7442.30029297
18074 7432.48291016
18134 7427.87207031
18194 7423.01318359
18255 7414.16894531
18315 7406.12304688
18375 7401.72705078
18435 7392.64257812
18495 7382.15429688
18555 7371.14892578
18615 7368.54638672
18675 7360.53955078
18736 7355.44873047
18796 7347.39697266
18856 7340.02734375
18916 7335.90429688
18976 7326.33398438
19036 7316.57275391
19096 7310.28173828
19156 7304.83544922
19217 7299.390625
19277 7290.87207031
19337 7283.38671875
19397 7275.83300781
19457 7273.42919922
19517 7264.50097656
19577 7254.45800781
19637 7247.90869141
19697 7240.65429688
19758 7233.48779297
19818 7225.75195312
19878 7218.32470703
19938 7213.38623047
19998 7202.61816406
20058 7197.23144531
20118 7190.12060547
20178 7184.64941406
20238 7178.45458984
20298 7171.98046875
20359 7165.35546875
20419 7155.70019531
20479 7149.70263672
20539 7143.19970703
20599 7137.56005859
20659 7130.77734375
20719 7123.10498047
20779 7115.25488281
20839 7108.60107422
20900 7102.99169922
20960 7097.89453125
21020 7089.75537109
21080 7081.49414062
21140 7075.30859375
21200 7070.13525391
21260 7060.56982422
21320 7053.42138672
21381 7047.95556641
21441 7040.5625
21501 7034.57080078
21561 7027.16650391
21621 7019.65136719
21681 7013.73144531
21741 7007.88330078
21801 7002.00195312
21861 6994.17675781
21922 6980.0625
21982 6979.18115234
22042 6975.11328125
22102 6965.96044922
22448 6930.79589844
22493 6926.0078125
22554 6921.18066406
22614 6912.71435547
22674 6905.68359375
22734 6897.96777344
22794 6892.77734375
22854 6885.19433594
22914 6877.890625
22975 6871.60546875
23035 6867.05029297
23070 6861.609375
23080 6860.96923828
23094 6860.29589844
23132 6855.83789062
23192 6849.00244141
23253 6841.07128906
23313 6835.8515625
23373 6829.67773438
23433 6822.85791016
23493 6815.54589844
23553 6807.06445312
23613 6800.56835938
23674 6795.11376953
23734 6788.84375
23794 6781.19091797
23854 6775.55078125
23914 6769.85107422
23974 6761.36425781
24034 6754.73583984
24094 6748.35253906
24154 6739.96435547
24215 6736.17480469
24275 6726.77734375
24335 6721.02050781
24395 6715.21875
24455 6710.65722656
24515 6706.80859375
24575 6701.57226562
24635 6694.34863281
24695 6686.97021484
24756 6683.78271484
24816 6676.29003906
24876 6668.00390625
24936 6661.15917969
24996 6656.95947266
25056 6649.83935547
25116 6642.42480469
25176 6635.66210938
25236 6628.49462891
25297 6623.5234375
25357 6617.35791016
25417 6611.99414062
25477 6606.13134766
25537 6600.44433594
25597 6596.64355469
25657 6589.43261719
25717 6584.00976562
25777 6577.88037109
25838 6571.90527344
25898 6564.48925781
25958 6558.53759766
26018 6553.45410156
26078 6548.50439453
26138 6543.56201172
26198 6535.13818359
26258 6529.79199219
26319 6524.73046875
26379 6517.32617188
26439 6511.00244141
26499 6505.91601562
26559 6502.19970703
26619 6495.48046875
26679 6490.90820312
26739 6485.36621094
26799 6479.31494141
26860 6472.20458984
26920 6465.08544922
26980 6460.07617188
27040 6454.55371094
27100 6446.03515625
27154 6440.59326172
27208 6435.63623047
27268 6431.21191406
27328 6428.12207031
27388 6421.20458984
27448 6413.47167969
27503 6406.76855469
27558 6400.78271484
27618 6394.22167969
27678 6387.99853516
27738 6383.94433594
27798 6380.62060547
27858 6372.21191406
27918 6366.23144531
27979 6362.13525391
28039 6355.11962891
28099 6351.06347656
28159 6343.52490234
28219 6337.74658203
28279 6332.45117188
28339 6330.90771484
28399 6324.19628906
28459 6318.04492188
28520 6312.90332031
28580 6308.27587891
28640 6303.19042969
28700 6296.21630859
28760 6291.29882812
28820 6285.77050781
28880 6281.23486328
28940 6274.18066406
29000 6267.17089844
29061 6262.03320312
29121 6258.99023438
29181 6253.44873047
29241 6247.34716797
29301 6242.80761719
29361 6237.52197266
29421 6231.24169922
29481 6225.60986328
29542 6219.56201172
29602 6215.47460938
29662 6211.38476562
29722 6205.64404297
29760 6202.15234375
29798 6197.35839844
29834 6194.55908203
29869 6192.015625
29929 6186.65136719
29989 6181.19824219
30050 6176.08300781
30110 6171.77734375
30170 6166.85839844
30230 6161.33251953
30290 6154.44189453
30350 6147.68164062
30410 6142.26708984
30470 6138.08886719
30530 6133.50732422
30591 6129.41894531
30651 6122.84375
30711 6119.44287109
30771 6112.77587891
30831 6107.30566406
30891 6103.03808594
30951 6097.27539062
31011 6090.55761719
31432 6201.75878906
31492 6195.02050781
31552 6188.40087891
31612 6184.01806641
31673 6175.52978516
31733 6167.67822266
31793 6157.7109375
31853 6150.21142578
31913 6142.21240234
31973 6133.64599609
32033 6124.43847656
32093 6115.21630859
32153 6105.90673828
32214 6100.92431641
32274 6093.07666016
32334 6083.40527344
32394 6075.49609375
32454 6067.28662109
32514 6062.08349609
32574 6050.55810547
32634 6042.95068359
32694 6035.16992188
32755 6028.75
32815 6023.50927734
32875 6018.10742188
32935 6011.23242188
32995 6006.05175781
33055 5997.90283203
33115 5990.69677734
33235 5993.87060547
33296 5981.79248047
33416 5975.40527344
33476 5974.97070312
33536 5972.34179688
33596 5967.65625
33656 5963.44482422
33716 5962.73095703
33776 5960.58935547
33819 5956.31494141
33861 5956.23388672
33922 5955.62255859
33982 5952.59570312
34042 5951.60400391
34102 5947.07617188
34162 5942.99316406
34222 5937.37548828
34282 5931.28320312
34342 5927.96679688
34402 5924.96191406
34463 5920.25488281
34523 5914.76367188
34583 5908.34082031
34643 5903.09912109
34703 5898.34082031
34763 5895.12402344
34823 5890.14941406
34883 5884.65039062
34943 5878.93994141
35004 5872.11181641
35064 5867.47509766
35124 5861.01611328
35184 5854.74755859
35244 5850.3984375
35304 5845.57275391
35364 5840.00341797
35424 5833.17041016
35485 5828.02832031
35545 5822.16943359
35605 5817.02832031
35665 5811.17382812
35725 5805.984375
35785 5800.05761719
35845 5794.46289062
35905 5786.52246094
35965 5780.90771484
36026 5775.43994141
36086 5771.35644531
36146 5766.17236328
36206 5760.86669922
36266 5756.66845703
36326 5751.65039062
36386 5745.59570312
36446 5739.95800781
36506 5733.72460938
36567 5728.17675781
36627 5722.54199219
36687 5717.37548828
36747 5711.54150391
36807 5706.50390625
36867 5702.0234375
36927 5693.81494141
36987 5688.64941406
37048 5683.58154297
37108 5677.30908203
37168 5674.05224609
37228 5667.93017578
37288 5662.66845703
37348 5657.39257812
37408 5647.43798828
37468 5640.69775391
37528 5636.2578125
37589 5635.77050781
37649 5631.20019531
37709 5626.62841797
37769 5623.56103516
37829 5618.83398438
37889 5612.578125
37949 5607.30175781
38009 5601.95751953
38069 5597.44335938
38129 5591.54101562
38190 5589.80712891
38250 5585.52197266
38310 5581.59619141
38370 5579.10058594
38430 5573.17773438
38490 5569.88867188
38550 5566.00292969
38610 5561.92773438
38670 5557.60253906
38731 5552.11816406
38791 5546.22851562
38851 5545.07617188
38911 5543.4765625
38971 5539.03808594
39031 5533.85449219
39091 5528.46630859
39151 5526.1484375
39212 5522.90673828
39272 5521.54345703
39332 5518.38720703
39392 5514.0390625
39452 5509.70361328
39512 5507.27734375
39572 5502.59521484
39632 5498.44287109
39692 5493.66113281
39753 5489.05761719
39813 5484.96972656
39873 5480.29541016
39933 5476.79736328
39993 5472.47509766
40053 5467.75732422
40113 5462.69189453
40173 5458.59423828
40233 5453.34716797
40294 5450.86132812
40354 5446.52539062
40414 5440.515625
40474 5435.96582031
40534 5430.01806641
40594 5424.06982422
40654 5418.47607422
40714 5414.78076172
40775 5411.90136719
40835 5407.88232422
40895 5403.61181641
40955 5395.7734375
41015 5389.12109375
41075 5384.67919922
41135 5378.09960938
41195 5372.26611328
41255 5370.25048828
41316 5365.66796875
41376 5359.54785156
41436 5355.96582031
41496 5348.21777344
41556 5341.99316406
41616 5335.61962891
41676 5330.40185547
41736 5327.26953125
41796 5322.94677734
41856 5319.78955078
41917 5314.22021484
41977 5309.89941406
42037 5300.19335938
42097 5297.21044922
42157 5291.78320312
42217 5286.61181641
42277 5281.80566406
42337 5275.0234375
42397 5273.71240234
42458 5267.88427734
42518 5261.23193359
42578 5256.42480469
42638 5253.57080078
42698 5247.3203125
42758 5240.7421875
42818 5237.78564453
42878 5233.10791016
42938 5229.16210938
42999 5223.74951172
43059 5219.45556641
43119 5214.46386719
43179 5212.0859375
43239 5207.81054688
43299 5204.97119141
43359 5200.96484375
43419 5198.84228516
43479 5195.09765625
43540 5189.45947266
43660 5189.80078125
43780 5171.04394531
43900 5175.42236328
43960 5165.58837891
44021 5157.46289062
44081 5154.56396484
44141 5148.94091797
44201 5140.203125
44261 5138.29785156
44321 5136.77099609
44381 5131.25048828
44441 5126.24121094
