0 10581.0976562
138 10508.0078125
1466 10003.9228516
2116 10074.4277344
2578 9961.38085938
3043 9858.11425781
3464 9760.94335938
3885 9661.25390625
4005 9636.234375
4245 9573.03515625
4426 9525.71386719
4726 9459.07910156
4786 9449.39257812
4947 9403.12597656
5488 9360.37304688
5609 9338.12304688
5909 9265.64160156
6029 9242.40039062
6150 9219.51269531
6210 9209.3984375
6270 9199.13476562
6450 9163.31152344
6751 9104.93457031
7111 9032.60546875
7472 8955.01367188
7532 8946.57617188
7592 8940.02734375
7663 8923.06445312
7783 8902.90429688
8204 9027.87402344
8384 8987.97070312
8444 8978.9296875
8486 8971.7734375
8504 8970.17089844
8524 8966.50976562
8567 8962.12011719
8867 9003.46777344
8987 8985.97363281
9048 8975.82617188
9228 8942.82421875
9288 8933.64941406
9408 8913.78710938
9589 8881.3203125
9649 8871.94824219
9709 8862.57519531
9769 8852.875
10009 8807.93066406
10070 8801.76464844
10250 8770.25390625
10310 8760.7265625
10731 8682.36816406
10791 8673.12402344
10911 8652.59472656
11091 8618.99023438
11151 8609.3984375
11212 8602.109375
11272 8593.21484375
11392 8572.10449219
11452 8562.85839844
11512 8554.05273438
11572 8544.14746094
11692 8523.15039062
11873 8491.40722656
11933 8486.93847656
11993 8477.515625
12173 8446.50292969
12294 8431.28515625
12354 8425.90429688
12414 8416.56542969
12474 8407.27148438
12534 8399.57324219
12594 8390.26269531
12676 8375.67089844
12736 8371.99511719
12917 8340.75488281
12977 8334.09960938
13037 8326.23144531
13097 8319.21875
13217 8298.21484375
13338 8281.81640625
13373 8280.109375
13408 8272.42773438
13528 8251.06738281
13588 8242.52636719
13648 8235.00488281
13769 8212.46386719
13829 8205.45800781
14007 8176.18310547
14067 8167.4609375
14188 8148.75097656
14247 8138.82568359
14306 8128.94775391
14366 8122.05859375
14426 8112.96484375
14787 8309.63671875
14847 8302.19140625
14907 8294.79882812
14967 8286.14160156
15027 8280.25878906
15208 8251.890625
15268 8242.97851562
15448 8212.50683594
15568 8193.08007812
15628 8185.72265625
15688 8176.80615234
15749 8168.06152344
15809 8159.09814453
15869 8149.53369141
15989 8129.48046875
16049 8122.76806641
16109 8113.75439453
16169 8104.01855469
16229 8095.51074219
16350 8074.00830078
16470 8052.37548828
16530 8046.11962891
16650 8025.30615234
16710 8018.35839844
16951 7976.25195312
17011 7968.62304688
17071 7958.71435547
17131 7953.3125
17191 7946.29589844
17232 7939.91259766
17272 7935.98535156
17332 7926.12207031
17513 7897.57226562
17573 7888.55273438
17693 7867.77783203
17753 7862.46240234
17813 7855.87890625
17874 7847.83398438
17934 7839.32617188
18114 7805.50195312
18174 7795.90283203
18234 7789.91650391
18294 7781.88525391
18354 7776.68994141
18415 7769.85009766
18475 7761.29003906
18535 7753.1015625
18595 7747.85400391
18715 7724.83447266
18775 7718.53857422
18835 7711.78564453
18895 7702.56005859
18956 7693.79052734
19016 7689.26416016
19136 7666.65136719
19196 7657.3046875
19256 7647.30029297
19376 7629.53466797
19436 7623.97119141
19497 7617.81054688
19557 7612.16601562
19617 7604.14208984
19677 7594.00927734
19737 7589.74365234
19797 7582.43652344
19832 7574.61914062
19850 7571.49951172
19952 7559.3125
20013 7549.97216797
20073 7540.90429688
20133 7533.95556641
20253 7514.15673828
20313 7507.57421875
20373 7503.42773438
20433 7495.71386719
20493 7492.35205078
20614 7471.18798828
20674 7464.53466797
20734 7455.33691406
20794 7446.86474609
20854 7443.65478516
20914 7435.28271484
20971 7428.05126953
21028 7422.80810547
21088 7420.00537109
21148 7411.43457031
21269 7390.27636719
21329 7386.44873047
21389 7378.08251953
21449 7373.76220703
21509 7364.98535156
21569 7360.25146484
21629 7354.32568359
21689 7347.54589844
21750 7339.15234375
21810 7331.01904297
21930 7315.32226562
21990 7309.53466797
22050 7303.19873047
22110 7297.72558594
22170 7289.42138672
22230 7281.01123047
22291 7271.80224609
22351 7262.75341797
22411 7255.06054688
22471 7246.68554688
22531 7243.51904297
22892 7240.22607422
22927 7233.98779297
22963 7232.21435547
23023 7225.37792969
23084 7219.75439453
23124 7216.72998047
23164 7211.34277344
23209 7204.25634766
23255 7200.67138672
23315 7192.60742188
23375 7187.62158203
23435 7180.91210938
23495 7173.31884766
23556 7166.67578125
23616 7156.77978516
23676 7151.15917969
23736 7145.76708984
23796 7138.57568359
23856 7130.54882812
23916 7123.21142578
23976 7115.484375
24036 7106.36083984
24097 7101.75439453
24157 7096.12353516
24217 7090.24267578
24277 7082.63916016
24337 7074.9765625
24397 7069.73046875
24457 7062.09619141
24517 7054.29980469
24577 7045.33349609
24617 7039.98388672
24658 7035.73144531
24718 7030.58496094
24778 7026.82861328
24838 7017.6640625
24898 7012.97949219
24958 7005.40869141
25018 6999.80419922
25078 6993.58105469
25138 6987.82617188
25198 6980.07226562
25259 6976.3125
25319 6970.07470703
25379 6962.53271484
25430 6957.94970703
25481 6950.70019531
25541 6945.38818359
25601 6938.45800781
25661 6930.09472656
25721 6924.16259766
25781 6917.54931641
25841 6910.83007812
25902 6905.47558594
25962 6898.49316406
26022 6891.96923828
26082 6887.29199219
26142 6880.62792969
26202 6872.95947266
26262 6867.06152344
26322 6860.44335938
26382 6853.44677734
26443 6846.46533203
26503 6841.27099609
26563 6835.49169922
26623 6828.07177734
26683 6821.92773438
26743 6815.11962891
26803 6809.43212891
26863 6802.46142578
26923 6794.89746094
26984 6788.74609375
27044 6781.18554688
27104 6777.80371094
27164 6770.72753906
27224 6764.63574219
27284 6758.04980469
27344 6751.4375
27404 6745.80664062
27465 6739.76513672
27525 6734.60351562
27585 6728.29638672
27645 6721.66210938
27705 6715.50537109
27765 6709.31445312
27825 6700.50048828
27885 6694.13183594
27945 6687.59570312
28006 6682.36181641
28066 6676.44140625
28126 6669.81005859
28186 6663.02636719
28246 6658.11767578
28306 6651.44238281
28366 6646.11962891
28426 6637.90332031
28486 6634.11376953
28547 6627.54248047
28607 6620.75048828
28667 6615.16455078
28727 6607.48291016
28762 6602.39355469
28797 6599.41552734
28857 6594.62207031
28918 6587.98632812
28978 6584.10595703
29038 6578.04541016
29098 6572.27148438
29158 6566.05566406
29218 6560.82128906
29639 6677.51611328
29699 6671.83251953
29759 6667.02392578
29819 6659.88525391
29879 6653.875
29939 6647.22851562
30000 6640.21923828
30060 6632.41552734
30120 6626.64013672
30180 6621.25195312
30221 6616.10400391
30239 6614.12353516
30276 6610.18066406
30336 6603.97753906
30397 6599.16894531
30457 6595.06005859
30517 6587.16357422
30577 6581.61083984
30637 6574.67138672
30697 6568.65576172
30757 6562.59277344
30817 6557.44091797
30877 6550.53417969
30938 6547.99560547
30998 6539.06933594
31058 6531.99414062
31118 6525.578125
31178 6520.36962891
31238 6516.49609375
31273 6512.56787109
31309 6510.44042969
31369 6502.11865234
31429 6495.22460938
31489 6491.29638672
31549 6485.23583984
31609 6480.55908203
31669 6476.06689453
31729 6470.70996094
31789 6462.33642578
31825 6459.51806641
31861 6455.76513672
31922 6452.26220703
31982 6445.36767578
32042 6437.39111328
32102 6431.86865234
32162 6427.36767578
32222 6421.01464844
32283 6413.73486328
32343 6408.60009766
32403 6403.52294922
32463 6395.72802734
32523 6393.42822266
32583 6385.55664062
32643 6378.59570312
32703 6373.46240234
32763 6368.41503906
32824 6363.28271484
32884 6356.79541016
32944 6350.74560547
33004 6343.73828125
33064 6338.40478516
33124 6333.88769531
33184 6327.40332031
33244 6322.38916016
33304 6316.58642578
33365 6312.91552734
33425 6308.84960938
33485 6301.21435547
33545 6294.07275391
33605 6287.3203125
33665 6283.09570312
33725 6278.58154297
33785 6273.77636719
33846 6267.08007812
33906 6260.39404297
33966 6254.91552734
34026 6248.36865234
34086 6243.57177734
34146 6239.99462891
34206 6234.2890625
34266 6227.97119141
34326 6222.35498047
34387 6216.88330078
34424 6211.88232422
34462 6208.546875
34497 6205.95361328
34533 6203.34814453
34593 6197.84130859
34653 6191.08642578
34713 6185.93408203
34773 6181.96679688
34833 6175.609375
34894 6169.43359375
34954 6163.89501953
35014 6158.80078125
35074 6153.58105469
35134 6150.06054688
35194 6145.18798828
35254 6138.90185547
35314 6132.36376953
35374 6127.16357422
35435 6120.84521484
35495 6114.42236328
35555 6109.11572266
35615 6104.05273438
35675 6099.17578125
35735 6093.30371094
35795 6088.22851562
35855 6082.58496094
35915 6077.03710938
35976 6072.31054688
36036 6065.65527344
36096 6059.51464844
36156 6054.75439453
36216 6050.59277344
36276 6044.98974609
36336 6039.44433594
36396 6034.3671875
36437 6029.85693359
36477 6027.46484375
36537 6022.17578125
36597 6019.06982422
36658 6010.73095703
36718 6003.94628906
36778 6000.61962891
36838 5994.76367188
36898 5989.71777344
36958 5983.79443359
37018 5978.05175781
37078 5973.98730469
37138 5969.43554688
37199 5963.09277344
37259 5958.93554688
37319 5953.23291016
37379 5948.36523438
37439 5942.67089844
37499 5939.51269531
37534 5936.71728516
37570 5932.81298828
37630 5927.24365234
37690 5921.31201172
37750 5917.41162109
37810 5912.61083984
37870 5906.59716797
37930 5902.73339844
37991 5898.72216797
38051 5892.9296875
38111 5888.60644531
38171 5884.05029297
38231 5879.37890625
38291 5874.72021484
38351 5871.375
38411 5866.68115234
38471 5860.39599609
38532 5855.60839844
38592 5850.67333984
38652 5842.78857422
38712 5833.67626953
38772 5828.78466797
38832 5823.57080078
38892 5818.25683594
38952 5811.37792969
39012 5805.39697266
39073 5800.25830078
39133 5793.84570312
39193 5788.95996094
39253 5785.34814453
39313 5781.17089844
39373 5774.34765625
39433 5770.74707031
39493 5765.22363281
39553 5761.90234375
39614 5756.62548828
39674 5751.74755859
39734 5745.09228516
39794 5741.46826172
39854 5736.26074219
39914 5729.44726562
39974 5727.02246094
40034 5722.47167969
40094 5717.54150391
40155 5714.60742188
40215 5709.58642578
40275 5702.00683594
40335 5697.26171875
40395 5691.88671875
40455 5690.97460938
40515 5685.29296875
40575 5679.89404297
40635 5674.85253906
40696 5671.25488281
40756 5666.66943359
40816 5662.71484375
40876 5655.28320312
40936 5653.96191406
40996 5651.26855469
41056 5645.56103516
41116 5640.45117188
41237 5640.33789062
41357 5637.72021484
41417 5632.04833984
41477 5630.27001953
41597 5612.23291016
41657 5606.07421875
41717 5602.640625
