0 10840.1474609
267 10754.0
497 10598.8310547
797 10497.9082031
857 10488.6201172
1098 10393.1591797
1366 10316.8154297
1412 10310.3271484
1713 10214.7177734
2073 10106.8994141
2133 10095.6503906
2254 10063.1240234
2314 10050.1425781
2654 10208.9042969
2774 10179.7548828
2834 10166.296875
2895 10152.5742188
3015 10124.6171875
3135 10099.125
3255 10071.6699219
3556 9999.02539062
3616 9986.83398438
3711 9966.81542969
3789 9952.96972656
3899 9919.45214844
3955 9917.76464844
4136 9869.22167969
4196 9856.63769531
4316 9829.6953125
4376 9815.96679688
4496 9791.3984375
4556 9782.37988281
4616 9769.76074219
4797 9728.73925781
4917 9703.35351562
4977 9691.24902344
5037 9677.39355469
5218 9629.45898438
5278 9619.89746094
5338 9611.22070312
5398 9602.24902344
5458 9591.6796875
5518 9578.06152344
5578 9565.54199219
5638 9554.7578125
5698 9545.02539062
5738 9534.32324219
5778 9527.60058594
5838 9517.84570312
5899 9504.72363281
5959 9494.63867188
6019 9483.91796875
6079 9470.15722656
6134 9459.54003906
6189 9447.15722656
6249 9440.81835938
6309 9428.92480469
6369 9416.18945312
6429 9403.79492188
6489 9394.21191406
6549 9382.71679688
6609 9369.51953125
6730 9348.40234375
6790 9337.45117188
6850 9327.1171875
6910 9315.63378906
6970 9304.11914062
7090 9277.29492188
7150 9268.37988281
7211 9254.91992188
7271 9243.32617188
7800 9436.58007812
7920 9407.10742188
7980 9397.18164062
8040 9387.52246094
8100 9377.51464844
8160 9368.65625
8220 9354.76757812
8280 9342.66503906
8401 9316.59667969
8459 9304.32324219
8518 9290.68945312
8578 9282.78710938
8638 9269.85253906
8698 9256.26074219
8819 9228.96289062
8879 9216.78222656
8939 9206.41113281
8999 9195.00488281
9119 9170.02929688
9179 9161.94824219
9239 9150.36914062
9300 9140.06152344
9480 9094.87988281
9540 9093.99023438
9600 9080.33984375
9660 9069.71289062
9720 9060.953125
9780 9049.69140625
9841 9038.22558594
9901 9027.13378906
9961 9021.33398438
10081 8998.50488281
10141 8988.26757812
10201 8978.85449219
10261 8968.92382812
10297 8967.04589844
10333 8953.92089844
10393 8943.33984375
10453 8929.41113281
10513 8919.83984375
10634 8902.30273438
10694 8892.32519531
10754 8881.3359375
10814 8871.171875
10874 8861.85058594
10934 8851.65429688
11015 8840.89550781
11075 8828.20800781
11135 8816.15332031
11195 8806.58984375
11255 8793.94140625
11315 8786.3828125
11375 8777.02832031
11436 8765.68652344
11486 8756.56152344
11536 8747.90039062
11656 8719.98535156
11716 8711.29589844
11776 8704.14257812
11837 8696.48730469
11897 8683.10351562
11957 8673.08300781
12017 8661.62792969
12077 8649.83789062
12137 8639.203125
12197 8629.4375
12257 8619.68066406
12317 8607.87011719
12378 8597.49902344
12438 8586.88085938
12498 8575.77246094
12618 8556.25390625
12678 8545.58984375
12738 8535.39355469
12798 8528.16796875
12858 8521.14746094
12919 8508.109375
12979 8497.66503906
13039 8488.63574219
13099 8477.17675781
13159 8466.79882812
13279 8445.45117188
13314 8438.36621094
13350 8432.89355469
13410 8421.421875
13470 8411.38183594
13590 8388.81152344
13650 8387.64355469
13711 8377.36621094
13771 8366.95410156
13809 8363.66503906
13825 8360.84179688
13863 8357.89648438
13903 8348.86621094
13942 8346.02050781
14002 8339.15136719
14483 8561.94335938
14543 8555.13867188
14603 8544.671875
14664 8535.31738281
14724 8526.17871094
14759 8521.83007812
14794 8513.60546875
14829 8509.67089844
14865 8501.92871094
14925 8493.71972656
14985 8487.44628906
15045 8478.97851562
15105 8466.68652344
15145 8461.10351562
15184 8456.49023438
15244 8448.47363281
15304 8438.61230469
15364 8429.97070312
15424 8418.03515625
15485 8408.95996094
15545 8400.64257812
15605 8393.265625
15665 8381.6015625
15725 8373.66015625
15785 8366.83691406
15845 8357.08398438
15905 8346.58789062
15965 8341.73925781
16026 8341.21582031
16086 8334.77832031
16146 8326.73046875
16206 8315.92871094
16266 8303.390625
16326 8292.50683594
16386 8280.83886719
16446 8268.83691406
16507 8258.22949219
16567 8248.68945312
16627 8240.05175781
16687 8231.99121094
16747 8220.93261719
16867 8199.09277344
16927 8189.30322266
16987 8179.98193359
17048 8174.79443359
17108 8166.76220703
17168 8157.93359375
17228 8148.59570312
17288 8139.21435547
17348 8129.16357422
17408 8117.76953125
17468 8110.84277344
17528 8105.10253906
17589 8096.99853516
17649 8089.49658203
17709 8081.10595703
17769 8073.45654297
17829 8064.78955078
17889 8061.54052734
17949 8051.77783203
18009 8041.66894531
18069 8033.03613281
18130 8024.50146484
18190 8017.75585938
18250 8010.65283203
18299 8003.80810547
18349 7996.02441406
18409 7987.89599609
18469 7978.35498047
18529 7974.92382812
18589 7965.92480469
18650 7959.15332031
18686 7954.32373047
18722 7947.13183594
18783 7940.48242188
18843 7932.18603516
18903 7923.94824219
18963 7916.27197266
19023 7905.69970703
19083 7897.62060547
19444 7856.1875
19504 7849.3515625
19684 7825.64306641
19744 7816.57958984
19804 7807.81835938
19865 7799.78466797
19925 7792.19677734
19985 7784.49609375
20045 7778.06152344
20105 7769.31542969
20165 7762.07910156
20225 7755.68261719
20285 7748.04003906
20345 7739.94726562
20406 7732.84033203
20466 7724.59814453
20526 7719.02246094
20586 7710.52099609
20646 7699.95751953
20706 7692.96044922
20766 7684.7734375
20826 7679.03271484
20886 7671.55957031
20947 7664.81835938
21007 7655.10986328
21067 7646.45703125
21127 7638.46679688
21187 7630.50292969
21247 7625.78320312
21307 7618.78662109
21367 7611.1171875
21428 7602.51318359
21488 7595.34765625
21548 7589.23730469
21608 7581.30224609
21668 7574.69335938
21728 7565.21386719
21788 7558.22509766
21848 7549.55175781
21908 7541.11962891
21969 7536.58496094
22029 7527.88867188
22089 7520.44335938
22149 7513.59130859
22209 7506.68652344
22269 7498.25878906
22329 7491.29541016
22389 7481.52734375
22449 7473.97216797
22510 7466.61083984
22570 7459.48632812
22630 7451.01074219
22665 7449.02880859
22700 7443.80859375
22760 7435.82714844
22821 7428.84716797
22881 7422.92822266
22941 7416.80615234
23001 7407.63085938
23061 7400.99169922
23121 7395.08398438
23169 7390.42871094
23217 7384.16357422
23277 7376.96533203
23337 7370.75488281
23397 7363.62402344
23457 7357.81591797
23517 7350.54638672
23577 7343.35742188
23637 7335.82568359
23697 7328.80419922
23758 7322.81152344
23818 7315.52050781
23878 7307.19433594
23938 7299.46142578
23998 7294.90527344
24058 7287.10839844
24118 7279.26367188
24178 7271.95703125
24238 7267.88769531
24299 7260.62402344
24359 7252.38818359
24419 7245.24365234
24479 7237.46435547
24539 7230.26367188
24599 7224.28173828
24659 7218.36962891
24719 7213.20996094
24780 7205.98193359
24840 7197.64697266
24900 7189.72216797
24960 7183.73876953
25020 7175.60742188
25080 7167.13378906
25140 7162.89746094
25200 7155.92871094
25260 7150.28369141
25321 7142.99023438
25381 7137.24804688
25441 7132.91748047
25501 7123.5234375
25561 7118.34667969
25621 7112.04736328
25681 7103.02099609
25741 7095.98632812
25801 7090.50390625
25862 7083.58007812
25922 7080.09375
25982 7073.20556641
26042 7068.3203125
26093 7062.92871094
26145 7058.50390625
26180 7054.74658203
26215 7049.85400391
26275 7044.25634766
26335 7038.51074219
26395 7032.99853516
26455 7025.83789062
26515 7019.93945312
26576 7012.43896484
26636 7004.70556641
26696 6998.890625
26756 6994.82275391
26816 6986.86865234
26876 6980.92675781
27177 6945.93701172
27237 6939.359375
27297 6933.74462891
27357 6929.57617188
27417 6922.83007812
27477 6915.54003906
27537 6907.75830078
27597 6902.00146484
27657 6895.56054688
27717 6890.40576172
27777 6884.26855469
27837 6877.71875
27898 6870.00537109
27958 6865.15869141
28018 6858.13720703
28078 6850.69726562
28138 6844.99365234
28198 6837.25390625
28258 6831.72363281
28318 6826.85351562
28378 6821.26318359
28439 6815.12744141
28499 6809.38574219
28559 6802.39599609
28619 6797.82177734
28679 6791.90136719
28739 6785.66113281
28799 6776.82275391
28859 6770.58203125
28919 6767.08447266
28980 6761.50878906
29040 6757.14550781
29100 6752.19824219
29160 6746.28808594
29581 6860.33886719
29641 6852.72021484
29701 6845.06542969
29761 6839.57324219
29821 6832.42773438
29881 6827.37353516
29941 6820.77099609
30001 6812.15136719
30062 6808.64404297
30122 6798.546875
30182 6792.34179688
30242 6787.94824219
30302 6781.63378906
30350 6778.78808594
30383 6776.54052734
30429 6770.85253906
30489 6763.859375
30549 6757.28515625
30609 6750.86621094
30669 6745.68945312
30729 6738.33251953
30789 6730.625
30850 6725.81640625
30910 6719.77832031
30970 6713.15820312
31030 6707.42773438
31075 6702.07275391
31120 6699.15332031
31165 6693.95556641
31211 6689.30224609
31271 6682.61279297
31331 6679.45410156
31391 6670.21386719
31451 6665.48828125
31511 6660.01416016
31571 6653.85400391
31631 6647.328125
31692 6641.84472656
31752 6635.87890625
31812 6628.98535156
31872 6623.72851562
31932 6617.01855469
31992 6612.39306641
32052 6605.60986328
32112 6600.09814453
32172 6594.07324219
32233 6588.61083984
32293 6581.21630859
32353 6575.31591797
32413 6568.91455078
32473 6563.57519531
32533 6557.20947266
32593 6551.41064453
32653 6546.12939453
32713 6542.08984375
32774 6536.24267578
32834 6529.5
32894 6522.69580078
32954 6516.23095703
33014 6511.59082031
33074 6503.98486328
33134 6500.43505859
33194 6493.45507812
33254 6489.14160156
33315 6483.34033203
33375 6476.91210938
33435 6472.31298828
33495 6466.0859375
33555 6459.63574219
33615 6454.40429688
33675 6447.97753906
33735 6441.52929688
33795 6438.26318359
33856 6432.0703125
33916 6426.27734375
33976 6421.07617188
34036 6415.95458984
34096 6410.71386719
34156 6404.78417969
34216 6398.88232422
34276 6392.01074219
34336 6387.43603516
34397 6384.09472656
34457 6378.14697266
34517 6372.44189453
34577 6365.72216797
34637 6361.56640625
34697 6354.77490234
34757 6348.89355469
34817 6344.14990234
35118 6318.17089844
35178 6312.85986328
35238 6305.359375
35298 6300.12792969
35358 6294.99511719
35419 6290.0703125
35479 6284.71533203
35539 6278.43164062
35599 6273.10839844
35659 6268.56982422
35711 6263.54980469
35764 6256.54931641
35824 6253.45605469
35884 6248.78564453
35944 6242.3203125
36005 6236.28515625
36065 6231.56103516
36125 6225.96191406
36185 6221.55175781
36245 6215.86279297
36305 6211.68896484
36365 6206.05126953
36425 6199.73486328
36485 6192.30664062
36546 6188.43164062
36606 6182.94921875
36666 6178.95996094
36726 6174.31835938
36786 6169.46289062
36906 6152.83251953
36966 6149.91650391
37026 6145.68554688
37087 6141.87646484
37147 6135.16845703
37207 6130.87695312
37267 6124.79882812
37302 6120.88134766
37313 6118.70898438
37348 6117.65771484
37409 6112.95361328
37469 6109.57666016
37529 6103.48193359
37589 6097.34375
37649 6090.62988281
37709 6087.83105469
37769 6083.39648438
37829 6077.66845703
37890 6070.30175781
37950 6066.1640625
38010 6062.08105469
38070 6056.40136719
38130 6052.44433594
38190 6047.38525391
38250 6039.15039062
38310 6034.90087891
38370 6030.05566406
38431 6025.21484375
38491 6019.08007812
38551 6013.84667969
38611 6009.80517578
38671 6004.05224609
38731 6000.10400391
38791 5994.72900391
38851 5988.97558594
38911 5982.64013672
38972 5981.09033203
39032 5975.62011719
39092 5970.89404297
39152 5965.52294922
39212 5959.96826172
39272 5955.43505859
39332 5950.21875
39392 5945.43603516
39452 5938.72363281
39513 5935.40673828
39573 5931.55175781
39633 5925.55712891
39693 5919.44238281
39753 5915.49804688
39813 5906.79296875
39873 5898.76660156
39933 5893.63232422
39993 5888.75976562
40054 5885.21630859
40114 5881.56494141
40174 5875.65136719
40225 5870.61083984
40277 5865.59423828
40337 5860.83447266
40397 5856.09521484
40457 5851.31201172
40517 5846.64306641
40577 5842.89160156
40637 5838.33007812
40698 5832.29443359
40758 5827.18066406
40818 5823.61083984
40878 5819.74316406
40938 5813.92529297
40998 5809.45605469
41058 5805.23876953
41118 5802.28515625
41178 5796.81689453
41239 5789.75195312
41299 5785.15429688
41359 5780.59765625
41419 5776.12158203
41479 5772.17919922
41539 5767.69775391
41599 5762.98242188
41660 5757.53125
41720 5752.77197266
41781 5748.20361328
41841 5744.75439453
41902 5740.87158203
41962 5736.28466797
42084 5737.11572266
42204 5734.80029297
42271 5726.98632812
42337 5715.87890625
42398 5709.12207031
42458 5705.33496094
42518 5701.12304688
42578 5696.62548828
42638 5690.73730469
42698 5685.66015625
42758 5681.54736328
42818 5675.91503906
42878 5670.54248047
42939 5667.62353516
42999 5664.79589844
43059 5659.24365234
43119 5653.625
43179 5647.93701172
43239 5644.22216797
43299 5641.99902344
43359 5637.35644531
43420 5631.86132812
43480 5626.32324219
43540 5620.47851562
43600 5617.01171875
43660 5613.89697266
43720 5610.57861328
43780 5607.66552734
