0 10214.4677734
301 10169.6103516
1188 9877.359375
1637 9830.58203125
2213 9689.45703125
2248 9680.01953125
2669 9583.10742188
3247 9453.86132812
3283 9447.04589844
4305 9223.87695312
4846 9102.50976562
4906 9092.80761719
4967 9088.89746094
5027 9081.57910156
5087 9073.76269531
5147 9069.74316406
5207 9059.94824219
5267 9053.51464844
5327 9045.19921875
5382 9036.43554688
5797 8978.64746094
5857 8969.23828125
5917 8959.53710938
6037 8934.67578125
6097 8924.67871094
6258 8891.56054688
6300 8883.79003906
6420 8865.4453125
6660 8815.32910156
6721 8805.30859375
6781 8795.23730469
6901 8773.61621094
7021 8751.10058594
7081 8740.81738281
7322 8695.2421875
7382 8690.43652344
7502 8667.8203125
7863 8608.8515625
7983 8587.53808594
8404 8792.14160156
8584 8759.39550781
8644 8749.4375
8704 8741.00878906
8764 8731.22167969
8879 8712.57421875
8939 8703.30761719
8999 8693.76757812
9059 8683.61132812
9179 8663.87695312
9239 8653.49121094
9420 8622.25488281
9480 8613.50488281
9600 8592.17578125
9660 8583.81835938
9720 8574.27832031
9780 8564.86523438
9900 8542.80664062
9961 8533.4921875
10021 8523.8125
10081 8513.93945312
10141 8504.07617188
10201 8493.84863281
10321 8476.99511719
10381 8467.55371094
10442 8457.00097656
10502 8447.20214844
10562 8439.29589844
10682 8418.62402344
10742 8409.9921875
10798 8400.07910156
10855 8394.11621094
10915 8383.50878906
11035 8367.43261719
11156 8345.59765625
11216 8336.93066406
11276 8327.28027344
11336 8319.70996094
11396 8309.81738281
11456 8302.19628906
11516 8297.56054688
11576 8290.31054688
11697 8265.08789062
11817 8247.47363281
11877 8239.14941406
11937 8230.05078125
11997 8223.82324219
12057 8216.37304688
12117 8208.4375
12218 8190.16162109
12278 8182.81494141
12338 8173.85693359
12519 8142.20458984
12579 8131.73974609
12639 8124.42822266
12699 8115.24707031
12759 8108.69482422
12940 8076.35351562
13000 8065.77978516
13060 8060.45068359
13120 8051.32568359
13180 8042.37060547
13240 8032.66210938
13300 8027.86474609
13360 8018.05517578
13481 8001.61865234
13541 7991.02832031
13601 7984.72460938
13661 7974.82617188
13721 7967.11181641
13781 7959.04443359
13841 7951.56933594
13877 7948.40429688
13912 7942.30957031
13972 7933.51708984
14032 7923.87109375
14092 7915.42822266
14152 7910.15380859
14213 7902.5703125
14273 7892.90722656
14333 7882.56884766
14393 7873.74804688
14453 7867.13964844
14513 7858.07275391
14573 7849.72802734
14693 7832.4921875
14754 7826.21533203
14814 7819.63574219
14874 7813.34130859
15475 7946.33789062
15535 7940.31494141
15655 7919.45117188
15715 7913.05957031
15775 7904.77050781
15836 7895.59423828
15956 7876.51318359
16016 7869.69775391
16058 7865.74267578
16100 7860.65136719
16145 7851.953125
16191 7845.24072266
16251 7838.38427734
16311 7830.07568359
16371 7822.16455078
16431 7814.13134766
16492 7803.79541016
16552 7796.68261719
16612 7786.22314453
16672 7779.3046875
16732 7772.265625
16792 7762.82470703
16852 7753.06201172
16912 7746.71630859
16972 7737.33056641
17032 7729.14453125
17093 7724.37011719
17153 7717.48876953
17273 7696.88769531
17333 7689.57324219
17393 7682.92138672
17453 7675.87792969
17513 7666.72070312
17573 7658.015625
17634 7648.48828125
17694 7639.65283203
17754 7634.10009766
17814 7627.08203125
17874 7617.58203125
17934 7610.76367188
17994 7601.91015625
18054 7596.15332031
18115 7588.34863281
18175 7580.99560547
18235 7573.33789062
18295 7562.85595703
18355 7556.13330078
18415 7550.85302734
18475 7540.671875
18535 7533.06103516
18595 7526.34130859
18655 7518.22460938
18716 7511.61376953
18776 7504.00292969
18836 7496.71728516
18896 7489.82373047
18956 7481.61669922
19016 7475.52587891
19076 7466.74609375
19136 7457.36669922
19196 7449.91748047
19257 7444.49023438
19292 7440.62597656
19327 7434.73730469
19387 7427.58105469
19447 7420.14404297
19508 7414.13671875
19568 7406.52392578
19628 7398.78320312
19688 7390.79199219
19748 7383.47998047
19808 7375.59082031
19868 7369.06298828
19928 7362.80566406
19988 7354.58007812
20049 7345.17578125
20109 7337.72216797
20169 7329.60205078
20229 7323.94628906
20289 7315.86767578
20349 7309.39990234
20409 7300.66455078
20469 7293.16455078
20529 7283.76855469
20590 7278.18505859
20650 7272.00390625
20710 7266.53955078
20770 7261.45605469
20830 7255.78076172
20890 7249.50146484
20950 7241.22363281
21010 7233.07617188
21070 7225.77197266
21131 7216.03417969
21191 7213.27539062
21251 7205.28564453
21311 7197.26855469
21371 7192.31591797
21431 7181.75048828
21491 7176.85058594
21551 7169.82373047
21611 7163.63330078
21672 7156.22265625
21732 7148.15234375
21792 7139.92236328
21852 7135.92480469
21912 7129.48925781
21972 7120.49511719
22032 7112.95556641
22092 7107.07763672
22152 7101.89013672
22213 7093.17285156
22273 7089.97998047
22333 7082.30371094
22393 7073.20361328
22453 7067.40527344
22513 7060.72607422
22573 7053.70996094
22633 7048.11816406
22693 7043.05615234
22754 7036.98193359
22814 7028.49658203
22874 7020.76855469
22934 7017.23583984
22994 7009.27490234
23054 7001.02978516
23114 6995.23876953
23174 6988.88134766
23235 6980.77978516
23295 6972.70947266
23355 6968.17675781
23415 6961.92626953
23475 6952.94091797
23531 6947.50097656
23587 6942.61132812
23647 6933.81201172
23707 6927.85546875
23767 6919.96582031
23887 6904.91601562
23947 6899.70654297
24007 6891.61523438
24068 6885.77490234
24128 6880.31982422
24188 6873.11035156
24248 6866.50097656
24308 6859.59912109
24368 6851.73242188
24428 6846.31884766
24488 6839.92675781
24549 6833.60449219
24609 6828.35302734
24669 6820.12353516
24729 6812.59619141
24789 6806.07568359
24849 6799.7109375
24909 6792.70751953
24969 6786.94726562
25029 6782.72265625
25090 6774.8515625
25150 6768.04882812
25510 6744.95214844
25570 6737.02539062
25631 6729.69580078
25691 6723.53027344
25751 6717.34472656
25811 6711.69580078
25871 6704.70410156
25931 6697.79492188
25991 6691.99804688
26051 6686.55615234
26111 6679.31689453
26171 6673.94287109
26232 6668.40429688
26292 6661.97363281
26352 6654.65380859
26412 6650.5234375
26472 6641.79785156
26652 6625.01025391
26712 6619.64013672
26773 6613.50244141
26833 6606.8828125
26893 6601.24267578
26953 6595.80566406
27013 6590.61132812
27073 6582.47363281
27133 6578.84667969
27193 6572.15039062
27253 6564.63916016
27314 6558.9140625
27374 6551.97753906
27434 6545.44384766
27494 6539.39990234
27554 6539.17919922
27614 6530.6875
27674 6522.15576172
27734 6516.48925781
27794 6512.73388672
27855 6508.25097656
27915 6502.45800781
27975 6496.79052734
28035 6491.24023438
28095 6486.77880859
28155 6479.36572266
28215 6472.92919922
28275 6466.75927734
28335 6459.203125
28396 6454.40722656
28456 6449.47607422
28516 6443.625
28997 6554.63476562
29057 6547.63037109
29117 6539.76708984
29177 6535.02294922
29237 6528.19580078
29297 6519.14306641
29417 6502.67480469
29478 6497.16699219
29538 6490.74902344
29598 6486.73876953
29658 6480.17871094
29718 6474.11230469
29778 6466.85644531
29838 6463.859375
29898 6457.33398438
29959 6451.49755859
30019 6441.40332031
30079 6440.07128906
30139 6433.36083984
30199 6429.83496094
30259 6423.58496094
30319 6418.83837891
30379 6411.06347656
30439 6403.50244141
30500 6401.56640625
30560 6396.08203125
30620 6390.25097656
30680 6381.04150391
30740 6376.06103516
30800 6372.22070312
30860 6367.61425781
30910 6365.13183594
30960 6355.85009766
31020 6350.625
31080 6343.87695312
31134 6342.14648438
31188 6335.76611328
31248 6329.16552734
31308 6322.44726562
31368 6315.99951172
31428 6312.47900391
31488 6306.66357422
31549 6299.00732422
31609 6292.10644531
31669 6286.9140625
31729 6283.39501953
31789 6276.32275391
31849 6272.85351562
32029 6251.66796875
32090 6246.33691406
32150 6239.15039062
32210 6236.77294922
32270 6232.24414062
32330 6225.10449219
32390 6218.85351562
32450 6215.10107422
32510 6208.78662109
32570 6202.75292969
32631 6197.33789062
32691 6189.88525391
32751 6188.52246094
32811 6181.51660156
32871 6176.90380859
32931 6168.43652344
32991 6163.30419922
33051 6157.42626953
33111 6155.18359375
33171 6148.26025391
33232 6140.99462891
33292 6137.73779297
33352 6130.89697266
33412 6125.86035156
33472 6119.11376953
33532 6112.40527344
33592 6107.60839844
33652 6100.89746094
33773 6097.90722656
33833 6089.26806641
33893 6084.12890625
33953 6076.89453125
34013 6070.44287109
34073 6064.23388672
34133 6059.6953125
34193 6054.10058594
34494 6045.83984375
34554 6040.31298828
34614 6035.21191406
34674 6028.97363281
34734 6023.30859375
34794 6018.13525391
34855 6012.57373047
34903 6007.67236328
34952 6004.17724609
35012 5999.32373047
35072 5993.91601562
35132 5988.80810547
35193 5984.04785156
35253 5978.49072266
35313 5971.109375
35373 5966.53808594
35433 5961.61181641
35493 5955.42138672
35553 5949.73974609
35613 5946.39111328
35673 5940.8984375
35709 5936.05761719
35744 5933.06689453
35804 5927.31933594
35864 5921.59863281
35924 5917.57226562
35985 5913.26855469
36045 5907.85595703
36105 5902.56103516
36165 5898.37451172
36225 5891.63378906
36285 5886.12011719
36345 5880.18408203
36405 5877.21142578
36465 5871.21630859
36526 5865.83789062
36586 5858.14501953
36646 5853.65820312
36706 5848.67919922
36768 5845.57958984
36804 5840.99462891
36864 5836.32714844
36924 5831.35058594
36984 5824.69140625
37044 5818.13525391
37104 5813.04296875
37164 5807.00830078
37224 5802.13037109
37284 5795.47851562
37345 5791.08105469
37405 5785.94482422
37465 5781.20898438
37525 5773.859375
37585 5766.97607422
37705 5761.31054688
37765 5753.16503906
37825 5747.35595703
37886 5741.12841797
37946 5736.671875
38006 5733.42041016
38066 5727.64355469
38126 5723.34033203
38186 5714.8359375
38246 5711.77490234
38306 5706.38378906
38366 5700.40673828
38487 5696.12109375
38547 5689.01708984
38607 5685.48486328
38667 5679.05322266
38787 5672.88232422
38847 5668.48632812
38907 5660.41259766
38968 5655.26416016
39028 5651.70654297
39088 5646.07763672
39148 5640.63623047
39208 5634.75732422
39268 5629.46826172
39328 5624.65917969
39388 5621.95214844
39448 5615.8125
39509 5610.50292969
39569 5606.75683594
39629 5601.81787109
39689 5595.69287109
39749 5592.375
39809 5587.59814453
39869 5581.44238281
39929 5577.78369141
39989 5575.04736328
40050 5572.34960938
40110 5564.14160156
40170 5561.40429688
40230 5560.38183594
40290 5556.87158203
40350 5553.46142578
40410 5548.92822266
40470 5543.55273438
40531 5541.03369141
40591 5539.32226562
40651 5536.67480469
40711 5532.46240234
40771 5525.87695312
40831 5521.68652344
40891 5519.71240234
40951 5517.1484375
41012 5514.27294922
41072 5507.89111328
41132 5503.65966797
41192 5499.7421875
41252 5493.80566406
41312 5489.65234375
41432 5491.72021484
41553 5492.1015625
41673 5476.22119141
41733 5466.64648438
41793 5462.16894531
41853 5459.38085938
41913 5453.12792969
41973 5449.66064453
42033 5444.56103516
42094 5441.85058594
42154 5438.60693359
42214 5433.88427734
42274 5430.31152344
42334 5425.9140625
42394 5421.26904297
42454 5417.32910156
42514 5413.04931641
42695 5399.48144531
