0 10243.9052734
699 10064.390625
729 10055.4296875
857 10017.5546875
1343 9850.66113281
1369 9843.90039062
1400 9836.52050781
2827 9473.70996094
3037 9425.26660156
3217 9372.51269531
4194 9137.86230469
4966 8917.16210938
5026 8908.4453125
5133 8899.15136719
5193 8891.68066406
5854 9002.15917969
6035 8970.80175781
6095 8961.5
6455 8895.33300781
6696 8854.24511719
6876 8821.71875
6936 8812.8125
7117 8781.60644531
7477 8949.3046875
7537 8940.234375
7778 8940.19824219
7958 8902.76953125
8018 8896.578125
8138 8877.72363281
8319 8844.703125
8379 8835.296875
8499 8814.13085938
8680 8772.20019531
8740 8762.89355469
8789 8755.90429688
8874 8736.28222656
9029 8706.69628906
9270 8665.12695312
9450 8632.01171875
9751 8580.0546875
9811 8571.9375
9871 8562.13085938
9931 8552.76464844
10111 8529.93457031
10532 8450.17382812
10770 8408.29003906
10830 8399.84082031
11010 8366.87109375
11070 8358.52050781
11130 8351.04785156
11311 8317.40527344
11371 8308.09179688
11731 8244.515625
11792 8237.64550781
11912 8222.06738281
12032 8202.53808594
12092 8194.14648438
12152 8184.83105469
12513 8127.13720703
12633 8115.49609375
12813 8085.70751953
12874 8077.51708984
12994 8060.40966797
13054 8057.22314453
13114 8050.72509766
13174 8047.29736328
13234 8040.86669922
13294 8034.69384766
13415 8015.56445312
13475 8012.06005859
13595 7992.47363281
13655 7986.04199219
13715 7978.12353516
13775 7972.88769531
13835 7969.44238281
13896 7960.22314453
13956 7951.14892578
14016 7941.70361328
14067 7933.42529297
14119 7927.48681641
14179 7919.74804688
14239 7914.90917969
14299 7907.09472656
14419 7889.76220703
14479 7881.93457031
14539 7875.65869141
14600 7866.50146484
14660 7858.76513672
14720 7849.765625
15201 8031.24365234
15381 8003.04101562
15441 7995.64892578
15501 7986.15722656
15561 7977.81005859
15621 7970.48388672
15682 7961.12841797
15742 7952.12451172
15802 7945.59277344
15982 7917.45458984
16042 7908.00488281
16102 7903.03466797
16162 7894.92236328
16223 7886.2734375
16283 7877.71679688
16403 7857.82373047
16463 7849.18896484
16523 7840.18554688
16583 7834.92626953
16704 7817.64160156
16824 7799.20703125
16884 7791.87158203
16944 7784.92919922
17064 7765.92382812
17124 7762.43408203
17184 7753.83837891
17226 7746.8671875
17267 7741.77929688
17327 7734.92041016
17388 7728.36132812
17508 7710.15429688
17568 7703.35498047
17628 7695.81347656
17688 7687.79248047
17748 7678.84472656
17808 7671.12158203
17868 7664.14306641
17928 7657.31396484
17989 7649.09423828
18049 7640.54150391
18169 7623.64013672
18229 7616.55078125
18289 7608.0546875
18349 7599.79003906
18409 7591.84228516
18590 7567.57275391
18650 7561.13671875
18710 7554.19921875
18770 7547.31591797
18830 7538.41210938
18890 7529.49755859
18950 7520.05371094
19010 7512.03271484
19071 7506.90039062
19131 7499.16552734
19191 7490.20117188
19251 7482.58349609
19311 7473.32177734
19371 7467.79492188
19431 7462.41113281
19491 7452.67919922
19535 7448.87207031
19578 7442.28808594
19639 7434.65576172
19699 7425.59375
19759 7419.54785156
19819 7411.47412109
19879 7403.68310547
19939 7395.86132812
19999 7390.11816406
20060 7382.85839844
20120 7374.83886719
20180 7366.79931641
20240 7360.12109375
20300 7351.45117188
20360 7345.14892578
20420 7340.26123047
20480 7331.72851562
20540 7324.31347656
20601 7314.8671875
20661 7308.71582031
20721 7301.109375
20781 7294.30419922
20841 7287.86376953
20901 7279.07910156
20961 7272.81640625
21322 7229.09912109
21382 7221.07861328
21442 7211.58203125
21502 7206.48291016
21562 7197.66796875
21622 7191.02001953
21683 7184.64941406
21743 7175.88525391
21803 7167.38085938
21863 7161.74951172
21923 7152.69970703
21983 7146.63671875
22043 7139.06982422
22103 7131.75732422
22163 7123.44580078
22284 7108.22265625
22344 7102.61230469
22404 7095.88134766
22464 7088.4609375
22524 7080.06201172
22584 7071.86181641
22644 7066.16748047
22704 7059.76220703
22765 7050.31738281
22825 7041.66503906
22885 7034.76855469
22945 7029.61279297
23005 7021.52587891
23065 7015.73339844
23125 7009.93359375
23245 6991.77392578
23306 6985.71337891
23366 6976.33544922
23426 6970.56835938
23486 6961.60107422
23546 6956.96386719
23606 6950.37060547
23646 6945.42041016
23685 6940.29736328
23746 6934.81787109
23806 6929.49560547
23866 6922.57421875
23926 6918.89257812
23986 6914.84082031
24046 6909.13134766
24106 6902.87890625
24166 6896.11132812
24226 6889.73632812
24287 6883.13378906
24347 6877.95703125
24407 6871.10595703
24467 6865.51904297
24527 6856.31689453
24587 6851.81738281
24647 6847.30859375
24707 6843.01416016
24767 6836.14697266
24828 6830.54833984
24888 6825.28710938
24948 6819.15869141
25008 6811.96923828
25068 6805.49121094
25128 6798.86328125
25188 6793.20947266
25248 6787.60986328
25308 6780.4921875
25369 6773.95800781
25429 6767.16455078
25489 6763.23828125
25549 6756.83398438
25609 6751.21386719
25669 6744.68701172
25729 6737.24072266
25789 6730.77392578
25849 6722.47314453
25910 6717.37207031
25970 6709.28662109
26090 6691.77246094
26150 6685.50048828
26210 6678.85058594
26270 6673.10986328
26330 6665.43408203
26390 6659.40917969
26451 6654.60302734
26511 6647.02392578
26571 6639.78466797
26631 6639.28027344
26691 6630.57861328
26751 6625.06347656
26811 6620.73388672
26871 6618.37402344
26931 6615.23779297
26992 6609.86132812
27052 6603.93359375
27112 6599.25976562
27172 6594.41552734
27232 6589.796875
27292 6582.48388672
27352 6581.31005859
27412 6577.81982422
27472 6571.73779297
27533 6565.43066406
27593 6562.72705078
27653 6553.58984375
27713 6547.56982422
27773 6540.3671875
27833 6538.50390625
27893 6532.64160156
27953 6527.71142578
28013 6521.76025391
28074 6513.03369141
28134 6510.3125
28194 6504.05029297
28254 6497.80761719
28314 6494.11425781
28374 6485.63720703
28434 6477.49462891
28494 6476.53320312
28554 6471.35351562
28615 6462.91992188
28675 6456.11083984
28727 6451.03125
28780 6444.94677734
28840 6442.10058594
29261 6564.54931641
29321 6561.77539062
29381 6554.98974609
29441 6548.55322266
29502 6543.50683594
29562 6537.09033203
29622 6532.55810547
29682 6524.48925781
29742 6518.18896484
29802 6512.30761719
29862 6508.11132812
29922 6502.25195312
29982 6494.77832031
30043 6488.10205078
30103 6482.55224609
30163 6476.92675781
30223 6468.52001953
30283 6462.73388672
30343 6459.33056641
30403 6453.45458984
30463 6445.35498047
30523 6439.49414062
30584 6432.49462891
30636 6426.234375
30689 6421.50244141
30749 6414.33154297
30809 6409.87988281
30864 6405.64746094
30920 6398.25830078
30967 6394.97949219
30979 6393.171875
31014 6389.65136719
31074 6385.19335938
31134 6378.43359375
31194 6372.75537109
31255 6368.10791016
31315 6360.93115234
31375 6354.71533203
31435 6349.21875
31495 6343.63037109
31555 6338.57080078
31615 6332.41845703
31675 6325.69482422
31711 6321.88916016
31734 6320.98486328
31783 6315.69433594
31843 6310.53173828
31903 6304.89746094
31963 6299.41552734
32023 6292.18457031
32083 6286.13574219
32143 6281.74609375
32204 6277.01855469
32261 6271.82470703
32319 6265.16210938
32380 6260.02587891
32436 6254.25097656
32492 6248.63232422
32552 6242.35351562
32612 6237.78613281
32672 6230.08691406
32732 6225.77929688
32792 6220.796875
32853 6214.20605469
32913 6207.85791016
32973 6200.78173828
33033 6193.55664062
33093 6189.22949219
33153 6182.09863281
33213 6179.78320312
33273 6172.53613281
33333 6166.54248047
33394 6161.32324219
33454 6153.21289062
33514 6148.03857422
33574 6143.54394531
33634 6137.46289062
33694 6131.28027344
33754 6124.45556641
33814 6118.90087891
33874 6112.50048828
33935 6106.64941406
33995 6099.32128906
34055 6094.81591797
34115 6089.86181641
34175 6081.89160156
34235 6077.82861328
34295 6070.98730469
34415 6071.21142578
34476 6068.62988281
34536 6064.32226562
34596 6059.74658203
34656 6053.08251953
34716 6049.25244141
34776 6044.20019531
34836 6038.28955078
34896 6033.91748047
34956 6028.50585938
35017 6023.09228516
35077 6019.50585938
35137 6012.91796875
35197 6007.98535156
35257 6004.54882812
35317 5998.02050781
35377 5992.56738281
35437 5986.23486328
35497 5982.06689453
35558 5976.28857422
35618 5972.12304688
35678 5966.48388672
35738 5960.24462891
35784 5957.60791016
35831 5952.58886719
35891 5948.04296875
35951 5941.24267578
36011 5936.02929688
36071 5930.75390625
36132 5925.47460938
36192 5920.34326172
36252 5912.81103516
36312 5907.20507812
36372 5904.13720703
36432 5898.79052734
36492 5893.14941406
36552 5889.85986328
36613 5883.4375
36673 5878.06835938
36733 5870.66503906
36793 5864.46191406
36853 5861.14599609
36913 5855.74707031
36973 5850.140625
37033 5844.00390625
37093 5837.96289062
37154 5832.90136719
37214 5828.54638672
37274 5821.13671875
37334 5816.53808594
37394 5811.72900391
37454 5805.52490234
37514 5799.36767578
37574 5793.14550781
37634 5786.77539062
37695 5783.97949219
37755 5777.76464844
37815 5773.91308594
37875 5768.35449219
37935 5763.84960938
37995 5759.11474609
38055 5754.68164062
38115 5748.10009766
38176 5745.27197266
38236 5740.73974609
38296 5736.20849609
38356 5728.09326172
38416 5722.89941406
38476 5717.89794922
38536 5713.84619141
38596 5708.53369141
38656 5703.69433594
38717 5700.63427734
38777 5695.75683594
38837 5690.36816406
38897 5685.93310547
38957 5681.41699219
39017 5675.97607422
39197 5659.17041016
39257 5656.98730469
39318 5651.18945312
39378 5644.43505859
39438 5641.51855469
39498 5636.36962891
39845 5632.72314453
39905 5627.20068359
39966 5622.91748047
40026 5618.45166016
40086 5612.39941406
40146 5606.6328125
40206 5603.27148438
40266 5599.36572266
40326 5593.76660156
40386 5589.99414062
40446 5583.77832031
40507 5579.17285156
40567 5575.23779297
40627 5571.08349609
40687 5565.58740234
40747 5559.69628906
40807 5556.29638672
40867 5551.95458984
40927 5546.26367188
40987 5543.12597656
41048 5538.06396484
41108 5533.24365234
41168 5527.35839844
41228 5523.60888672
41288 5520.19824219
41348 5515.26660156
41408 5509.18017578
41468 5504.35449219
41528 5499.74169922
41589 5496.02636719
41649 5493.18554688
41709 5487.67773438
41769 5482.40234375
41829 5479.70068359
41889 5474.09570312
41949 5470.39160156
42009 5465.67236328
42069 5461.35498047
42118 5458.16552734
42167 5456.06005859
42227 5450.2734375
42287 5445.73291016
42347 5440.36376953
42408 5435.99316406
42468 5430.09375
42528 5426.17089844
42588 5424.18261719
42648 5418.30273438
42708 5412.72607422
42768 5408.28759766
42828 5404.45996094
42888 5399.67285156
42949 5395.18457031
43009 5388.76953125
43069 5385.77734375
43129 5383.92675781
43189 5380.87548828
43249 5375.64746094
43309 5370.90136719
43369 5366.86816406
43429 5363.55761719
43490 5359.1328125
43550 5354.7265625
43610 5351.42285156
43670 5346.35791016
43730 5343.20849609
43790 5338.01806641
43850 5333.99267578
43910 5329.37695312
43971 5325.61132812
44031 5320.99853516
44066 5319.30126953
44101 5317.85302734
44162 5312.82226562
44222 5308.44726562
44282 5303.55322266
44342 5299.47998047
44402 5294.95458984
44462 5291.65869141
44522 5288.16113281
44582 5284.29150391
44643 5278.91748047
44703 5274.25390625
44763 5269.90917969
44823 5265.82226562
44883 5265.23388672
45003 5269.24609375
45123 5255.54345703
45184 5246.25927734
45244 5242.85205078
45304 5239.10791016
45364 5233.79541016
45424 5228.90771484
45484 5226.30566406
45544 5221.35986328
45604 5218.30712891
45664 5215.62402344
45725 5211.76074219
45785 5205.67285156
45845 5201.11523438
45905 5197.37597656
45965 5190.74707031
46025 5189.58251953
46085 5186.09375
46145 5182.97949219
46205 5178.90380859
46266 5173.65185547
46326 5169.39257812
46386 5164.40966797
46446 5161.13037109
46506 5158.06835938
46566 5154.67480469
46626 5149.70800781
46686 5145.01513672
46746 5141.34033203
46807 5138.28613281
46842 5135.34033203
46877 5132.84814453
46937 5128.78662109
