0 10618.9570312
120 10592.6845703
252 10571.0380859
443 10448.7080078
984 10237.0185547
1405 10206.8789062
1585 10159.9560547
1645 10144.4951172
1706 10131.6230469
1826 10103.9707031
1886 10087.6240234
1946 10071.1523438
2006 10054.4287109
2126 10020.0771484
2187 10004.2900391
2247 9989.29589844
2307 9972.52441406
2425 9940.46386719
2485 9929.39355469
2545 9911.50390625
2605 9895.13085938
2665 9881.30273438
2725 9866.31445312
2845 9835.76464844
2966 9801.1796875
3026 9788.82910156
3086 9774.95214844
3146 9758.26953125
3206 9743.12109375
3326 9707.2109375
3386 9699.56835938
3447 9684.06542969
3567 9660.16796875
3627 9644.03417969
3687 9633.58203125
3747 9624.63574219
3807 9609.68066406
3867 9594.62988281
3927 9584.78710938
4288 9534.08398438
4348 9522.1015625
4408 9507.62695312
4468 9499.27734375
4529 9487.71386719
4589 9471.296875
4638 9460.671875
4688 9448.14355469
4749 9436.62011719
4809 9422.85546875
4869 9408.77246094
4929 9393.80664062
4989 9380.58691406
5049 9367.97363281
5230 9327.91601562
5290 9315.9765625
5350 9304.49902344
5410 9292.38867188
5470 9279.41113281
5530 9264.69238281
5590 9251.046875
5650 9239.66015625
5711 9225.75683594
5771 9211.18847656
5831 9197.86914062
5951 9162.72070312
6011 9152.29199219
6071 9139.0625
6131 9121.74804688
6191 9113.52734375
6252 9097.68554688
6312 9086.3515625
6372 9076.15917969
6432 9062.70996094
6492 9051.55175781
6552 9040.70898438
6612 9027.46484375
6672 9017.21972656
6732 9008.27636719
6793 8995.31738281
7213 9220.21289062
7273 9207.47167969
7394 9175.86328125
7454 9163.11523438
7514 9152.15332031
7574 9141.23632812
7634 9129.23242188
7694 9115.14648438
7754 9104.51171875
7814 9089.82421875
7874 9078.77929688
7935 9063.62890625
7995 9049.88378906
8055 9036.08984375
8115 9025.48339844
8175 9012.2109375
8235 8998.69628906
8295 8989.76757812
8355 8977.93652344
8415 8968.49707031
8476 8957.72460938
8519 8949.27441406
8562 8941.72851562
8623 8931.95898438
8683 8920.46875
8743 8909.93652344
8803 8899.27148438
8863 8887.87890625
8923 8878.01074219
8983 8867.89648438
9043 8861.22167969
9104 8849.58203125
9164 8839.88085938
9224 8827.52441406
9284 8814.12304688
9325 8806.34082031
9345 8803.24414062
9366 8798.96289062
9409 8793.51464844
9469 8784.23046875
9529 8772.03027344
9589 8762.23339844
9649 8749.85644531
9709 8741.11914062
9769 8730.00292969
9829 8717.20996094
9890 8705.0625
9950 8695.41894531
10010 8683.84960938
10070 8675.3671875
10130 8663.92773438
10190 8652.99902344
10250 8643.19824219
10310 8630.89453125
10370 8620.01367188
10431 8611.92773438
10491 8601.1640625
10551 8589.7734375
10611 8580.66210938
10671 8566.59082031
10731 8557.13574219
10791 8549.20800781
10851 8533.76855469
10911 8527.11523438
10971 8515.20605469
11032 8503.69921875
11092 8496.23242188
11152 8485.99316406
11212 8476.984375
11272 8464.34472656
11332 8457.53125
11392 8447.70996094
11434 8441.39257812
11476 8433.92382812
11537 8424.56152344
11597 8411.20410156
11657 8400.27441406
11717 8391.80078125
11777 8383.11425781
11837 8372.68359375
11897 8365.01074219
11958 8355.62890625
12018 8343.50488281
12078 8334.50878906
12138 8323.96777344
12198 8309.10351562
12258 8300.26464844
12318 8292.96386719
12378 8285.95800781
12438 8276.22460938
12499 8264.0703125
12559 8255.22851562
12619 8245.72558594
12679 8234.12109375
12739 8225.71484375
12799 8214.59863281
12859 8204.64160156
12919 8196.31542969
12979 8189.10791016
13040 8179.4453125
13100 8169.85302734
13160 8159.18261719
13220 8149.39990234
13280 8138.26367188
13340 8132.98779297
13400 8125.09033203
13460 8114.7109375
13521 8104.38964844
13581 8095.83642578
13641 8085.76367188
13701 8076.04980469
13761 8067.22412109
13821 8057.59716797
13881 8048.17724609
13941 8039.59375
14001 8030.70507812
14062 8021.01855469
14122 8012.61083984
14182 8005.06005859
14242 7995.79199219
14302 7989.40332031
14362 7982.29492188
14783 8143.01904297
14843 8133.22900391
14903 8124.73632812
14963 8114.04248047
15023 8106.6796875
15083 8096.95068359
15144 8087.25634766
15204 8075.83398438
15264 8067.17773438
15324 8057.24462891
15384 8048.6953125
15444 8038.21337891
15504 8029.47509766
15564 8020.97460938
15624 8012.51269531
15685 8000.10205078
15745 7992.6875
15805 7983.10546875
15865 7975.75341797
15925 7968.21923828
15985 7957.55615234
16023 7949.89355469
16061 7939.81005859
16121 7931.59326172
16181 7920.95410156
16242 7913.28076172
16302 7903.0625
16362 7893.90625
16422 7882.26025391
16482 7874.36328125
16542 7864.42431641
16588 7861.16699219
16624 7856.74707031
16684 7844.05908203
16744 7837.32177734
16804 7829.60986328
16864 7819.93017578
16924 7809.52539062
16984 7801.58496094
17044 7793.55078125
17104 7783.62744141
17165 7775.87060547
17225 7768.34228516
17285 7756.63232422
17345 7747.49804688
17405 7739.26123047
17465 7729.32763672
17525 7719.57666016
17585 7712.02148438
17645 7702.62451172
17706 7693.27978516
17766 7683.80224609
17826 7674.84716797
17886 7666.80566406
17946 7657.28369141
18006 7649.2109375
18066 7638.58740234
18126 7627.81787109
18186 7619.19140625
18247 7614.25976562
18307 7605.78222656
18367 7594.03759766
18427 7587.3671875
18487 7575.6875
18547 7566.98974609
18607 7558.53662109
18667 7553.38134766
18727 7544.77832031
18788 7540.86035156
18848 7534.72607422
18908 7525.63525391
18968 7518.67822266
19028 7503.96826172
19088 7496.57421875
19148 7495.13867188
19208 7486.19677734
19268 7478.16552734
19329 7471.3984375
19389 7463.53027344
19449 7452.35791016
19499 7450.890625
19550 7443.57275391
19610 7434.51367188
19670 7424.95898438
19731 7418.40185547
19791 7410.53564453
19851 7404.38037109
19911 7396.10693359
19971 7387.38476562
20031 7379.34619141
20091 7371.13769531
20151 7363.95117188
20211 7354.30957031
20272 7347.49951172
20332 7339.94921875
20392 7332.19775391
20452 7325.27197266
20512 7318.30371094
20572 7311.47119141
20632 7301.75439453
20692 7292.97021484
20752 7286.72070312
20813 7276.89257812
20873 7271.21630859
20933 7263.61328125
20993 7256.63671875
21053 7249.44677734
21113 7240.51513672
21173 7233.03613281
21233 7225.94628906
21293 7221.94726562
21354 7214.42285156
21414 7204.54150391
21474 7196.30810547
21534 7189.22705078
21594 7181.75146484
21631 7177.02441406
21668 7176.73925781
21703 7170.43164062
21739 7164.33984375
22100 7131.90234375
22160 7124.89990234
22220 7115.49169922
22280 7109.93212891
22340 7101.32666016
22400 7096.01708984
22460 7088.35107422
22520 7082.01367188
22581 7074.88183594
22641 7068.32470703
22701 7059.96777344
22761 7050.79638672
22821 7044.00146484
22881 7040.14990234
22941 7031.57519531
23001 7023.69287109
23061 7016.39257812
23122 7009.21044922
23182 7003.40380859
23242 6996.92089844
23302 6988.15527344
23362 6980.37011719
23422 6973.25976562
23482 6968.70361328
23542 6959.37402344
23602 6951.53808594
23663 6944.61425781
23699 6941.26171875
23735 6936.62646484
23795 6927.19287109
23855 6919.43164062
23915 6913.00683594
23975 6904.72607422
24036 6901.73583984
24096 6895.43212891
24156 6888.74511719
24216 6883.1953125
24276 6874.859375
24336 6867.25830078
24396 6860.66015625
24456 6853.80908203
24516 6846.13964844
24577 6840.69287109
24637 6832.62402344
24697 6826.07177734
24757 6818.76757812
24817 6811.03515625
24877 6806.66259766
24937 6799.28466797
24997 6791.23583984
25057 6785.67236328
25118 6777.64941406
25178 6771.31591797
25238 6763.78076172
25298 6757.74365234
25358 6751.11230469
25418 6744.55957031
25478 6737.09765625
25538 6731.00244141
25598 6727.72998047
25659 6721.80029297
25719 6714.56201172
25779 6705.53173828
25839 6697.58886719
25899 6691.24267578
25959 6682.80761719
26019 6678.34130859
26079 6673.38330078
26139 6665.49462891
26200 6658.78955078
26260 6654.21826172
26320 6646.51806641
26380 6639.79736328
26440 6634.58789062
26500 6630.99560547
26560 6623.57568359
26620 6614.64355469
26680 6607.53857422
26741 6603.91796875
26801 6596.75097656
26859 6592.00488281
26917 6585.25927734
26977 6578.02978516
27038 6572.94824219
27098 6566.98876953
27158 6561.18017578
27218 6553.69189453
27278 6546.97949219
27338 6541.99023438
27398 6536.51611328
27458 6529.79980469
27519 6522.00195312
27579 6515.72998047
27639 6511.2734375
27699 6505.31689453
27759 6499.30029297
27819 6490.82275391
27879 6485.71826172
27939 6480.94140625
27999 6475.06445312
28060 6469.31005859
28120 6463.31982422
28180 6457.99267578
28240 6452.55908203
28285 6445.671875
28331 6441.28222656
28391 6434.04882812
28451 6430.80273438
28511 6425.07128906
28571 6418.38818359
28631 6412.53808594
28692 6407.14111328
28752 6400.81201172
28812 6394.82324219
28872 6390.00537109
28932 6378.14892578
28992 6373.56445312
29052 6368.34423828
29293 6477.82568359
29353 6469.8671875
29413 6462.36181641
29713 6458.09716797
29773 6452.61083984
29834 6446.87695312
29894 6440.53759766
29954 6435.81298828
30014 6427.35595703
30074 6420.78222656
30134 6416.9296875
30194 6411.36376953
30254 6406.02929688
30315 6398.54052734
30375 6391.51464844
30435 6385.54541016
30495 6378.68505859
30555 6372.88623047
30615 6365.58007812
30675 6361.77636719
30735 6353.99511719
30795 6348.42724609
30855 6341.46484375
30916 6335.75
30976 6330.50244141
31036 6323.31347656
31096 6317.64990234
31156 6311.625
31216 6304.97070312
31276 6299.02001953
31336 6295.54248047
31397 6289.01025391
31457 6282.54101562
31517 6275.31005859
31577 6268.63037109
31637 6261.84326172
31697 6256.21484375
31757 6252.03466797
31817 6245.65380859
31877 6238.86816406
31938 6232.25927734
31998 6226.11230469
32058 6220.40625
32118 6214.82470703
32178 6209.36279297
32238 6203.67138672
32298 6198.11474609
32358 6190.44628906
32418 6186.04736328
32479 6179.65332031
32539 6167.30712891
32599 6165.49462891
32659 6158.95361328
32719 6153.88916016
32779 6147.42480469
32839 6141.07519531
32899 6137.14160156
32959 6131.87939453
33020 6127.74414062
33080 6122.17578125
33140 6116.52978516
33200 6110.875
33260 6103.91064453
33320 6098.34228516
33380 6093.6328125
33440 6087.23486328
33500 6082.38867188
33561 6077.95068359
33621 6071.64453125
33681 6064.08447266
33741 6058.75292969
33801 6053.84667969
33861 6048.734375
33921 6043.02001953
33981 6036.78710938
34041 6031.00585938
34102 6025.43603516
34162 6019.64794922
34222 6015.10595703
34282 6010.265625
34342 6003.51025391
34402 5997.12841797
34462 5992.33203125
34522 5985.19482422
34582 5979.31542969
34643 5974.18310547
34703 5972.61035156
34763 5965.72949219
34823 5960.51660156
34883 5954.22802734
34943 5948.59667969
34990 5941.52587891
35037 5941.04199219
35097 5935.64404297
35157 5927.81542969
35217 5922.16357422
35277 5920.02197266
35338 5914.22070312
35398 5909.47705078
35458 5902.94726562
35518 5897.17871094
35578 5893.07958984
35638 5887.29345703
35698 5880.62548828
35758 5878.03759766
35818 5870.95410156
35879 5866.88525391
35939 5862.35644531
35999 5855.8125
36059 5850.45410156
36119 5846.59326172
36179 5840.18408203
36239 5834.87451172
36299 5829.44677734
36359 5823.86181641
36420 5819.36621094
36480 5812.83496094
36540 5808.55175781
36600 5802.22363281
36660 5796.47705078
36720 5791.77148438
36780 5787.35791016
36840 5781.67089844
36900 5777.84082031
36961 5771.83691406
37021 5765.95849609
37081 5762.04833984
37141 5757.02832031
37201 5752.77392578
37261 5746.86035156
37321 5738.38769531
37381 5734.85742188
37441 5730.13964844
37502 5725.44433594
37562 5719.36621094
37622 5714.73486328
37682 5711.578125
37742 5705.62646484
37802 5700.72363281
37862 5695.73876953
37922 5690.95507812
37982 5686.96386719
38043 5682.95751953
38103 5678.81152344
38163 5673.78710938
38223 5669.94335938
38283 5664.06298828
38343 5659.578125
38403 5654.64453125
38463 5650.52685547
38524 5646.21875
38584 5642.29052734
38644 5636.1484375
38704 5631.71777344
38764 5627.93457031
38824 5620.91455078
38884 5616.84521484
38944 5611.47753906
39004 5606.7734375
39065 5603.13525391
39125 5596.71826172
39185 5591.64453125
39245 5586.77783203
39305 5582.58007812
39365 5578.42773438
39425 5573.54345703
39485 5568.50341797
39545 5563.42578125
39606 5558.50341797
39666 5553.71728516
39726 5549.05712891
39786 5544.60595703
39846 5540.13818359
39906 5534.51025391
39966 5529.94628906
40026 5525.390625
40086 5521.25292969
40147 5517.43066406
40207 5511.58056641
40267 5507.29931641
40327 5502.18457031
40387 5497.38183594
40447 5493.83203125
40507 5490.36962891
40567 5483.36132812
40627 5474.34228516
40688 5470.67089844
40748 5465.78417969
40808 5463.85058594
40868 5459.30322266
40928 5454.16308594
40963 5451.93115234
40998 5449.16552734
41059 5445.33691406
41119 5440.19726562
41179 5435.71386719
41239 5431.59277344
41299 5425.76123047
41359 5420.38330078
41419 5415.83056641
41480 5411.47412109
41540 5408.15869141
41600 5403.69726562
41660 5398.0078125
41720 5393.12011719
41780 5388.82861328
41840 5384.91601562
41900 5380.63476562
41961 5377.05419922
42021 5372.59130859
42081 5367.14257812
42141 5362.22314453
42201 5357.76464844
42261 5353.47314453
42321 5349.00341797
42381 5344.67480469
42441 5340.68505859
42502 5335.93994141
42562 5332.08789062
42622 5326.13330078
42682 5321.79785156
42742 5317.63964844
42802 5313.54052734
42862 5308.5859375
42922 5304.67919922
42982 5299.14746094
43043 5295.19726562
43103 5291.94287109
43163 5285.48388672
43223 5280.33886719
43283 5275.33496094
43343 5271.30761719
43403 5265.62304688
43463 5262.50537109
43523 5256.85888672
43584 5252.63916016
43704 5247.33398438
43824 5245.5234375
43884 5243.89794922
43944 5240.66845703
44004 5226.18603516
44064 5223.34716797
44125 5218.92724609
44185 5217.72021484
44245 5212.64013672
44305 5207.3984375
