0 10441.5507812
120 10404.0019531
1072 10046.2978516
1252 9982.20507812
1358 9928.63085938
1393 9919.70703125
2813 9643.57519531
2849 9633.72070312
4042 9343.77050781
4583 9272.22851562
4763 9235.5234375
5484 9081.33007812
5605 9062.3359375
5905 8991.828125
5965 8983.63964844
6462 8894.08789062
6702 8848.49609375
6822 8826.12402344
7063 8781.05761719
7123 8772.47363281
8205 8841.35644531
8686 8751.79101562
8806 8730.41113281
9046 8684.86425781
9347 8628.34277344
9647 8575.66113281
9888 8533.95703125
9948 8524.859375
10069 8503.83300781
10309 8459.18261719
10369 8449.98925781
10610 8408.97363281
10910 8353.77832031
10970 8345.62207031
11030 8336.04785156
11192 8301.12890625
11234 8295.49707031
11355 8277.24023438
11415 8268.7265625
11716 8214.95800781
11776 8206.234375
11896 8187.234375
12016 8164.87890625
12196 8134.22509766
12257 8126.03271484
12377 8103.68505859
12497 8082.09521484
12557 8075.46289062
12737 8046.82226562
13038 8042.24365234
13158 8023.9375
13218 8016.58886719
13278 8007.90380859
13339 7999.54101562
13459 7980.72412109
13519 7972.1953125
13579 7963.61083984
13639 7954.11865234
13684 7947.81298828
13729 7939.87646484
13789 7930.63867188
13849 7922.43066406
13909 7912.96679688
13969 7904.71533203
14029 7895.58837891
14090 7887.67529297
14150 7879.64404297
14210 7870.97607422
14270 7861.66210938
14390 7844.95849609
14570 7814.56152344
14630 7805.18505859
14691 7798.10400391
14751 7788.90039062
14811 7780.65771484
14871 7776.25878906
14991 7758.34912109
15051 7750.88818359
15111 7741.54980469
15172 7734.61523438
15232 7726.33935547
15292 7719.18164062
15713 7880.83642578
15833 7861.31005859
15893 7852.86132812
15953 7844.76025391
16073 7826.18115234
16193 7806.92333984
16254 7799.39208984
16314 7790.34033203
16374 7780.49072266
16434 7771.90332031
16494 7762.78710938
16554 7755.85839844
16614 7747.20751953
16649 7740.35986328
16668 7736.98095703
16712 7731.18847656
16772 7724.46582031
16832 7715.52099609
16892 7707.51025391
17073 7691.47119141
17193 7693.47753906
17433 7650.46435547
17493 7641.78222656
17674 7612.75634766
17734 7605.0390625
17854 7585.66650391
17914 7576.88574219
17974 7567.71191406
18034 7560.25976562
18094 7552.82714844
18155 7543.80029297
18215 7535.42822266
18275 7527.09960938
18395 7508.30615234
18455 7501.42480469
18515 7494.05175781
18575 7486.08642578
18635 7478.17138672
18756 7461.70556641
18816 7454.57080078
18852 7448.83056641
18889 7444.1640625
