0 11605.0703125
391 11387.8349609
440 11373.7138672
471 11363.6591797
512 11350.4853516
1053 11093.4707031
1113 11071.5029297
1474 10789.1933594
1534 10773.7041016
2015 10543.4462891
2135 10494.6337891
2195 10472.4443359
2255 10452.9990234
2315 10434.2597656
2445 10395.7617188
2494 10389.4257812
2544 10370.1992188
2575 10359.7763672
2916 10788.8037109
2976 10774.5732422
3011 10762.8681641
3026 10748.7802734
3066 10740.8867188
3126 10733.3701172
3186 10719.6328125
3246 10701.5478516
3306 10684.5839844
3366 10671.9208984
3426 10657.2041016
3487 10641.1884766
3547 10624.6669922
3607 10604.8974609
3667 10591.2148438
3727 10577.796875
3787 10561.0644531
3847 10543.9160156
3907 10529.5849609
3968 10512.5498047
4005 10503.8125
4043 10494.5175781
4103 10480.8847656
4152 10463.8271484
4189 10455.9345703
4237 10446.3798828
4297 10429.3564453
4357 10414.6992188
4417 10401.3300781
4477 10385.3583984
4537 10367.9589844
4598 10352.9628906
4655 10338.2783203
4712 10323.1953125
4772 10306.0292969
4807 10292.5878906
4843 10285.8769531
4903 10270.0595703
4963 10255.1777344
5023 10242.0078125
5083 10226.3759766
5143 10206.0351562
5203 10184.6425781
5263 10171.2763672
5323 10162.5019531
5384 10145.7460938
5444 10124.4824219
5501 10108.7822266
5543 10098.2402344
5589 10087.1552734
5649 10072.4033203
5709 10061.1767578
5770 10047.5654297
5830 10036.8007812
5890 10023.8154297
5950 10013.5625
6010 10000.5205078
6070 9984.5390625
6130 9972.99414062
6190 9962.33203125
6250 9949.43359375
6311 9940.10546875
6371 9930.05175781
6415 9920.87597656
6460 9910.1796875
6521 9893.27929688
6581 9881.50488281
6641 9872.63671875
6701 9863.28417969
6761 9853.55566406
6821 9843.61328125
6881 9828.72363281
6942 9815.17773438
7002 9795.90039062
7062 9779.58886719
7481 10056.3076172
7542 10041.0009766
7602 10028.1494141
7662 10012.1142578
7722 9995.33105469
7782 9984.67871094
7843 9966.56933594
7903 9955.8515625
7963 9943.7578125
8023 9929.86816406
8083 9916.72070312
8143 9904.75097656
8203 9890.39648438
8263 9876.45996094
8324 9863.79394531
8384 9855.48632812
8444 9838.92285156
8504 9825.65722656
8564 9813.50976562
8624 9803.15136719
8684 9785.60351562
8744 9771.39257812
8804 9760.68554688
8865 9746.49902344
8925 9732.56738281
8985 9720.86132812
9045 9709.06542969
9105 9699.5
9165 9688.31640625
9225 9674.96386719
9285 9658.82617188
9345 9645.95117188
9406 9633.75488281
9466 9620.63964844
9526 9609.04492188
9586 9596.84570312
9646 9583.453125
9706 9572.1328125
9766 9553.08789062
9826 9537.21484375
9887 9519.98828125
9947 9515.93847656
10007 9502.04296875
10067 9487.45703125
10127 9474.31738281
10187 9461.10058594
10247 9441.68066406
10344 9433.23828125
10372 9425.63867188
10424 9411.40332031
10484 9398.69140625
10544 9387.67382812
10604 9377.92382812
10664 9365.14453125
10724 9352.36328125
10784 9336.81445312
10845 9323.7109375
10905 9310.46679688
10965 9297.37304688
11205 9246.73632812
11265 9233.20703125
11325 9220.35839844
11385 9210.52246094
11446 9194.32910156
11506 9187.26660156
11566 9175.06640625
11626 9166.33105469
11686 9152.296875
11746 9144.78808594
11806 9132.296875
11866 9118.41210938
11927 9106.59179688
11987 9093.62011719
12047 9080.92871094
12107 9072.32421875
12167 9060.29394531
12227 9046.89355469
12287 9033.5390625
12347 9021.51074219
12407 9007.61132812
12468 9003.72265625
12528 8989.48046875
12588 8985.58300781
12648 8978.89550781
12708 8965.5625
12768 8948.83886719
12811 8943.07128906
12855 8934.34472656
12915 8927.84960938
12975 8916.70996094
13035 8904.16601562
13095 8899.03125
13156 8893.04492188
13216 8876.98535156
13276 8864.87695312
13336 8854.03027344
13396 8847.17285156
13456 8835.94726562
13516 8826.46386719
13697 8791.23828125
13757 8778.10253906
13817 8767.4453125
13877 8758.08105469
13937 8748.3125
13997 8742.50390625
14057 8735.20800781
14117 8718.17578125
14177 8711.5625
14238 8699.921875
14298 8688.23046875
14358 8681.99414062
14839 8884.46679688
14899 8877.89453125
14959 8867.08398438
15019 8853.171875
15079 8844.37109375
15139 8832.0703125
15200 8820.20410156
15260 8808.51660156
15320 8796.30175781
15380 8784.83203125
15440 8775.82910156
15500 8765.77441406
15560 8751.25097656
15620 8740.92578125
15680 8731.10742188
15741 8721.70410156
15801 8711.37792969
15861 8697.30078125
15921 8686.58398438
15981 8676.3828125
16041 8665.61035156
16101 8654.4296875
16161 8641.77050781
16221 8628.19921875
16282 8617.44238281
16342 8609.82324219
16402 8599.79101562
16462 8588.12988281
16522 8579.26464844
16582 8565.34082031
16642 8553.94921875
16702 8545.1875
16763 8530.24902344
16823 8518.85839844
16883 8509.61914062
16943 8497.57226562
17003 8488.72167969
17063 8476.84277344
17123 8463.99609375
17183 8452.015625
17243 8440.65429688
17304 8434.38476562
17339 8429.71191406
17365 8423.42773438
17416 8411.79101562
17476 8402.08105469
17537 8390.26171875
17657 8355.19628906
17717 8344.36035156
17777 8331.1953125
17837 8319.55371094
17897 8306.00488281
17950 8295.31054688
18002 8287.28515625
18062 8279.02832031
18123 8268.33984375
18183 8258.77832031
18243 8250.43261719
18303 8247.28417969
18363 8237.68164062
18423 8226.61914062
18483 8217.75390625
18543 8208.16015625
18603 8200.93652344
18664 8189.03710938
18724 8178.38476562
18784 8166.88574219
18904 8151.59130859
18964 8140.13232422
19024 8129.65527344
19084 8120.39599609
19265 8093.63720703
19325 8088.04199219
19385 8079.328125
19445 8067.57763672
19505 8061.80908203
19565 8057.44335938
19625 8048.18457031
19685 8037.86474609
19746 8026.70849609
19806 8018.77685547
19866 8010.65869141
19926 8001.62744141
19986 7989.65673828
20046 7977.61279297
20106 7970.55517578
20166 7962.83105469
20226 7952.84375
20287 7944.73486328
20342 7936.52783203
20377 7931.46728516
20417 7926.27734375
20478 7915.78125
20538 7904.57714844
20598 7895.08447266
20658 7879.72070312
20718 7871.44824219
20778 7861.88330078
20838 7853.96630859
20898 7847.58544922
20958 7836.47265625
21019 7824.85693359
21079 7817.359375
21139 7811.828125
21199 7806.03271484
21259 7798.96875
21319 7787.31884766
21379 7776.34765625
21439 7768.64648438
21499 7759.76513672
21560 7753.21630859
21620 7746.24169922
21680 7739.04589844
21740 7731.58935547
21800 7718.56347656
21860 7709.70898438
21920 7704.72314453
21980 7698.43261719
22040 7688.23925781
22101 7675.16552734
22161 7663.57910156
22221 7655.89160156
22281 7648.24316406
22341 7640.78271484
22401 7629.21289062
22461 7622.3359375
22521 7615.31787109
22702 7474.29492188
22762 7465.91503906
22822 7456.43066406
22881 7447.43896484
22924 7443.75146484
22969 7439.63037109
23029 7427.27441406
23089 7420.99560547
23135 7416.58984375
23165 7412.1796875
23211 7408.13769531
23271 7398.53271484
23331 7394.17089844
23392 7386.015625
23452 7374.87255859
23512 7366.3046875
23572 7362.74755859
23632 7348.63623047
23692 7340.49462891
23752 7337.82470703
23812 7333.11621094
23872 7317.95898438
23933 7307.11865234
23993 7300.875
24053 7293.54541016
24113 7289.60009766
24173 7283.35302734
24233 7269.3359375
24293 7262.67285156
24353 7252.89648438
24413 7246.62988281
24474 7239.54443359
24534 7231.16259766
24594 7221.67089844
24654 7217.58740234
24714 7207.52050781
24774 7201.66064453
24834 7194.86376953
24894 7187.92626953
24954 7181.47558594
25015 7174.93994141
25075 7166.27197266
25135 7155.69921875
25195 7146.63769531
25255 7141.64697266
25315 7136.65039062
25375 7127.87548828
25435 7116.79736328
25495 7096.89648438
25556 7082.56152344
25616 7075.07666016
25856 7040.20214844
25916 7034.6953125
25976 7026.58691406
26036 7017.45556641
26096 7012.52099609
26157 7008.66015625
26217 7003.40771484
26277 6992.68261719
26337 6987.05322266
26397 6978.41943359
26457 6968.77490234
26817 6738.6640625
27153 6743.59130859
27213 6736.85351562
27273 6728.1875
27333 6720.86181641
27393 6714.00439453
27453 6708.26953125
27513 6702.34472656
27573 6696.17773438
27634 6688.87060547
27694 6681.44238281
27754 6674.27685547
27814 6667.71484375
27874 6660.10693359
27934 6653.54199219
27994 6646.55273438
28054 6640.36230469
28114 6635.27148438
28175 6628.43505859
28235 6621.52099609
28295 6615.94140625
28355 6610.09033203
28415 6599.04199219
28475 6592.47705078
28535 6588.78662109
29016 6738.94189453
29076 6732.34960938
29136 6725.81884766
29196 6719.94140625
29257 6714.22070312
29317 6706.72607422
29377 6700.07666016
29437 6691.97412109
29497 6684.55078125
29557 6678.43408203
29617 6669.32421875
29677 6663.13427734
29737 6654.69580078
29797 6648.21875
29858 6639.65771484
29918 6631.42236328
29978 6625.26074219
30038 6616.54443359
30098 6610.10888672
30158 6602.61376953
30218 6596.38525391
30278 6587.84179688
30339 6580.22314453
30399 6574.45166016
30459 6567.44921875
30519 6561.52832031
30579 6554.26953125
30639 6548.32519531
30699 6542.41943359
30759 6533.19677734
30819 6525.34570312
30880 6518.49414062
30940 6512.00878906
31000 6503.64306641
31060 6495.57080078
31120 6492.08642578
31180 6485.6015625
31240 6476.78808594
31300 6470.89501953
31360 6464.39257812
31421 6458.69189453
31481 6452.69140625
31541 6439.97314453
31576 6435.28173828
31611 6433.4765625
31647 6430.17773438
31682 6427.91503906
31742 6420.68261719
31802 6414.28125
31862 6408.71826172
31923 6402.41503906
31983 6395.95800781
32043 6389.20849609
32103 6382.34619141
32163 6374.83203125
32223 6369.39794922
32283 6362.86962891
32343 6357.49853516
32403 6348.57958984
32464 6342.29638672
32524 6337.79882812
32584 6332.51513672
32644 6326.00830078
32704 6318.50927734
32764 6310.61962891
32824 6303.32177734
32884 6297.53320312
32944 6292.19189453
33005 6283.59619141
33065 6278.66455078
33125 6270.88476562
33185 6264.81347656
33245 6259.76318359
33305 6252.56787109
33365 6247.21484375
33425 6242.82177734
33485 6235.18652344
33546 6230.39013672
33606 6222.25390625
33666 6216.45605469
33726 6207.83837891
33780 6203.90576172
33835 6199.95996094
33895 6193.86132812
33955 6187.57861328
34015 6180.82568359
34076 6174.1328125
34136 6169.94042969
34241 6156.97949219
34382 6086.53320312
34417 6083.88964844
34477 6076.89355469
34537 6068.35058594
34598 6064.63623047
34658 6059.73535156
34718 6053.25830078
34778 6046.88378906
34838 6041.04150391
34898 6037.1875
34958 6030.45361328
35018 6024.81835938
35078 6018.77539062
35129 6011.55566406
35179 6008.28417969
35239 6001.37353516
35299 5996.86181641
35359 5990.53271484
35419 5982.61132812
35479 5978.87353516
35539 5974.23535156
35599 5966.39257812
35660 5962.87695312
35720 5957.12792969
35780 5950.33740234
35840 5944.9375
35900 5937.890625
35960 5930.97119141
36005 5927.75390625
36049 5923.31298828
36110 5917.88769531
36170 5912.17626953
36230 5906.18310547
36290 5900.39111328
36350 5895.01904297
36410 5887.74511719
36470 5880.94287109
36530 5877.17480469
36590 5872.13671875
36651 5867.45800781
36711 5860.67041016
36771 5853.45703125
36831 5847.07666016
36891 5841.88818359
36951 5834.60058594
37011 5829.40966797
37071 5824.16894531
37132 5816.67822266
37192 5811.83203125
37252 5807.12207031
37312 5801.15380859
37372 5793.75683594
37432 5788.97460938
37492 5785.64990234
37552 5780.73046875
37612 5774.11914062
37673 5769.95361328
37733 5763.58642578
37793 5755.73046875
37853 5747.28369141
37913 5742.36181641
37973 5738.20947266
38033 5731.4921875
38093 5726.53125
38153 5721.49072266
38214 5715.31396484
38274 5708.29296875
38334 5702.23388672
38394 5695.8515625
38454 5690.00488281
38514 5683.43798828
38574 5676.23828125
38634 5671.53027344
38694 5668.09375
38755 5664.55175781
38815 5658.43066406
38875 5647.62890625
38935 5642.44433594
38995 5634.82080078
39055 5630.60986328
39115 5623.80761719
39175 5605.22802734
39296 5571.99853516
39356 5564.6484375
39416 5561.25732422
39476 5555.27734375
39536 5551.80664062
39596 5546.63574219
39656 5538.03271484
40017 5534.19482422
40077 5527.72119141
40137 5520.99121094
40197 5516.61962891
40257 5513.12158203
40318 5508.13330078
40378 5501.76806641
40438 5495.91064453
40498 5494.046875
40558 5487.36230469
40618 5480.96679688
40678 5476.30273438
40738 5470.64648438
40798 5464.47851562
40859 5459.51269531
40894 5457.04150391
40929 5455.08837891
40989 5447.14648438
41049 5443.96875
41110 5438.06591797
41170 5433.87988281
41230 5429.97607422
41290 5425.06835938
41350 5420.60400391
41410 5413.84277344
41470 5411.34179688
41530 5405.46923828
41591 5400.41552734
41651 5396.72021484
41711 5391.33544922
41771 5387.16064453
41831 5380.63232422
41891 5376.14599609
41951 5371.05712891
42011 5364.53125
42071 5361.94189453
42132 5355.83691406
42192 5352.05175781
42252 5345.61181641
42312 5338.99560547
42372 5334.52490234
42432 5329.43847656
42492 5324.74560547
42673 5308.5703125
42733 5304.15039062
42793 5302.98291016
42853 5302.86035156
42913 5298.27099609
42973 5286.59765625
43033 5282.42675781
43093 5279.70898438
43153 5274.36328125
43214 5269.20019531
43274 5264.96386719
43334 5258.70898438
43394 5253.58154297
