0 13643.6748047
374 13425.7216797
1119 12959.3652344
1133 12953.25
1189 12947.9648438
1596 12728.5537109
1656 12717.5400391
2093 12493.7685547
2137 12492.4482422
2734 12651.2333984
3305 12451.7060547
3365 12438.0078125
3606 12358.3837891
3786 12299.5869141
4207 12161.7001953
4267 12147.8212891
4507 12077.7753906
4628 12039.0078125
4688 12025.1318359
5043 11894.8251953
5138 11860.8974609
5318 11807.7509766
5378 11792.6298828
5499 11760.2548828
5544 11747.6787109
5770 11676.1289062
5831 11665.2958984
6191 11550.3154297
6251 11540.0205078
6288 11527.9511719
6325 11518.5810547
6385 11502.0244141
6422 11489.9238281
6445 11483.6269531
6491 11468.9628906
6551 11455.1494141
6672 11418.8046875
6732 11402.1660156
6792 11386.0800781
6912 11349.6650391
7017 11331.8994141
7047 11318.3330078
7093 11307.2626953
7454 11633.2050781
7514 11617.8828125
7574 11604.0283203
7814 11528.1044922
7923 11493.6210938
7958 11484.2011719
7993 11474.8857422
8294 11385.4248047
8354 11369.625
8414 11352.8085938
8474 11336.6689453
8534 11323.6982422
8714 11266.6416016
8895 11217.1171875
8955 11203.2148438
9195 11135.3564453
9376 11084.5634766
9496 11054.5869141
9556 11039.5039062
9676 11006.3955078
9735 10990.3535156
9779 10978.5371094
9824 10964.9316406
9944 10932.1914062
10064 10903.7275391
10185 10872.2060547
10245 10861.6025391
10305 10849.3652344
10365 10834.5546875
10485 10805.2138672
10545 10789.0224609
10641 10759.6943359
10651 10754.3554688
10667 10750.5507812
10708 10742.3271484
10769 10726.7128906
10829 10712.3808594
10949 10681.3154297
10994 10675.4453125
11014 10670.9052734
11170 10632.2089844
11230 10620.3896484
11290 10603.9384766
11350 10591.2753906
11410 10576.5986328
11470 10564.2265625
11530 10554.9150391
11591 10540.2626953
11651 10528.6181641
11711 10516.2441406
11771 10502.8320312
11831 10491.6425781
11891 10480.5039062
11951 10467.1894531
12011 10452.4111328
12057 10438.7177734
12089 10430.0800781
12135 10422.7382812
12196 10409.3378906
12256 10394.8212891
12316 10382.4433594
12436 10349.3847656
12496 10336.7021484
12617 10311.1367188
12677 10299.5244141
12737 10284.9980469
12857 10258.2480469
12917 10243.4589844
12977 10228.9960938
13037 10212.7832031
13097 10203.9541016
13157 10191.8300781
13218 10178.1376953
13278 10163.5146484
13338 10150.8398438
13398 10138.0917969
13458 10123.6708984
13518 10108.7421875
13578 10096.5507812
13638 10085.3417969
13699 10072.4560547
13759 10057.5244141
13819 10043.2832031
13879 10028.234375
13939 10013.015625
13999 9996.88867188
14808 10112.0898438
14868 10097.0966797
14988 10066.6328125
15048 10054.4697266
15228 10003.9931641
15288 9987.65429688
15349 9976.13574219
15409 9963.74804688
15529 9933.09960938
15589 9917.109375
15649 9905.76757812
15709 9892.68847656
15769 9882.47070312
15830 9868.93359375
15890 9860.07128906
15950 9849.68261719
16010 9840.74609375
16070 9830.86035156
16130 9821.41992188
16190 9812.23730469
16250 9803.00390625
16310 9790.54980469
16371 9781.14648438
16431 9769.06835938
16491 9756.09960938
16551 9741.31738281
16611 9730.75
16671 9718.49804688
16731 9706.68457031
16791 9697.73632812
16851 9684.47949219
16908 9672.85449219
16965 9662.76855469
17025 9651.25292969
17085 9639.08007812
17145 9624.41699219
17205 9613.57324219
17265 9602.34863281
17325 9588.95507812
17385 9575.83984375
17446 9563.51953125
17506 9548.59960938
17566 9536.20507812
17626 9526.4921875
17746 9500.26757812
17806 9490.05761719
17866 9479.56152344
17926 9468.09472656
17987 9452.640625
18047 9439.60839844
18107 9427.76855469
18167 9414.95898438
18227 9402.52832031
18287 9391.85546875
18342 9380.81835938
18387 9372.37792969
18438 9360.03515625
18498 9348.15332031
18558 9338.59667969
18618 9327.66308594
18678 9314.13183594
18738 9300.30371094
18799 9291.12207031
18859 9277.83984375
18919 9269.78808594
18979 9259.33398438
19039 9246.11523438
19099 9231.03613281
19159 9217.31054688
19219 9208.21386719
19279 9194.74804688
19340 9183.97363281
19400 9175.86230469
19460 9161.82226562
19520 9150.66113281
19580 9140.328125
19640 9129.40527344
19692 9120.29101562
19743 9107.35449219
19803 9099.27539062
19864 9090.63769531
19899 9084.43554688
19934 9076.75292969
19994 9066.79101562
20295 9011.88183594
20355 9005.54003906
20415 8990.96972656
20475 8979.96484375
20535 8973.44335938
20595 8962.16113281
20655 8950.58496094
20715 8936.38378906
20836 8893.68457031
20896 8884.86816406
20956 8875.01074219
21016 8860.3203125
21051 8843.57128906
21067 8843.12988281
21109 8835.06445312
21169 8825.14746094
21229 8810.45605469
21289 8803.98242188
21350 8790.09570312
21410 8782.6484375
21470 8771.66992188
21530 8757.00097656
21590 8749.42871094
21650 8735.4921875
21710 8724.60449219
21770 8710.50878906
21830 8702.109375
21891 8695.25390625
21951 8686.8828125
22071 8667.32324219
22131 8654.84570312
22191 8645.23730469
22251 8639.58398438
22311 8630.38574219
22371 8618.18066406
22432 8611.20117188
22492 8602.28515625
22537 8597.74902344
22582 8588.39453125
22642 8577.46777344
22703 8564.11035156
22763 8553.30273438
22823 8549.74316406
22883 8535.97949219
22943 8519.78320312
23003 8509.90820312
23063 8500.59960938
23123 8492.99316406
23183 8483.18652344
23244 8469.53125
23304 8459.09570312
23353 8455.82421875
23403 8447.83886719
23463 8435.15039062
23523 8429.88378906
23558 8420.29589844
23594 8417.62304688
23654 8407.43164062
23714 8401.53320312
23774 8391.79394531
23822 8385.07226562
23869 8376.52832031
23929 8367.49707031
23989 8360.11816406
24145 8339.08398438
24160 8335.34863281
24200 8328.95214844
24260 8320.6953125
24320 8309.19824219
24380 8302.06347656
24440 8290.125
24501 8282.63964844
24561 8272.70019531
24621 8263.62695312
24681 8255.60742188
24741 8245.20410156
24801 8237.19433594
24836 8232.609375
24872 8229.00976562
24932 8217.61132812
24992 8208.13964844
25052 8197.50488281
25232 8134.92578125
25292 8124.06347656
25352 8116.23095703
25413 8105.4609375
25473 8093.06396484
25533 8079.58447266
25593 8067.46630859
25653 8056.74951172
25713 8047.52099609
25773 8035.54345703
25833 8028.28173828
25893 8018.67773438
25954 8015.74121094
26014 8007.12207031
26074 7997.34521484
26134 7988.67724609
26194 7980.65673828
26254 7967.88964844
26314 7957.84912109
26374 7951.38720703
26434 7948.60742188
26495 7938.39208984
26555 7935.00390625
26619 7934.68017578
26662 7924.83349609
26722 7917.27880859
26782 7912.22558594
26842 7905.89306641
26891 7900.74951172
26940 7894.890625
27000 7885.20166016
27060 7876.9765625
27096 7873.66601562
27128 7868.39892578
27186 7862.01171875
27246 7857.13623047
27306 7849.37695312
27366 7838.97167969
27427 7831.59521484
27487 7824.33789062
27547 7808.40625
27607 7801.93798828
27667 7800.71289062
27727 7792.91699219
27787 7784.49023438
27847 7775.51806641
27907 7765.42089844
27968 7757.85546875
28028 7747.61767578
28088 7737.52783203
28148 7727.16308594
28208 7720.9140625
28268 7708.83203125
28328 7703.31884766
28388 7700.52539062
28448 7689.890625
28509 7681.59033203
28569 7674.40136719
28629 7664.02587891
28689 7658.98779297
28749 7651.35986328
28809 7642.69482422
28869 7633.19140625
28929 7621.05908203
28989 7609.74804688
29050 7599.23925781
29110 7594.14697266
29530 7788.21777344
29651 7766.65332031
29711 7762.18652344
29771 7752.54931641
29831 7745.28564453
29891 7732.42382812
29951 7725.28710938
30312 7407.18408203
30372 7397.984375
30432 7389.27441406
30492 7376.95898438
30552 7371.68798828
30613 7365.36279297
30673 7356.86181641
30733 7347.61279297
30793 7339.15527344
30853 7329.76806641
30892 7322.65429688
30912 7320.51171875
30953 7316.546875
31013 7308.20556641
31073 7299.45019531
31133 7289.27685547
31193 7279.97753906
31253 7270.24462891
31314 7262.55957031
31374 7255.84667969
31434 7248.62255859
31494 7240.22851562
31554 7232.27880859
31614 7223.96142578
31674 7215.50537109
31734 7204.01708984
31794 7196.27392578
31855 7188.78564453
31915 7183.72021484
31975 7173.31689453
32035 7165.96386719
32095 7158.31738281
32155 7147.45117188
32215 7140.17919922
32275 7131.82421875
32336 7126.64892578
32396 7117.56298828
32456 7107.08300781
32516 7097.49316406
32576 7092.44873047
32636 7087.19921875
32696 7077.30761719
32756 7068.49072266
32816 7059.07519531
32877 7054.0
32937 7045.22851562
32997 7033.92333984
33032 7029.99853516
33043 7028.63085938
33080 7023.84570312
33140 7013.77246094
33200 7003.46630859
33260 6995.10400391
33320 6989.44580078
33380 6983.67333984
33441 6975.69140625
33501 6967.12597656
33561 6958.15478516
33621 6952.97412109
33681 6944.96826172
33741 6935.82910156
33801 6928.04541016
33861 6921.51708984
33921 6913.01464844
33982 6905.33398438
34042 6899.05078125
34102 6890.87402344
34153 6882.08300781
34184 6878.71923828
34224 6876.21435547
34285 6868.27685547
34345 6858.98291016
34405 6848.70507812
34465 6844.79003906
34525 6838.13623047
34585 6831.01611328
34630 6824.71240234
34661 6821.41894531
34706 6817.60595703
34767 6807.70117188
34827 6799.65136719
34887 6791.93701172
34947 6784.32080078
35007 6777.11181641
35067 6766.71386719
35127 6761.34130859
35187 6752.35449219
35248 6746.20751953
35308 6740.68457031
35368 6732.14746094
35428 6724.72998047
35488 6719.24414062
35548 6712.07763672
35608 6703.77490234
35668 6698.02099609
35729 6689.25439453
35789 6681.08105469
35849 6673.98583984
35969 6657.39111328
36029 6652.54638672
36089 6645.52441406
36149 6639.10302734
36209 6630.98681641
36270 6621.84472656
36330 6614.53613281
36390 6609.88964844
36450 6599.81689453
36510 6588.83544922
36570 6584.09423828
36630 6577.12988281
36690 6569.66259766
36750 6564.55615234
36811 6556.34082031
36871 6552.13476562
36931 6543.40625
36991 6534.88525391
37291 6498.09375
37412 6508.35058594
37472 6498.24560547
37532 6490.81103516
37592 6483.43310547
37652 6478.02294922
37712 6471.64941406
37772 6464.18603516
37832 6460.29589844
37893 6455.25048828
37953 6446.97412109
38013 6435.45410156
38073 6429.15722656
38111 6425.75439453
38138 6422.31542969
38188 6416.02246094
38248 6410.96875
38308 6403.45996094
38368 6399.50097656
38428 6396.90966797
38488 6386.11132812
38549 6377.38476562
38609 6369.89355469
38669 6364.47802734
38729 6357.80957031
38789 6353.50537109
38849 6345.73046875
38909 6337.26123047
38969 6331.23144531
39029 6325.76074219
39090 6318.57080078
39150 6312.27392578
39210 6304.6328125
39270 6299.74316406
39330 6295.26806641
39390 6287.45996094
39450 6282.00097656
39510 6277.66601562
39571 6270.65673828
39631 6264.92089844
39691 6258.46630859
39991 6123.20410156
40051 6116.57666016
40112 6110.38183594
40172 6104.24267578
40232 6098.28466797
40292 6091.60009766
40352 6085.26318359
40412 6078.40478516
40592 6016.67138672
40653 6006.17578125
40713 5999.55322266
40773 5996.08349609
40833 5992.04833984
40893 5984.46972656
40953 5976.95361328
41013 5970.75244141
41073 5962.96875
41133 5956.39013672
41194 5952.88037109
41254 5948.02392578
41314 5942.1953125
41351 5936.23291016
41378 5934.11328125
41429 5929.06298828
41489 5924.68994141
41549 5919.1875
41609 5911.52197266
41670 5903.64111328
41730 5900.06054688
41790 5894.54980469
41850 5888.81396484
41910 5883.44775391
41970 5876.69287109
42030 5871.48632812
42090 5863.77832031
42150 5859.80322266
42211 5853.52734375
42271 5847.34326172
42331 5840.37060547
42391 5834.34033203
42451 5828.84814453
42511 5823.39257812
42571 5815.92822266
42631 5813.10058594
42691 5806.45019531
42752 5800.08544922
42812 5794.81835938
42872 5787.64257812
42932 5783.14599609
42992 5777.85107422
43052 5770.25732422
43112 5765.87988281
43172 5760.43310547
43233 5754.56933594
43293 5749.39648438
43353 5743.89160156
43413 5738.3203125
43473 5733.14160156
43533 5726.84765625
43593 5720.93261719
43653 5710.45800781
43713 5706.32080078
43774 5701.26757812
43834 5697.96728516
43894 5693.13720703
43954 5686.37792969
44014 5679.46533203
44074 5675.0546875
44134 5670.63574219
44194 5666.46728516
44254 5660.41650391
44314 5654.42285156
44375 5648.56591797
44435 5643.25634766
44495 5636.75537109
44555 5633.00195312
44615 5627.41015625
44675 5621.77636719
44735 5616.10351562
44795 5609.30957031
44856 5605.97314453
44916 5599.08105469
44976 5595.38085938
45036 5587.61083984
45096 5583.86767578
45156 5578.09326172
45216 5573.11767578
45276 5567.31054688
45336 5561.48925781
45697 5538.65673828
45757 5535.59570312
45817 5531.06054688
45877 5519.15527344
45937 5513.70068359
45997 5507.84179688
46058 5502.16894531
46118 5497.09375
46178 5493.61181641
46238 5490.04638672
46298 5484.17626953
46358 5478.2578125
46418 5473.61328125
