0 13936.0898438
200 13737.4941406
240 13720.8613281
364 13614.2177734
400 13586.46875
531 13467.9394531
572 13436.4160156
968 13079.1386719
1004 13052.0029297
1046 13027.0566406
1071 13011.4941406
1113 12984.9023438
1294 12836.5996094
1354 12798.1005859
1414 12796.3613281
1474 12770.3535156
1534 12746.2490234
1594 12720.0595703
1654 12680.6943359
1715 12644.5664062
1775 12623.5605469
1835 12596.5849609
1895 12574.9111328
1955 12553.4365234
2015 12531.9169922
2075 12519.2519531
2135 12493.8896484
2196 12461.0917969
2256 12440.5820312
2316 12412.7353516
2359 12389.0058594
2389 12378.3320312
2796 13024.8447266
2856 13005.2587891
2916 12989.4794922
2976 12966.8193359
3036 12949.3369141
3096 12923.8818359
3156 12903.5380859
3216 12884.671875
3276 12868.0869141
3337 12846.484375
3391 12826.5722656
3446 12805.5810547
3506 12787.3271484
3566 12768.4638672
3627 12748.8574219
3687 12727.2314453
3747 12715.1953125
3807 12691.8505859
3867 12670.1835938
3927 12654.5410156
3987 12637.2832031
4047 12617.8789062
4108 12596.1044922
4168 12574.4140625
4228 12552.3828125
4288 12534.1210938
4348 12515.2070312
4408 12494.9785156
4468 12476.3339844
4528 12458.4677734
4837 12385.8427734
4897 12367.375
4957 12339.8447266
5017 12323.8125
5078 12310.6425781
5138 12290.2578125
5198 12277.6933594
5291 12259.2431641
5351 12239.0205078
5411 12207.9658203
5471 12191.3173828
5532 12176.3447266
5592 12162.4863281
5652 12141.4697266
5712 12121.8925781
5772 12107.6933594
5832 12092.1064453
5892 12077.8203125
5952 12055.8349609
6012 12036.9619141
6073 12019.4804688
6133 11992.1240234
6193 11980.8642578
6253 11960.2275391
6313 11938.5361328
6373 11920.3447266
6433 11903.1103516
6493 11890.3203125
6536 11877.359375
6578 11865.2519531
6613 11851.8486328
6629 11849.7402344
6671 11836.3730469
6731 11820.6015625
6791 11804.5146484
6841 11790.2978516
6872 11782.8701172
6897 11776.1611328
6928 11767.3154297
6974 11753.1816406
7034 11735.90625
7084 11722.7460938
7133 11708.15625
7193 11686.0478516
7253 11676.8125
7314 11660.4521484
7374 11645.5166016
7734 11953.0107422
7794 11935.4404297
7854 11915.3027344
7915 11897.3378906
7975 11882.3105469
8035 11865.8681641
8095 11845.5732422
8155 11828.046875
8215 11814.3564453
8275 11797.6982422
8335 11780.625
8395 11762.328125
8456 11747.6376953
8516 11730.9121094
8576 11712.8154297
8636 11696.9921875
8696 11682.1123047
8756 11667.7998047
8816 11648.4873047
8876 11632.3535156
8936 11610.6445312
8997 11597.8378906
9057 11581.5507812
9117 11564.8847656
9177 11551.9335938
9237 11527.0556641
9297 11517.9941406
9357 11504.1191406
9414 11486.640625
9453 11479.6572266
9495 11470.1572266
9555 11453.0097656
9616 11439.7724609
9676 11422.4277344
9736 11411.859375
9796 11395.9667969
9856 11378.3857422
9916 11362.5625
9976 11347.859375
10036 11333.4111328
10096 11315.3652344
10156 11301.4541016
10202 11289.9511719
10247 11276.5449219
10307 11260.6445312
10368 11248.1386719
10414 11235.6640625
10459 11221.8671875
10519 11207.3222656
10580 11194.9306641
10640 11181.4951172
10700 11166.3994141
10760 11151.6992188
10820 11137.0996094
10880 11122.1914062
10940 11109.4550781
11000 11091.9824219
11061 11076.0634766
11121 11063.6064453
11181 11050.2695312
11241 11033.9492188
11301 11020.0058594
11361 11007.5927734
11421 10991.8378906
11481 10978.2695312
11541 10961.0146484
11601 10946.765625
11656 10934.2138672
11700 10921.9101562
11750 10908.9150391
11811 10895.5927734
11871 10881.4287109
11931 10864.7597656
11986 10847.3232422
12017 10838.4208984
12052 10833.3974609
12112 10818.5292969
12173 10804.0068359
12217 10795.7880859
12262 10785.5810547
12323 10772.9785156
12383 10758.9013672
12443 10741.8369141
12503 10725.9433594
12563 10713.2509766
12623 10698.09375
12683 10682.0537109
12744 10667.0947266
12804 10655.7558594
12864 10644.6455078
12909 10630.3476562
12954 10621.3310547
13014 10607.3876953
13074 10592.0390625
13134 10580.9316406
13169 10571.5175781
13205 10561.6738281
13265 10546.34375
13325 10532.3300781
13385 10520.0820312
13445 10503.9833984
13505 10491.3632812
13565 10479.5703125
13625 10466.7070312
13686 10449.765625
13746 10433.7207031
13806 10416.6689453
13866 10402.0957031
13901 10394.2666016
13927 10390.0546875
13977 10376.8408203
14037 10363.2490234
14098 10348.1240234
14158 10345.2685547
14218 10333.6269531
14278 10319.7431641
14338 10300.2871094
14398 10292.4628906
14458 10287.3203125
14518 10274.3271484
14578 10264.6513672
14639 10250.0966797
14699 10236.4296875
15119 10470.1103516
15180 10459.3691406
15240 10447.6113281
15300 10435.0732422
15360 10419.7001953
15420 10408.7119141
15480 10396.4052734
15540 10381.578125
15600 10368.5283203
15660 10354.4189453
15721 10342.5751953
15781 10325.5751953
15841 10314.1435547
15901 10300.1171875
15961 10286.9189453
16021 10275.46875
16081 10262.2978516
16141 10249.9482422
16201 10235.6708984
16262 10223.3212891
16322 10206.0527344
16382 10193.2304688
16442 10182.7890625
16502 10169.6894531
16562 10155.8769531
16622 10145.1123047
16682 10133.1767578
16743 10120.0800781
16803 10105.1669922
16863 10092.0400391
16923 10077.9804688
16983 10060.5615234
17043 10055.0966797
17103 10040.0888672
17163 10025.8046875
17223 10014.5019531
17284 10001.3691406
17344 9989.72949219
17404 9977.62109375
17464 9966.32617188
17520 9954.69335938
17576 9940.79296875
17636 9927.79199219
17696 9916.42089844
17756 9904.90917969
17793 9895.671875
17809 9893.29882812
17849 9886.68359375
17909 9875.98144531
17969 9860.77929688
18029 9847.58789062
18090 9838.04394531
18150 9825.62695312
18210 9814.54394531
18270 9799.99609375
18330 9786.25097656
18390 9776.47753906
18450 9767.76953125
18510 9753.33300781
18570 9739.44335938
18631 9730.02734375
18691 9714.75292969
18751 9702.18652344
18811 9687.96484375
18871 9676.5
18931 9667.83105469
18991 9657.05859375
19051 9646.44824219
19111 9633.40527344
19172 9621.68457031
19232 9609.37304688
19292 9597.34082031
19352 9583.6015625
19412 9570.640625
19472 9557.96191406
19532 9545.94921875
19592 9536.81347656
19652 9522.46679688
19713 9508.57519531
19773 9492.31152344
19833 9482.68652344
19893 9469.27539062
19939 9462.28222656
19967 9456.01757812
20010 9450.80859375
20070 9438.07128906
20130 9427.81542969
20190 9415.9609375
20251 9404.6875
20311 9391.99609375
20371 9376.33007812
20431 9368.05273438
20491 9356.59472656
20551 9343.92675781
20611 9331.56347656
20671 9322.61523438
20732 9308.88476562
20792 9298.27832031
20852 9280.9140625
20912 9266.71582031
20972 9254.50292969
21032 9244.09863281
21092 9233.93164062
21152 9222.91113281
21212 9211.15917969
21273 9199.65820312
21333 9189.22167969
21393 9176.94824219
21453 9164.1796875
21513 9154.14550781
21573 9149.2890625
21633 9138.58496094
21693 9118.03417969
21753 9106.84375
21814 9095.98828125
21874 9089.72265625
21934 9078.99023438
21994 9065.80957031
22054 9054.58691406
22114 9041.80859375
22174 9031.6640625
22234 9021.76464844
22293 9012.46875
22412 8988.24707031
22472 8974.47265625
22532 8959.11328125
22592 8950.07910156
22653 8941.37304688
22713 8931.48144531
22773 8922.8125
22833 8909.33300781
22893 8896.57324219
22949 8886.73828125
22994 8878.01171875
23043 8871.91503906
23103 8864.4140625
23164 8850.61328125
23224 8833.60546875
23284 8820.80664062
23344 8812.6796875
23391 8806.42089844
23437 8803.63867188
23798 8798.83984375
23858 8792.09277344
23918 8782.57617188
23978 8773.2421875
24038 8764.49707031
24099 8755.07128906
24159 8744.56738281
24219 8734.37597656
24279 8724.45800781
24339 8714.02734375
24399 8702.99511719
24459 8694.8125
24519 8686.13964844
24580 8677.85253906
24640 8666.94433594
24700 8656.38867188
24760 8646.80371094
24820 8636.43164062
24880 8623.7265625
24940 8615.75097656
25000 8604.86816406
25035 8598.86914062
25054 8595.81933594
25098 8589.45410156
25158 8582.44433594
25218 8572.15332031
25279 8562.10253906
25339 8551.41113281
25399 8543.83007812
25459 8536.12304688
25519 8526.47851562
25579 8516.71191406
25640 8505.74414062
25700 8496.48632812
25760 8490.78808594
25820 8480.90429688
25880 8466.92773438
25940 8460.640625
25988 8452.98046875
26034 8444.23828125
26093 8434.50976562
26213 8428.48828125
26273 8423.99414062
26333 8415.71679688
26393 8407.43554688
26453 8399.79199219
26514 8389.01757812
26574 8381.1640625
26634 8372.70800781
26694 8362.4921875
26754 8353.06835938
26814 8344.98242188
26874 8334.77929688
26934 8327.92382812
26994 8317.87207031
27044 8308.02636719
27071 8303.11914062
27092 8301.07617188
27135 8297.10449219
27187 8287.62792969
27227 8280.7578125
27275 8274.515625
27335 8267.07226562
27395 8254.24707031
27455 8245.74414062
27515 8237.40136719
27576 8226.32910156
27636 8218.4140625
27696 8209.0703125
27756 8203.94335938
27816 8200.44824219
27876 8192.95019531
27936 8180.67138672
27996 8171.62792969
28056 8166.37597656
28117 8157.234375
28177 8147.60839844
28237 8140.0546875
28297 8130.57617188
28357 8122.34082031
28417 8113.98974609
28477 8104.77099609
28537 8097.53857422
28597 8088.265625
28658 8078.48095703
28699 8073.18603516
28741 8067.44970703
28801 8061.35253906
28861 8050.48876953
28921 8041.40234375
28981 8033.51367188
29041 8023.89990234
29101 8017.03662109
29162 8009.0234375
29222 7999.61474609
29282 7991.19482422
29342 7972.83789062
29462 7965.45507812
29497 7959.59277344
29917 8106.97070312
29977 8094.203125
30037 8088.12207031
30097 8081.05810547
30157 8066.80175781
30217 8063.22216797
30277 8054.90087891
30337 8047.02636719
30398 8033.90625
30458 8025.84960938
30518 8017.49755859
30578 8008.8046875
30638 8000.08544922
30698 7990.65429688
30758 7983.578125
30818 7973.37060547
30878 7967.00439453
30939 7956.90820312
30999 7947.45117188
31059 7938.80615234
31119 7932.04541016
31179 7924.68896484
31239 7914.67285156
31299 7904.63378906
31359 7893.52001953
31419 7886.31689453
31480 7879.29199219
31540 7868.93505859
31600 7860.43066406
31660 7851.74072266
31720 7842.03955078
31780 7834.10888672
31840 7824.64453125
31900 7815.55517578
31960 7807.98291016
32021 7800.88720703
32081 7793.34033203
32141 7784.33642578
32201 7774.23291016
32261 7763.02929688
32321 7755.65625
32381 7748.37548828
32441 7740.703125
32501 7731.59130859
32562 7723.00830078
32622 7713.4375
32682 7704.53173828
32742 7697.16357422
32802 7691.18701172
32862 7683.81738281
32922 7673.18066406
32982 7663.04199219
33042 7655.54052734
33163 7637.39160156
33223 7631.52685547
33283 7621.76318359
33343 7616.60107422
33403 7608.13916016
33463 7599.42626953
33524 7591.67236328
33584 7584.25585938
33644 7575.35888672
33704 7566.64599609
33764 7559.88720703
33824 7550.50683594
33884 7542.61621094
33944 7535.97021484
34004 7527.06396484
34065 7519.234375
34125 7511.38720703
34185 7504.27783203
34230 7499.29296875
34274 7492.65429688
34335 7482.98876953
34395 7474.64941406
34455 7467.93066406
34515 7459.296875
34563 7452.83154297
34604 7447.61523438
34657 7438.52685547
34717 7432.11523438
34778 7426.01953125
34838 7420.07275391
34898 7410.29492188
34958 7401.10546875
35018 7393.73779297
35078 7387.60693359
35138 7379.75732422
35198 7370.49169922
35499 7081.19287109
35559 7075.91308594
35619 7070.43994141
35679 7058.22265625
35739 7053.92675781
35800 7030.87304688
35860 7019.23291016
35900 6997.44140625
35940 6979.20214844
35985 6973.30273438
36020 6970.859375
36075 6965.21044922
36129 6956.87255859
36190 6950.37109375
36250 6938.84667969
36310 6930.44335938
36370 6924.51855469
36430 6916.0234375
36490 6907.80078125
36550 6901.81347656
36605 6895.83740234
36650 6886.2578125
36700 6883.25488281
36761 6875.35742188
36821 6871.44628906
36881 6863.54931641
36941 6856.55712891
37001 6849.13916016
37061 6843.89648438
37121 6835.94482422
37181 6827.64501953
37241 6822.39453125
37302 6814.95898438
37362 6806.23730469
37422 6799.91455078
37482 6794.578125
37542 6789.41308594
37602 6782.36181641
37662 6775.15869141
37722 6766.97265625
37782 6761.06396484
37843 6755.28955078
37903 6750.66064453
37963 6738.59228516
38023 6733.58251953
38083 6727.56933594
38143 6719.57617188
38203 6709.58984375
38263 6703.28125
38323 6699.62597656
38384 6695.04638672
38444 6684.54736328
38504 6677.47900391
38564 6671.05273438
38624 6664.89160156
38684 6659.25244141
38744 6652.55322266
38804 6646.87207031
38864 6637.13769531
38925 6632.27246094
38985 6624.34472656
39045 6617.34667969
39105 6612.91552734
39165 6605.10498047
39225 6598.99609375
39285 6590.37792969
39345 6585.33349609
39406 6578.78564453
39466 6572.07226562
39526 6567.52832031
39586 6560.84863281
39646 6552.06591797
39706 6547.03417969
39766 6539.85253906
39826 6535.95751953
39886 6530.15283203
39947 6522.00048828
40007 6515.82910156
40067 6506.27587891
40127 6499.32910156
40187 6497.27539062
40247 6491.93847656
40307 6484.86083984
40367 6477.27197266
40427 6471.93652344
40487 6465.98632812
40534 6461.15527344
40580 6455.93017578
40805 6443.39111328
40831 6440.13818359
40872 6433.82373047
40932 6428.78955078
40992 6422.50146484
41052 6415.96875
41113 6409.21777344
41173 6403.20507812
41233 6395.88671875
41293 6392.11816406
41353 6386.16064453
41413 6379.13232422
41458 6374.09667969
41489 6370.0390625
41535 6366.16259766
41595 6360.52587891
41655 6352.83349609
41715 6348.41699219
41775 6340.55126953
41835 6333.27929688
41895 6327.84960938
41955 6321.23583984
42016 6315.84375
42076 6309.48339844
42136 6301.79638672
42196 6295.62841797
42256 6289.00585938
42316 6283.28076172
42376 6275.83935547
42436 6268.14941406
42496 6264.08300781
42557 6256.31103516
42617 6251.86035156
42677 6243.47363281
42737 6237.38818359
42797 6232.59765625
42857 6225.70166016
42917 6218.41259766
42977 6212.70361328
43037 6205.80566406
43098 6198.63916016
43158 6192.44775391
43218 6185.20751953
43278 6179.97900391
43338 6174.47460938
43398 6168.09472656
43458 6162.87207031
43518 6157.61425781
43579 6150.52587891
43639 6145.04443359
43699 6137.84033203
43759 6129.87060547
43819 6121.828125
43879 6117.80029297
43939 6109.85400391
43999 6101.81298828
44059 6094.66601562
44119 6087.65771484
44180 6081.86914062
44300 6079.30419922
44360 6075.11523438
44420 6065.67480469
44480 6059.99853516
44540 6054.17285156
44583 6048.32714844
44626 6045.27832031
44687 6041.36767578
44747 6035.47851562
44807 6029.80615234
44867 6023.73388672
44927 6015.72509766
44987 6009.66650391
45047 6002.55224609
45108 5998.36767578
45167 5993.06884766
45213 5989.24023438
45244 5983.14355469
45350 5979.41455078
45410 5968.24804688
45470 5962.84472656
45530 5953.50634766
45590 5946.15869141
45675 5951.09912109
45735 5945.34960938
45795 5941.86328125
45855 5933.27441406
45916 5930.73388672
45976 5924.29785156
46036 5918.59863281
46096 5915.84375
46156 5911.0625
46216 5908.50683594
46276 5899.765625
46336 5897.41113281
46396 5892.86523438
46457 5887.70263672
