0 14026.6337891
118 13977.8339844
236 13886.4570312
296 13851.9453125
356 13837.7392578
529 13678.9433594
583 13647.1269531
615 13625.2802734
653 13598.6279297
695 13567.7558594
722 13540.3115234
767 13518.6523438
888 13448.7470703
948 13410.5273438
1008 13378.9755859
1043 13363.0371094
1078 13332.3662109
1139 13295.5712891
1199 13260.7050781
1294 13187.6865234
1329 13166.9394531
1389 13135.5595703
1510 13076.4599609
1690 12953.6279297
1750 12923.5517578
1810 12893.2324219
1930 12816.5371094
2291 13278.6054688
2351 13256.6474609
2411 13235.4853516
2471 13213.8535156
2520 13198.0976562
2569 13181.2939453
2604 13169.1552734
2640 13151.7089844
2675 13144.2519531
2710 13133.4130859
2770 13113.9882812
2830 13088.4599609
2891 13068.4482422
2943 13049.3828125
2995 13031.71875
3055 13009.4345703
3107 12996.0371094
3159 12975.8642578
3219 12947.0791016
3280 12927.3505859
3340 12910.0273438
3400 12889.1503906
3460 12870.15625
3520 12853.7246094
3580 12832.8574219
3640 12809.4990234
3700 12787.8710938
3760 12767.1523438
3821 12748.1152344
3856 12741.0761719
3878 12732.5146484
3923 12713.3017578
3984 12693.7998047
4044 12675.7539062
4104 12653.9628906
4164 12634.9160156
4224 12618.1113281
4284 12594.8154297
4344 12576.2089844
4404 12558.1445312
4464 12537.4042969
4525 12517.4648438
4560 12506.9619141
4595 12489.0146484
4655 12476.3134766
4715 12455.5195312
4776 12439.1552734
4836 12418.1835938
4896 12398.5722656
4956 12379.4570312
5196 12301.8427734
5256 12286.1152344
5317 12281.6806641
5377 12261.6601562
5437 12235.8193359
5497 12212.2324219
5557 12201.4970703
5617 12194.0791016
5677 12171.4140625
5737 12151.8779297
5797 12137.7392578
5858 12122.4970703
5918 12099.8710938
5978 12079.0546875
6038 12062.9130859
6098 12045.9560547
6158 12033.1552734
6218 12013.3691406
6278 11990.2685547
6319 11981.9003906
6360 11974.1396484
6420 11959.5976562
6541 11883.0996094
6601 11879.6826172
6661 11857.8085938
6721 11840.2460938
6781 11827.3994141
6841 11816.7578125
6901 11797.6191406
6952 11795.3105469
7003 11784.3935547
7064 11775.7568359
7124 11761.9238281
7184 11751.2451172
7244 11737.5214844
7304 11723.8095703
7364 11710.4755859
7424 11701.4658203
7484 11687.7685547
7544 11673.0488281
7845 11878.7822266
7891 11867.2246094
7938 11861.8857422
7998 11840.0771484
8058 11823.6669922
8118 11803.2060547
8178 11783.8066406
8238 11769.9931641
8299 11751.7226562
8359 11733.3867188
8419 11712.2861328
8479 11710.7490234
8539 11690.0224609
8599 11668.7724609
8659 11646.3818359
8719 11628.8300781
8780 11612.6621094
8840 11592.3837891
8900 11579.3798828
8960 11561.6542969
9020 11546.9794922
9080 11532.2255859
9140 11519.34375
9200 11503.78125
9252 11486.59375
9303 11473.0771484
9664 11528.8007812
9701 11517.5244141
9738 11507.1123047
9798 11489.3613281
9858 11477.6328125
9906 11468.40625
9953 11465.9589844
10014 11440.6650391
10074 11419.7353516
10134 11407.3974609
10194 11394.8408203
10254 11378.4541016
10314 11361.5615234
10374 11346.3769531
10435 11337.421875
10495 11322.9013672
10555 11300.0585938
10615 11287.0634766
10675 11272.6621094
10735 11261.8212891
10795 11243.7363281
10855 11232.7197266
10915 11216.6738281
10976 11209.3193359
11036 11186.5439453
11071 11171.5839844
11106 11162.9628906
11166 11148.5644531
11226 11137.2929688
11286 11125.0410156
11347 11108.1054688
11407 11088.2099609
11467 11080.7460938
11527 11063.0888672
11587 11041.6650391
11647 11026.5019531
11707 11013.1542969
11767 10999.28125
11827 10986.0898438
11874 10973.3017578
11921 10965.7285156
11981 10956.7441406
12042 10942.25
12083 10923.1074219
12106 10917.2724609
12147 10906.40625
12207 10891.8115234
12267 10878.3466797
12328 10867.03125
12388 10851.2744141
12433 10847.3554688
12478 10835.7734375
12538 10814.484375
12598 10803.5302734
12658 10788.0341797
12695 10779.9511719
12731 10773.2041016
12791 10758.0996094
12851 10743.3925781
12911 10730.9892578
12971 10716.9638672
13031 10697.8369141
13091 10679.6269531
13152 10662.0859375
13212 10655.3759766
13272 10639.4482422
13332 10625.4716797
13392 10612.5898438
13452 10599.8339844
13512 10578.8017578
13572 10572.1044922
13632 10554.3623047
13693 10544.8027344
13739 10531.859375
13786 10519.1845703
13846 10509.84375
13898 10500.1328125
13950 10490.0400391
14010 10475.0576172
14070 10465.1210938
14131 10454.7324219
14191 10439.2539062
14251 10424.8837891
14311 10411.8642578
14371 10399.4824219
14431 10392.015625
14491 10379.6884766
14551 10364.5878906
14960 10617.3554688
15008 10608.4179688
15068 10592.1279297
15129 10579.3164062
15189 10567.1503906
15249 10552.1748047
15309 10537.2021484
15369 10523.4902344
15429 10506.4306641
15489 10496.0908203
15549 10483.7041016
15597 10469.7275391
15646 10452.2626953
15706 10442.0488281
15766 10428.8798828
15826 10415.9873047
15886 10404.3613281
15946 10389.1630859
16007 10373.5830078
16067 10360.8935547
16127 10349.5410156
16187 10333.5488281
16247 10320.3476562
16307 10306.1875
16367 10293.7705078
16427 10279.8964844
16487 10266.4707031
16548 10254.109375
16608 10238.1357422
16668 10223.2099609
16728 10207.2617188
16788 10194.7421875
16848 10183.5146484
16908 10169.8417969
16968 10158.2753906
17028 10143.0117188
17089 10129.2041016
17149 10114.2470703
17209 10103.7900391
17269 10091.4863281
17329 10079.4863281
17389 10066.1767578
17449 10050.7744141
17509 10036.5107422
17569 10016.7666016
17630 10009.9179688
17690 9994.92871094
17750 9983.6640625
17810 9970.61816406
17851 9962.76953125
17893 9952.07714844
17953 9947.47265625
18013 9930.18847656
18062 9920.91015625
18110 9912.95019531
18171 9898.59570312
18231 9886.26074219
18291 9874.44628906
18351 9864.49804688
18411 9848.94042969
18471 9833.73730469
18529 9822.5234375
18566 9810.44042969
18604 9807.12304688
18664 9799.10546875
18724 9782.58203125
18784 9772.03613281
18844 9761.671875
18904 9751.91601562
18964 9738.37402344
19024 9726.05761719
19085 9715.72363281
19123 9707.05664062
19161 9694.69433594
19221 9682.75585938
19281 9672.19726562
19341 9658.25878906
19401 9645.67285156
19461 9633.14746094
19521 9616.23242188
19581 9596.42773438
19702 9596.9296875
19762 9585.23144531
19822 9575.51367188
19882 9560.86523438
19942 9548.46386719
20002 9537.08203125
20062 9523.69238281
20122 9509.95019531
20183 9499.51757812
20243 9493.73828125
20303 9486.65527344
20363 9467.01269531
20412 9453.3515625
20460 9443.50585938
20521 9430.84375
20581 9427.19335938
20641 9421.22265625
20701 9406.93945312
20761 9395.46972656
20821 9384.71289062
20881 9367.15820312
20941 9359.16503906
21002 9344.24414062
21062 9337.39550781
21122 9332.24609375
21182 9326.01757812
21242 9313.90136719
21299 9301.28417969
21342 9295.24707031
21388 9289.25292969
21448 9259.65722656
21508 9255.12109375
21568 9255.05273438
21628 9241.93945312
21689 9232.88378906
21749 9217.25976562
21809 9206.72851562
21869 9198.41796875
21929 9184.99023438
21989 9175.15332031
22049 9165.31347656
22109 9157.4375
22169 9146.9453125
22230 9134.46582031
22290 9123.24511719
22350 9113.52734375
22410 9099.18847656
22470 9090.03613281
22530 9080.41894531
22590 9070.47949219
22650 9059.44140625
22710 9046.33300781
22771 9034.36523438
22868 9024.1875
22906 9020.49609375
22966 9010.72949219
23026 9003.34277344
23086 8993.87402344
23146 8981.8671875
23206 8971.67382812
23267 8958.95898438
23327 8948.40820312
23364 8940.93945312
23401 8937.52734375
23702 8898.26171875
23762 8887.90429688
23822 8877.06054688
23882 8868.80761719
23942 8856.99414062
24002 8849.79296875
24063 8838.86328125
24123 8829.97070312
24183 8817.90136719
24243 8807.93066406
24303 8797.3359375
24363 8787.00683594
24423 8776.19726562
24483 8769.23925781
24544 8760.24707031
24604 8747.75
24664 8735.56542969
24724 8726.91699219
24784 8717.26660156
24844 8707.94726562
24904 8696.29394531
24964 8687.38183594
25024 8677.91601562
25085 8664.67578125
25145 8657.49511719
25205 8647.45996094
25265 8638.40234375
25325 8628.39257812
25385 8619.77734375
25445 8609.55175781
25505 8599.70800781
25566 8588.01269531
25626 8575.0390625
25686 8565.515625
25746 8552.71386719
25806 8543.5
25866 8533.49902344
25926 8523.9765625
25986 8514.19921875
26046 8504.86523438
26107 8492.97265625
26167 8484.76269531
26227 8476.921875
26287 8467.65722656
26342 8456.63769531
26398 8448.00683594
26458 8432.23144531
26496 8429.03027344
26535 8422.65332031
26595 8414.87792969
26646 8408.46484375
26696 8400.33691406
26756 8389.80371094
26817 8380.12304688
26877 8368.1953125
26937 8355.7421875
26997 8346.18164062
27057 8336.64941406
27117 8329.91992188
27177 8319.08984375
27237 8311.31054688
27297 8308.4453125
27358 8294.61230469
27418 8282.91796875
27478 8275.25878906
27538 8267.67871094
27598 8259.96679688
27658 8252.2734375
27718 8241.20019531
27778 8233.63378906
27838 8220.55761719
27899 8215.05664062
27959 8207.98339844
28019 8201.30078125
28079 8188.59570312
28139 8179.67822266
28199 8171.65576172
28259 8163.10791016
28319 8158.35693359
28379 8149.36376953
28440 8139.15722656
28500 8131.22753906
28560 8123.53125
28620 8118.98779297
28680 8109.06542969
29281 7967.28662109
29341 7965.44775391
29401 7957.71972656
29461 7947.99072266
29497 7944.57128906
29532 7938.29443359
29592 7929.69726562
29627 7922.47753906
29663 7917.06689453
29698 7913.29980469
29733 7906.74902344
29793 7897.00634766
29853 7890.25976562
29913 7883.82470703
29973 7875.06054688
30034 7865.92724609
30094 7857.16162109
30154 7845.79394531
30214 7839.01464844
30274 7831.46826172
30334 7823.55761719
30394 7814.28759766
30454 7806.74365234
30514 7795.84570312
30575 7785.04589844
30635 7777.28271484
30695 7770.16796875
30755 7761.78320312
30815 7751.76855469
30875 7737.20849609
30935 7732.79345703
30995 7726.33935547
31055 7715.29199219
31116 7707.19824219
31176 7698.50732422
31236 7689.92529297
31296 7683.30908203
31356 7672.48388672
31416 7663.23095703
31476 7654.4921875
31536 7650.24072266
31596 7640.19677734
31657 7628.3359375
31717 7615.76123047
31777 7611.58642578
31837 7604.86523438
31897 7599.74902344
31957 7590.60693359
32015 7580.29980469
32073 7571.91015625
32133 7564.43994141
32193 7555.95751953
32253 7547.36767578
32314 7538.61083984
32374 7515.8359375
32494 7465.27880859
32554 7455.71289062
32614 7446.58203125
32652 7444.15673828
32690 7435.55126953
32751 7427.81591797
32811 7420.24023438
32871 7412.91894531
32931 7401.02539062
32991 7394.0859375
33051 7386.07617188
33111 7377.33251953
33171 7371.27685547
33232 7364.29589844
33292 7355.47167969
33352 7348.10009766
33412 7337.48876953
33454 7332.15576172
33497 7326.62841797
33557 7318.30712891
33617 7308.97802734
33677 7303.33642578
33737 7296.49414062
33797 7289.61230469
33857 7280.82128906
33917 7270.15234375
33978 7261.6171875
34038 7239.41015625
34098 7238.67285156
34158 7238.58544922
34218 7231.42919922
34278 7222.84228516
34338 7213.61523438
34398 7202.62744141
34458 7197.44482422
34518 7190.70361328
34579 7182.13525391
34639 7177.13720703
34699 7169.47753906
34759 7160.88427734
34819 7153.68017578
34879 7148.13134766
34939 7139.83251953
34999 7134.08837891
35060 7126.51416016
35120 7117.65673828
35180 7110.65625
35240 7105.28515625
35300 7098.39453125
35360 7090.56347656
35420 7084.30908203
35480 7078.41650391
35540 7071.47998047
35601 7063.38183594
35661 7056.77636719
35721 7049.12695312
35781 7045.42773438
35841 7037.61328125
35901 7031.85449219
35961 7023.29736328
36021 7016.40673828
36081 7011.44042969
36142 7005.890625
36202 6998.37988281
36262 6991.05175781
36322 6983.52246094
36382 6975.04541016
36442 6967.84326172
36502 6961.89648438
36539 6957.92919922
36576 6953.18798828
36636 6946.82861328
36696 6937.67822266
36756 6931.22753906
36817 6924.93896484
36877 6920.29980469
36937 6913.28076172
36997 6905.34765625
37057 6898.33886719
37117 6891.77441406
37177 6885.65673828
37237 6878.94189453
37298 6870.5703125
37358 6864.52929688
37418 6858.94726562
37478 6851.65283203
37538 6846.12304688
37598 6837.59082031
37658 6830.42480469
37718 6821.78759766
37778 6816.92480469
37839 6812.36181641
37899 6807.02148438
37959 6799.88720703
38019 6792.56982422
38079 6783.98681641
38139 6779.53515625
38199 6771.81005859
38259 6764.14013672
38319 6758.65820312
38379 6753.00537109
38440 6746.43212891
38500 6739.03076172
38560 6729.8203125
38620 6694.84814453
38680 6686.02636719
38740 6682.79833984
38800 6678.19921875
38860 6670.05078125
38920 6662.77636719
38981 6653.57324219
39041 6648.67138672
39101 6642.25341797
39161 6637.83789062
39221 6620.91357422
39281 6614.82373047
39341 6607.95507812
39401 6601.68261719
39461 6594.72021484
39522 6588.12353516
39582 6584.68212891
39642 6575.72363281
39702 6567.80810547
39762 6562.70947266
39822 6554.92089844
39882 6548.65625
39942 6544.47949219
40002 6536.64746094
40062 6532.29589844
40123 6526.62939453
40183 6520.41064453
40243 6511.65234375
40303 6503.99072266
40363 6500.96337891
40423 6494.00097656
40483 6486.93066406
40543 6479.72509766
40603 6473.98535156
40664 6467.96191406
40724 6462.33789062
40784 6456.02929688
40836 6450.33154297
40889 6443.24316406
40949 6436.78027344
41010 6429.99365234
41070 6423.95800781
41130 6419.60693359
41190 6413.42285156
41250 6406.66796875
41310 6400.1875
41370 6393.93945312
41430 6388.31787109
41490 6384.15576172
41551 6375.93164062
41611 6371.17773438
41671 6363.45556641
41731 6356.69580078
41791 6351.37792969
41851 6344.328125
41911 6339.03466797
41971 6333.43798828
42031 6324.14160156
42091 6319.58251953
42152 6315.83447266
42212 6310.72558594
42272 6305.13427734
42332 6299.28613281
42392 6291.31787109
42452 6280.43554688
42512 6276.94189453
42572 6274.51171875
42632 6270.01074219
42693 6264.87207031
42753 6259.10693359
42813 6252.88964844
42873 6247.38232422
42933 6242.37255859
42993 6236.06738281
43053 6232.29101562
43113 6224.57763672
43174 6220.10351562
43234 6213.76464844
43294 6206.70410156
43354 6203.60400391
43414 6196.65576172
43474 6190.17041016
43534 6185.92822266
43594 6179.58740234
43654 6173.58105469
43715 6171.28417969
43835 6165.10644531
43895 6160.20361328
43955 6156.65722656
44015 6142.80175781
