0 13128.75
661 12928.9951172
1706 12460.9345703
1741 12448.4580078
1861 12402.9248047
1921 12390.5175781
2402 12213.1425781
2523 12178.4912109
2943 12030.5966797
3231 11881.3212891
3291 11866.9482422
3928 11909.5869141
3942 11901.140625
3962 11900.9560547
5092 11578.9980469
5440 11479.828125
5500 11465.6054688
5741 11391.2626953
5801 11379.4033203
6213 11261.5097656
6324 11232.0556641
6504 11180.9306641
6685 11140.7753906
6925 11055.90625
6985 11046.5761719
7223 10976.8730469
7341 10946.8691406
8002 11232.4804688
8062 11219.34375
8122 11206.6503906
8423 11129.1503906
8483 11114.8085938
8603 11083.3496094
8663 11070.4453125
8844 11018.5927734
8904 11008.4736328
8999 10980.7421875
9034 10973.2441406
9094 10958.8984375
9154 10945.0664062
9215 10931.0019531
9335 10903.4511719
9455 10874.4140625
9550 10852.2314453
9586 10842.1894531
9646 10828.4667969
9706 10816.2480469
10006 10731.9667969
10066 10721.5361328
10307 10664.3505859
10427 10632.2236328
10487 10624.5166016
10607 10599.9560547
10668 10586.1230469
10848 10545.2939453
10908 10532.9550781
10968 10519.9824219
11028 10506.5253906
11148 10482.7597656
11269 10449.2949219
11329 10439.4404297
11389 10425.421875
11485 10402.4824219
11520 10393.3623047
11641 10367.2705078
11821 10319.7041016
11881 10311.4941406
12061 10267.9775391
12302 10217.3525391
12362 10203.6386719
12602 10145.7070312
12663 10135.1005859
12723 10123.0771484
12783 10111.5947266
12843 10101.7421875
13023 10059.3105469
13083 10047.5361328
13143 10038.9892578
13204 10028.1162109
13247 10018.4384766
13276 10010.1630859
13321 9999.91699219
13382 9989.72265625
13442 9975.55664062
13502 9964.32714844
13552 9951.86523438
13603 9942.17773438
13663 9933.73535156
13784 9907.31054688
13844 9895.17089844
13904 9889.79394531
13964 9879.23730469
14024 9867.11523438
14084 9858.45898438
14204 9832.23632812
14325 9801.39257812
14385 9794.11523438
14445 9780.85058594
14505 9766.69042969
14926 10029.9951172
14986 10018.5
15046 10007.1835938
15106 9993.90332031
15166 9982.20214844
15226 9968.13378906
15286 9957.76074219
15346 9943.87792969
15459 9915.50488281
15512 9908.32324219
15572 9897.55273438
15632 9886.10546875
15692 9871.89355469
15752 9861.25097656
15872 9832.41796875
15933 9819.14355469
15993 9809.9140625
16053 9795.42480469
16173 9771.53027344
16233 9759.18164062
16294 9748.421875
16354 9737.40917969
16414 9723.52246094
16474 9709.25878906
16534 9701.76367188
16654 9677.12011719
16714 9664.64941406
16774 9652.52539062
16834 9642.32421875
16955 9615.88671875
17015 9601.96972656
17075 9588.82128906
17110 9581.15234375
17145 9577.25488281
17265 9549.34082031
17326 9538.80859375
17386 9527.23828125
17446 9519.76367188
17489 9512.16210938
17533 9503.90820312
17653 9474.80761719
17700 9467.44628906
17747 9460.10058594
17807 9446.9609375
17867 9438.17089844
17988 9410.33203125
18048 9403.98828125
18108 9393.01855469
18168 9379.31445312
18228 9367.7265625
18288 9357.55078125
18468 9318.17089844
18529 9311.41796875
18589 9304.22265625
18649 9291.12988281
18709 9277.88476562
18769 9266.30175781
18829 9251.93261719
18889 9246.93652344
19010 9218.91699219
19070 9208.4375
19190 9183.546875
19250 9173.79296875
19310 9162.15820312
19370 9151.63183594
19430 9138.09277344
19490 9124.61914062
19551 9115.79785156
19611 9107.19335938
19671 9093.52246094
19791 9069.00585938
19851 9057.34667969
19911 9047.06738281
19971 9037.20996094
20031 9027.61523438
20152 8998.72851562
20212 8991.67089844
20272 8980.82128906
20332 8969.57519531
20392 8956.54296875
20452 8943.64941406
20512 8934.03808594
20572 8924.09765625
20632 8910.3515625
20693 8897.60449219
20753 8887.16308594
20813 8873.015625
20873 8869.21191406
20933 8859.05078125
20993 8846.6015625
21054 8833.640625
21114 8823.81835938
21174 8813.4453125
21234 8803.73535156
21294 8794.90917969
21414 8767.45703125
21474 8758.74023438
21534 8749.13574219
21595 8737.93164062
21655 8732.0
21715 8725.02246094
21775 8714.15722656
21835 8699.84375
21895 8687.1953125
21955 8676.52441406
22075 8645.42480469
22136 8639.11816406
22196 8626.41601562
22256 8616.1796875
22316 8603.70605469
22376 8595.70996094
22478 8575.7109375
22497 8570.37304688
22534 8560.67578125
22655 8551.44433594
22775 8525.18359375
22835 8516.52050781
22895 8505.04785156
23015 8479.29492188
23076 8471.69921875
23136 8469.13476562
23196 8456.22851562
23298 8436.07910156
23340 8430.05273438
23401 8420.234375
23461 8412.015625
23521 8400.54882812
23740 8361.73046875
23800 8350.44726562
23860 8336.55078125
24341 8240.53808594
24401 8233.59570312
24461 8225.16699219
24521 8212.5859375
24581 8202.82910156
24641 8196.60546875
24701 8186.46972656
24762 8179.4453125
24822 8170.29492188
24882 8160.81494141
24942 8153.56982422
25002 8147.27441406
25062 8139.60205078
25122 8129.10742188
25182 8120.04492188
25242 8111.58251953
25303 8102.54248047
25363 8092.421875
25423 8084.39208984
25483 8076.64501953
25543 8066.39892578
25603 8056.32617188
25663 8050.72021484
25723 8040.75
25784 8033.71191406
25844 8021.4140625
25904 8016.85107422
25964 8009.00097656
26024 8000.06054688
26144 7978.0234375
26204 7973.11962891
26264 7965.57226562
26325 7956.89941406
26385 7947.98925781
26438 7938.98779297
26491 7931.99804688
26551 7920.28613281
26612 7912.49316406
26672 7900.46728516
26732 7890.69628906
26792 7883.17333984
26852 7874.65234375
26912 7863.94921875
26972 7856.47070312
27032 7850.56494141
27092 7842.10302734
27153 7830.9765625
27213 7822.48583984
27273 7811.65722656
27333 7804.55615234
27393 7794.14404297
27453 7787.45214844
27513 7776.91210938
27573 7769.44873047
27633 7757.99023438
27694 7749.39990234
27754 7744.29980469
27814 7739.31396484
27874 7730.04541016
27934 7723.87255859
27994 7711.38232422
28054 7703.14794922
28114 7692.56152344
28174 7687.140625
28235 7679.64453125
28295 7667.77050781
28355 7655.54101562
28776 7864.22119141
28836 7854.70068359
28896 7848.25830078
28956 7838.92773438
29016 7828.80224609
29076 7819.40478516
29136 7810.78515625
29196 7803.67871094
29256 7794.47265625
29317 7785.46533203
29377 7776.68310547
29437 7769.65820312
29497 7759.94238281
29557 7748.40917969
29617 7740.17333984
29677 7732.53759766
29737 7724.84814453
29798 7715.9765625
29858 7705.4375
29918 7695.48876953
29978 7685.40771484
30038 7679.79785156
30098 7673.40283203
30158 7663.80615234
30218 7649.4375
30278 7642.53564453
30339 7631.94189453
30399 7624.41748047
30459 7615.37890625
30519 7607.28613281
30579 7600.20849609
30639 7592.6875
30699 7582.98046875
30759 7574.06298828
30819 7566.9453125
30880 7560.3125
30940 7550.67724609
31000 7543.32861328
31060 7536.3828125
31120 7527.17285156
31180 7520.15234375
31240 7513.37353516
31300 7502.55712891
31360 7494.47412109
31420 7484.82177734
31661 7302.24316406
31721 7292.91552734
31781 7285.86083984
31841 7278.06982422
31901 7269.23144531
31961 7261.16796875
32001 7257.14208984
32040 7253.3671875
32100 7246.24951172
32160 7236.23974609
32220 7222.71972656
32281 7220.45605469
32341 7213.59521484
32401 7207.57714844
32461 7201.78369141
32508 7193.86083984
32556 7189.45019531
32616 7181.41601562
32676 7174.15283203
32736 7167.26367188
32797 7159.96582031
32857 7150.30224609
32917 7142.85498047
32977 7135.29443359
33037 7128.20751953
33097 7118.68798828
33157 7111.72558594
33217 7105.23974609
33277 7097.45703125
33316 7093.18457031
33355 7088.41748047
33415 7079.39404297
33476 7071.19091797
33527 7064.46728516
33578 7056.11035156
33638 7051.61572266
33698 7044.71240234
33758 7039.09863281
33818 7025.56835938
33878 7022.35253906
33938 7015.67578125
33999 7008.51464844
34059 7001.20214844
34119 6994.56201172
34179 6986.96289062
34239 6979.81445312
34299 6972.63818359
34359 6965.61035156
34419 6961.171875
34479 6953.99560547
34540 6944.94824219
34600 6938.30517578
34660 6933.02392578
34720 6925.39697266
34780 6918.45947266
34818 6913.12548828
34856 6907.99658203
34916 6901.38476562
34977 6896.47705078
35037 6887.87939453
35097 6879.38964844
35157 6872.12353516
35217 6867.44873047
35277 6861.37939453
35337 6854.47558594
35397 6846.54882812
35457 6838.30810547
35518 6831.08447266
35578 6823.85888672
35638 6819.34179688
35698 6812.92333984
35758 6805.32177734
35818 6798.51074219
35878 6791.00976562
35938 6784.85400391
35998 6776.57421875
36059 6770.1953125
36119 6763.61816406
36179 6756.8515625
36239 6750.93603516
36299 6743.2421875
36359 6735.78222656
36419 6725.42285156
36539 6678.75976562
36600 6676.74072266
36660 6670.71435547
36720 6664.46972656
36780 6658.54785156
36840 6653.24804688
36900 6646.03222656
36960 6639.47753906
37020 6631.98486328
37081 6625.07666016
37141 6618.34619141
37201 6614.35644531
37261 6606.05664062
37321 6600.05517578
37381 6593.04541016
37441 6586.59423828
37561 6567.09619141
37622 6564.81396484
37682 6561.19970703
37742 6553.24755859
37802 6547.484375
37862 6542.09716797
37922 6536.44580078
37982 6527.45849609
38042 6521.41992188
38102 6515.65576172
38163 6508.140625
38223 6501.98095703
38283 6496.13134766
38343 6489.10107422
38403 6478.51171875
38463 6472.52929688
38523 6467.05517578
38583 6458.07275391
38643 6449.00146484
38704 6439.05957031
38764 6427.39306641
38822 6424.28466797
38880 6421.27392578
38940 6418.91113281
39001 6408.65039062
39061 6400.20703125
39121 6394.27734375
39181 6388.99804688
39241 6383.42773438
39301 6375.97753906
39361 6368.45214844
39421 6363.33203125
39481 6356.21972656
39542 6347.53662109
39602 6340.87597656
39662 6336.83642578
39722 6330.01904297
39782 6324.6015625
39842 6318.16601562
39902 6311.95947266
39962 6307.92382812
40023 6301.40429688
40083 6296.03857422
40143 6290.38720703
40203 6284.14160156
40263 6279.44482422
40323 6273.84960938
40383 6264.36230469
40443 6260.57080078
40503 6254.12597656
40564 6248.5078125
40624 6244.10546875
40684 6238.51416016
40744 6230.44287109
40804 6222.20458984
40864 6216.36865234
40924 6211.64697266
40984 6203.91699219
41044 6197.48486328
41105 6191.68798828
41165 6186.64404297
41225 6182.22900391
41285 6175.31103516
41345 6174.25097656
41405 6170.47412109
41465 6166.53613281
41525 6161.64208984
41585 6153.12841797
41646 6148.32275391
41706 6143.68408203
41766 6138.06542969
41826 6132.18408203
41886 6131.07861328
41946 6128.06298828
42006 6126.21191406
42066 6120.36962891
42126 6114.24804688
42187 6108.71142578
42247 6095.06933594
42307 6090.71289062
42367 6088.22802734
42427 6085.18847656
42487 6081.7578125
42547 6075.20751953
42607 6070.4296875
42668 6066.15332031
42728 6060.58398438
42788 6053.81347656
42848 6048.78369141
42908 6043.14111328
42968 6037.30175781
43028 6032.51708984
43088 6024.36181641
43148 6018.89306641
43208 6016.92871094
43269 6012.94873047
43329 6005.88916016
43389 5999.78808594
43449 5994.76611328
43509 5991.62548828
43569 5983.93701172
43629 5980.35644531
43689 5975.98828125
43750 5969.08398438
43810 5963.26806641
43870 5957.49804688
43930 5949.52783203
43965 5947.07373047
44001 5946.00439453
44061 5941.88818359
44121 5935.34082031
44182 5931.46435547
44242 5924.68115234
44302 5920.34667969
44362 5913.78710938
44422 5907.53515625
44482 5903.21533203
44542 5897.86669922
44602 5892.35205078
44663 5887.90966797
44723 5885.23291016
44783 5880.34033203
44843 5875.34667969
44903 5869.99414062
44963 5864.1484375
45023 5856.9453125
45083 5854.61376953
45204 5851.26904297
45264 5844.93603516
45324 5839.640625
45384 5833.19677734
45444 5827.61767578
45504 5821.91357422
45564 5817.92480469
45624 5812.49951172
