0 15117.0878906
179 14964.296875
1493 14440.6621094
1590 14454.6611328
1812 14181.0625
1872 14170.5722656
1932 14158.3730469
2400 14271.1962891
2460 14258.3056641
2520 14244.1894531
2580 14229.6435547
3044 14046.3251953
3084 14032.6591797
3339 13934.3115234
3370 13921.1552734
3678 13807.7773438
4874 13369.6708984
5054 13289.5107422
5289 13208.7705078
5344 13196.2929688
5825 13044.3046875
6101 12929.8154297
6120 12924.9335938
6225 12892.4785156
6405 12828.1289062
6465 12816.3896484
6776 12710.0087891
8931 12513.8476562
9154 12442.3789062
9196 12429.3701172
9316 12397.8740234
9556 12299.9433594
10570 11972.3330078
10690 11942.8886719
10742 11930.3818359
10775 11919.2304688
10817 11906.4716797
11238 11774.7460938
11298 11762.3857422
11478 11712.6123047
11598 11685.421875
11899 11598.0498047
11959 11591.8867188
12019 11578.6142578
12079 11574.2792969
12139 11560.5585938
12260 11528.4306641
12320 11513.7207031
12380 11503.3525391
12500 11472.8740234
12801 11439.0039062
12861 11425.8876953
13038 11375.7011719
13098 11362.5302734
13219 11330.5380859
13279 11316.4619141
13459 11271.5839844
13519 11257.3232422
13639 11229.0146484
14000 11137.3320312
14120 11106.9511719
14240 11077.7021484
14276 11067.2597656
14288 11061.5869141
14326 11056.0449219
14386 11041.40625
14446 11028.2861328
14686 10965.7431641
14806 10935.2636719
14867 10922.3789062
15167 10842.7597656
15227 10829.0234375
15287 10815.5683594
15348 10800.8105469
15408 10786.7041016
15547 10748.359375
15589 10736.9921875
15710 10709.3261719
16070 10613.8701172
16130 10601.9316406
16311 10556.3505859
16371 10541.5839844
16431 10527.0205078
16491 10513.1044922
16551 10499.0292969
16611 10485.4433594
16648 10474.1259766
16678 10460.7226562
16730 10447.2978516
16791 10434.9326172
16851 10424.6894531
17031 10382.0664062
17091 10373.4794922
17332 10303.4863281
17572 10248.2314453
17632 10239.7070312
17812 10188.9296875
17873 10184.1855469
17933 10177.4648438
17993 10164.1142578
18053 10149.7158203
18173 10119.5673828
18233 10115.1533203
18293 10104.2392578
18353 10094.3134766
18414 10082.2060547
18714 10010.8974609
18774 9999.08984375
18834 9989.07910156
18894 9975.03125
18955 9969.79492188
19053 9942.99316406
19081 9939.66015625
19192 9910.13183594
19252 9899.984375
19372 9868.73339844
19432 9854.92578125
19492 9842.23632812
19552 9827.73925781
19793 9763.57714844
19913 9737.14257812
19973 9723.38378906
20093 9686.60644531
20154 9671.98632812
20214 9662.24511719
20274 9649.25585938
20334 9641.76367188
20394 9635.96386719
20634 9565.76367188
20755 9560.703125
20815 9550.52441406
20875 9538.00976562
21055 9489.20996094
21115 9478.77050781
21175 9470.015625
21235 9460.02929688
21288 9447.92773438
21331 9442.8515625
21383 9432.32324219
21443 9428.63183594
21503 9428.19140625
21563 9415.6640625
21668 9389.26464844
21699 9374.66699219
22165 9663.89160156
22219 9655.92382812
22264 9647.80175781
22316 9635.81347656
22376 9623.56445312
22436 9610.88769531
22496 9601.78417969
22556 9589.20996094
22616 9577.72851562
22676 9565.10351562
22797 9539.27148438
22857 9524.48535156
22917 9512.70996094
22977 9503.63085938
23037 9489.62890625
23097 9479.64257812
23157 9464.91015625
23209 9456.63085938
23254 9446.87695312
23301 9436.97949219
23355 9429.83398438
23415 9415.39160156
23475 9402.37304688
23535 9392.26464844
23595 9381.16601562
23656 9372.21191406
23716 9359.49414062
23776 9347.02148438
23836 9337.16503906
23896 9323.54394531
23956 9310.86035156
24016 9299.48828125
24076 9285.06835938
24136 9275.8671875
24197 9267.41699219
24257 9254.93457031
24317 9242.88769531
24377 9234.71191406
24437 9224.30761719
24497 9210.19335938
24557 9197.42871094
24617 9187.20996094
24677 9177.71191406
24737 9167.89941406
24798 9156.53515625
24858 9144.69628906
24978 9121.1875
25038 9109.24023438
25098 9097.70410156
25158 9085.59375
25218 9075.72363281
25279 9065.63183594
25339 9056.44824219
25399 9048.421875
25519 9018.17773438
25579 9007.00976562
25639 8996.67578125
25699 8982.39648438
25759 8972.96582031
25820 8959.69238281
25873 8952.50683594
25907 8947.4765625
25948 8937.546875
26008 8923.02148438
26068 8912.19335938
26128 8907.49804688
26188 8892.61621094
26248 8881.9375
26309 8869.3984375
26369 8855.7265625
26695 8538.33300781
26755 8525.75292969
26816 8520.5859375
26996 8434.61035156
27042 8426.73046875
27089 8419.83496094
27149 8408.79101562
27450 8376.15527344
27510 8367.00976562
27570 8361.28515625
27630 8349.26757812
27690 8340.31054688
27750 8330.61816406
27810 8320.43945312
27870 8309.87988281
27931 8300.36230469
27991 8292.90039062
28051 8282.73339844
28111 8273.20019531
28171 8263.36914062
28231 8252.9296875
28291 8245.4375
28351 8237.10546875
28411 8225.90429688
28472 8216.27832031
28532 8205.70800781
28592 8195.61328125
28652 8188.41210938
28712 8180.03173828
28772 8170.37597656
28832 8160.12060547
28892 8150.58105469
28952 8140.69482422
29006 8133.15380859
29060 8127.13037109
29120 8118.85107422
29180 8108.95507812
29240 8098.04150391
29301 8087.34765625
29361 8079.72705078
29421 8071.31005859
29481 8059.93798828
29541 8052.31787109
29601 8044.50830078
29661 8031.83496094
29721 8024.47314453
29781 8014.94091797
29842 8005.29589844
29902 7998.06787109
29962 7988.69287109
30022 7979.11230469
30082 7970.68017578
30142 7961.80957031
30201 7954.37304688
30259 7944.41796875
30319 7935.17285156
30379 7927.03515625
30430 7919.21191406
30465 7915.77099609
30511 7909.61328125
30571 7901.90625
30632 7892.15722656
30692 7885.04541016
30752 7875.60546875
30812 7865.51611328
30872 7854.36523438
30917 7849.16308594
30962 7842.41796875
31143 7763.65234375
31203 7756.85302734
31263 7746.36083984
31323 7737.79931641
31383 7730.35449219
31443 7722.57470703
31503 7714.29931641
31564 7705.88964844
31624 7698.25878906
31684 7691.01123047
31744 7682.64697266
31804 7672.74511719
31864 7664.04882812
31924 7654.03222656
31984 7648.50537109
32044 7639.05371094
32104 7628.86328125
32165 7624.72558594
32225 7613.90039062
32285 7606.84033203
32345 7598.19091797
32405 7590.203125
32465 7581.47949219
32525 7572.13720703
32585 7564.53417969
32646 7552.11425781
32706 7545.61181641
32766 7539.89697266
32826 7528.3671875
32886 7520.22070312
32946 7513.10058594
33006 7504.69384766
33066 7495.80859375
33126 7488.30224609
33187 7481.48486328
33247 7470.33203125
33307 7458.75878906
33367 7449.82519531
33410 7442.73730469
33439 7436.91943359
33470 7434.67871094
33515 7429.80761719
33576 7422.33007812
33636 7416.49023438
33696 7402.49023438
33756 7395.43261719
33816 7388.52294922
33876 7377.37646484
33936 7370.57421875
33996 7363.13330078
34056 7356.93701172
34117 7351.33935547
34177 7344.18066406
34237 7331.7265625
34297 7321.83349609
34357 7317.52880859
34417 7311.75244141
34477 7304.01416016
34537 7294.53955078
34597 7287.81103516
34658 7277.58544922
34718 7269.47216797
34758 7263.20751953
34798 7256.84179688
34859 7251.33642578
34919 7246.91699219
34979 7237.26757812
35039 7225.74462891
35099 7220.09326172
35159 7212.14746094
35219 7204.69238281
35279 7196.63720703
35340 7190.05224609
35400 7183.09179688
35460 7173.3046875
35520 7166.15820312
35580 7160.5546875
35640 7154.01171875
35700 7146.65429688
35760 7137.33056641
35820 7128.74707031
35880 7122.61914062
36271 7300.01611328
36331 7293.32470703
36391 7283.8359375
36451 7274.50878906
36511 7265.03271484
36572 7255.37646484
36632 7244.17675781
36692 7238.70166016
36752 7230.546875
36812 7221.03613281
36872 7212.8203125
36932 7205.80419922
36992 7198.22363281
37052 7190.16699219
37113 7181.06689453
37173 7170.77197266
37233 7162.35742188
37293 7155.19287109
37353 7147.93945312
37413 7140.30322266
37473 7128.80810547
37533 7121.63720703
37593 7111.51416016
37654 7103.99755859
37714 7095.71582031
37774 7085.77148438
37834 7079.76953125
37894 7070.28466797
37954 7059.11669922
38014 7052.33251953
38074 7042.69580078
38134 7036.04394531
38195 7026.87695312
38255 7017.54541016
38315 7010.23632812
38375 7001.77734375
38435 6994.71386719
38495 6987.48242188
38555 6978.27685547
38615 6969.34179688
38676 6960.73876953
38736 6954.37304688
38796 6943.52050781
38856 6933.67333984
38916 6926.36328125
38976 6919.98925781
39036 6913.34326172
39096 6902.90820312
39156 6894.27734375
39216 6886.62011719
39277 6876.58544922
39337 6867.25195312
39379 6862.48095703
39408 6860.22460938
39457 6853.05615234
39517 6843.34765625
39577 6834.05126953
39637 6825.92431641
39697 6816.62158203
39757 6811.09423828
39817 6801.58935547
39877 6790.15576172
39938 6778.12207031
39998 6768.70361328
40058 6759.16650391
40118 6746.75488281
40178 6739.51757812
40238 6727.23144531
40298 6718.41894531
40358 6709.42529297
40418 6696.86230469
40479 6684.45263672
40539 6677.80810547
40659 6668.31835938
40779 6598.16796875
40949 6502.75537109
40980 6499.09521484
41022 6493.63818359
41082 6479.42529297
41142 6471.53173828
41202 6463.60400391
41323 6438.40625
41383 6434.15087891
41430 6421.48583984
41457 6418.66015625
41498 6414.15283203
41558 6406.79541016
41618 6395.97998047
41678 6381.328125
41738 6366.52978516
41798 6358.02001953
41858 6352.1953125
42099 6353.01464844
42159 6342.26367188
42219 6337.50146484
42279 6337.23925781
42339 6328.44921875
42399 6319.00830078
42459 6306.96826172
42520 6301.41503906
42580 6296.96191406
42640 6290.11376953
42700 6279.21044922
42760 6270.54931641
42820 6260.49902344
42880 6254.45654297
42940 6247.36083984
43000 6235.51757812
43058 6229.29833984
43115 6224.62939453
43175 6215.12011719
43235 6203.83154297
43295 6193.06542969
43356 6186.27734375
43416 6177.71386719
43476 6177.09619141
43536 6167.46679688
43596 6157.54589844
43656 6146.24072266
43716 6135.9453125
43776 6132.02880859
43836 6125.02099609
43897 6118.08349609
43957 6109.66845703
44077 6101.23876953
44137 6098.78613281
44197 6091.80615234
44257 6080.29833984
44317 6067.42382812
44377 6065.31787109
44438 6060.09033203
44498 6053.50341797
44558 6047.49755859
44618 6037.52978516
44678 6031.38183594
44738 6026.15039062
44798 6019.40039062
44858 6011.99023438
44918 6002.26025391
44979 5992.75195312
45039 5987.34423828
45099 5979.12792969
45159 5973.53173828
45219 5968.12988281
45279 5963.22851562
45339 5957.62207031
45580 6118.24560547
45880 6142.67724609
45940 6135.16552734
46000 6126.05517578
46061 6118.11767578
46121 6108.77441406
46181 6100.57617188
46241 6092.17285156
46301 6082.9296875
46361 6074.37304688
46421 6066.06494141
46481 6056.92480469
46541 6053.20605469
46602 6041.38134766
46662 6032.31347656
46722 6023.37353516
46783 6014.44091797
46843 6007.23632812
46904 6000.64501953
46964 5991.87255859
47025 5985.05517578
47085 5973.16845703
47146 5963.86132812
47206 5956.01855469
47266 5946.6640625
47301 5942.03662109
47328 5938.65039062
47379 5930.36376953
47439 5924.35351562
47500 5917.92431641
47560 5907.84570312
47620 5901.37353516
47680 5894.87646484
47740 5885.90087891
47800 5874.82958984
47860 5863.76171875
47920 5856.30371094
47980 5851.91992188
48041 5845.9453125
48101 5842.99511719
48161 5831.06494141
48221 5828.18359375
48281 5816.48583984
48341 5804.5625
48401 5795.40527344
48461 5788.98535156
48521 5783.72412109
48582 5774.30273438
48642 5766.34667969
48702 5759.53759766
48762 5756.46484375
48822 5744.42919922
48882 5732.05615234
48942 5724.68896484
49002 5716.51318359
49062 5710.21582031
