0 16496.4179688
60 16445.0664062
115 16378.5722656
169 16358.0615234
286 16264.5683594
320 16241.5683594
356 16214.1064453
416 16180.7939453
476 16131.8476562
536 16078.5683594
571 16054.2128906
598 16041.53125
650 16002.4902344
710 15958.8486328
892 15797.9931641
952 15752.5888672
992 15723.9013672
1031 15700.2275391
1091 15682.6210938
1152 15648.4580078
1209 15598.5830078
1266 15561.8535156
1327 15488.5439453
1380 15426.8623047
1432 15374.6044922
1492 15326.3652344
1553 15261.8935547
1613 15202.1865234
1656 15172.8095703
1700 15123.6689453
1760 15069.3339844
1820 15044.4335938
1880 14994.6210938
1941 14906.4462891
2001 14888.5058594
2061 14832.5898438
2121 14784.3642578
2181 14758.1269531
2241 14691.0175781
2301 14630.6230469
2338 14618.2753906
2375 14613.6972656
2435 14576.1435547
2495 14535.9716797
2555 14507.4658203
2615 14424.5585938
2675 14397.4892578
2735 14363.3710938
2771 14329.2236328
2793 14318.3027344
2839 14308.3417969
2900 14268.0429688
2960 14221.1679688
3006 14211.9394531
3037 14205.375
3081 14147.5136719
3458 13154.3330078
3518 13108.1005859
3560 13060.890625
3582 13052.6396484
3623 13018.375
3924 14981.6191406
3984 14958.9697266
4044 14926.5380859
4104 14894.8125
4164 14874.6611328
4199 14855.0244141
4214 14843.953125
4242 14836.7070312
4291 14820.6132812
4351 14785.8144531
4411 14733.5898438
4466 14711.0322266
4507 14693.5068359
4552 14674.1962891
4593 14647.375
4634 14633.4072266
4694 14615.1904297
4754 14590.7158203
4814 14563.4628906
4874 14535.3388672
5001 14410.4248047
5040 14396.1914062
5336 14483.4716797
5396 14462.7431641
5456 14438.0605469
5517 14414.0917969
5576 14393.1083984
5610 14378.9208984
5646 14363.7060547
5706 14342.1025391
5766 14323.84375
5826 14293.1210938
5886 14276.9550781
6334 14178.5332031
6522 14512.6845703
6578 14493.5058594
6638 14468.7832031
6698 14439.5263672
6758 14429.0087891
6818 14406.3955078
6878 14375.3779297
6938 14355.1240234
6991 14335.4169922
7044 14312.4335938
7105 14288.8935547
7165 14265.8964844
7225 14236.984375
7285 14213.8310547
7345 14191.703125
7405 14173.3320312
7465 14146.0742188
7525 14121.3134766
7585 14093.8867188
7646 14074.7792969
7681 14061.9404297
7713 14057.0292969
7770 14031.5986328
7830 14014.0898438
7890 13988.1630859
7950 13936.8447266
7987 13923.4345703
8018 13923.2421875
8071 13913.7021484
8131 13894.4052734
8178 13876.0302734
8225 13850.5058594
8266 13832.1445312
8308 13822.0214844
8368 13792.9414062
8428 13770.1191406
8488 13749.3369141
8548 13735.5039062
8608 13719.3017578
8668 13686.2490234
8728 13666.3076172
8788 13646.1884766
8849 13629.9111328
8909 13608.78125
9089 13557.2304688
9149 13546.3037109
9209 13521.6855469
9269 13483.9355469
9329 13477.2294922
9379 13460.4414062
9410 13455.5800781
9452 13447.7792969
9512 13427.1816406
9572 13411.1806641
9633 13401.8984375
9693 13385.3525391
9753 13374.7246094
9813 13356.0166016
9873 13333.3642578
9933 13308.2685547
9993 13291.6435547
10053 13271.4433594
10114 13251.203125
10174 13238.2304688
10234 13221.4707031
10292 13201.8710938
10350 13180.5976562
10410 13169.3769531
10470 13149.0546875
10530 13132.9541016
10591 13103.7675781
10651 13091.9482422
10698 13077.7958984
10746 13066.1826172
10806 13049.4912109
10866 13032.9492188
10926 13008.9414062
10986 12993.1513672
11031 12980.4404297
11059 12973.9111328
11104 12957.1679688
11164 12944.2089844
11224 12926.46875
11284 12905.1894531
11344 12884.1621094
11404 12856.3388672
11464 12841.640625
11525 12824.7431641
11585 12805.7490234
11645 12795.1542969
11705 12777.7158203
11765 12758.1201172
12186 13063.2529297
12246 13046.0390625
12306 13023.859375
12366 13003.5361328
12426 12988.0595703
12486 12971.7041016
12546 12947.8291016
12607 12931.5488281
12667 12919.1591797
12727 12902.4951172
12787 12877.1210938
12847 12845.8349609
12907 12824.1142578
12951 12814.8623047
12972 12808.5625
12990 12802.4853516
13031 12790.3632812
13091 12773.6162109
13151 12755.4619141
13211 12738.9648438
13271 12715.1240234
13331 12698.4980469
13391 12681.3496094
13451 12666.0107422
13508 12643.9394531
13565 12631.0869141
13625 12615.3701172
13685 12597.3681641
13730 12581.96875
13776 12563.8681641
13821 12553.7919922
13867 12532.9824219
13927 12513.7783203
13987 12501.8037109
14047 12486.4951172
14107 12462.7646484
14167 12449.0654297
14221 12433.6240234
14266 12417.2880859
14318 12399.8212891
14378 12385.359375
14438 12367.5332031
14498 12350.1640625
14558 12339.0839844
14619 12320.0048828
14679 12302.1464844
14739 12298.1455078
14799 12273.1064453
14859 12247.7177734
14919 12229.7597656
14979 12222.6582031
15039 12213.8623047
15099 12194.2460938
15160 12168.5966797
15220 12149.2060547
15280 12138.4296875
15340 12122.0673828
15400 12103.9599609
15460 12084.9560547
15520 12071.8291016
15580 12056.3984375
15640 12041.7167969
15701 12022.9931641
15761 12003.3408203
15821 11985.328125
15881 11965.5117188
15941 11958.0244141
16001 11943.6679688
16061 11934.7216797
16121 11908.9111328
16160 11900.7392578
16188 11895.3212891
16239 11876.3896484
16299 11861.2519531
16359 11843.9189453
16419 11829.4248047
16480 11811.3125
16540 11800.328125
16600 11784.8867188
16660 11770.3818359
16720 11757.5751953
16780 11742.78125
16840 11727.609375
16900 11711.9375
16960 11693.4472656
17021 11682.1855469
17081 11664.7851562
17141 11649.4287109
17201 11635.2509766
17261 11619.2304688
17321 11603.5556641
17381 11591.7138672
17441 11576.5419922
17501 11558.0585938
17562 11546.5664062
17622 11531.8154297
17682 11514.484375
17742 11497.6933594
17802 11480.7197266
17862 11464.2236328
17911 11452.3818359
17950 11443.2890625
18011 11430.8701172
18071 11415.6064453
18131 11396.3115234
18191 11380.0908203
18251 11369.5595703
18311 11354.3222656
18371 11336.1611328
18431 11325.2802734
18492 11312.7929688
18552 11298.0400391
18612 11285.0087891
18672 11272.5263672
18732 11255.1728516
18792 11239.7568359
18852 11224.9462891
18912 11210.2568359
18972 11188.2490234
19033 11179.9003906
19093 11166.0380859
19153 11151.0341797
19213 11140.3261719
19273 11125.8212891
19333 11112.2900391
19393 11099.4169922
19453 11082.2080078
19513 11070.5654297
19574 11057.8046875
19634 11043.9814453
19694 11028.9267578
19754 11011.8222656
19814 11001.5908203
19874 10988.4697266
19934 10975.1591797
19994 10961.640625
20054 10947.7636719
20115 10935.3945312
20175 10921.3935547
20230 10905.0234375
20274 10893.1894531
20322 10883.9707031
20382 10870.1552734
20442 10857.3662109
20477 10851.3818359
20511 10842.8769531
20570 10829.3212891
20630 10814.6738281
20690 10799.6220703
20750 10787.7402344
20810 10774.4052734
20870 10761.6611328
20930 10749.0664062
20991 10733.6171875
21051 10720.1962891
21111 10709.3505859
21171 10697.0292969
21231 10685.3505859
21291 10668.3349609
21351 10663.421875
21411 10651.5458984
21471 10617.7929688
21532 10611.9541016
21592 10602.2773438
21652 10589.5722656
21712 10546.3193359
21772 10534.0693359
21832 10521.1835938
21892 10511.5449219
21952 10495.78125
22012 10474.7099609
22073 10465.6044922
22133 10455.0595703
22181 10442.7460938
22221 10428.1210938
22634 10682.4697266
22672 10671.7070312
22709 10665.7988281
22769 10651.5664062
22829 10638.4345703
22890 10623.8994141
22950 10608.1425781
23010 10594.8691406
23070 10584.0917969
23130 10570.1201172
23190 10554.5
23250 10539.1445312
23310 10523.1601562
23370 10507.4072266
23431 10497.5
23491 10484.5546875
23526 10475.3251953
23537 10475.234375
23548 10471.8945312
23571 10465.3242188
23618 10453.6855469
23679 10437.5898438
23739 10425.0556641
23799 10413.0117188
23859 10396.6386719
23919 10382.4941406
23979 10367.4863281
24039 10358.9462891
24099 10345.8808594
24159 10332.6455078
24220 10313.8222656
24280 10306.2167969
24340 10293.3984375
24400 10276.875
24460 10262.1669922
24520 10247.6992188
24580 10237.5976562
24640 10218.7773438
24700 10206.1318359
24761 10192.0673828
24821 10181.6162109
24881 10171.9951172
24941 10153.328125
25001 10143.4628906
25061 10128.7822266
25121 10110.5898438
25181 10094.390625
25241 10084.7558594
25302 10073.7490234
25362 10060.5527344
25422 10049.3378906
25482 10039.9140625
25542 10025.6201172
25602 10011.8085938
25662 9997.56152344
25722 9979.94433594
25782 9969.35449219
25843 9958.18554688
25903 9950.296875
25963 9932.078125
26023 9916.57421875
26083 9910.55175781
26129 9901.18457031
26159 9899.02929688
26205 9892.12109375
26265 9876.71289062
26325 9859.453125
26385 9845.83398438
26445 9840.04394531
26506 9828.6484375
26566 9814.54589844
26626 9804.85351562
26686 9790.54492188
26746 9774.52539062
26806 9763.69433594
26866 9752.43554688
26926 9742.41601562
26986 9730.07421875
27047 9715.6484375
27107 9702.80566406
27167 9691.59375
27227 9680.50292969
27287 9667.81835938
27347 9651.49902344
27407 9641.15917969
27467 9632.359375
27527 9617.36621094
27588 9608.84863281
27648 9594.11230469
27708 9578.91210938
27768 9571.578125
27828 9561.07617188
27888 9551.01660156
27948 9535.70019531
28008 9526.1640625
28068 9511.68652344
28129 9501.89941406
28189 9489.01757812
28249 9480.6953125
28309 9471.421875
28354 9462.53515625
28383 9457.88378906
28426 9447.66992188
28487 9437.140625
28547 9425.56152344
28607 9414.06933594
28667 9404.60058594
28727 9394.17089844
28787 9384.30078125
28847 9371.07519531
28907 9358.91113281
28968 9342.58886719
29028 9338.20117188
29088 9324.55371094
29148 9313.015625
29208 9300.54296875
29448 8975.57226562
29509 8958.71386719
29544 8950.6328125
29558 8934.33398438
29597 8915.48339844
29658 8899.375
29718 8892.50976562
29778 8883.50488281
29838 8872.43945312
29898 8857.67578125
29958 8855.3671875
30018 8849.015625
30078 8839.32617188
30139 8828.70703125
30199 8818.09667969
30259 8816.25
30319 8799.03027344
30379 8783.30078125
30619 8748.41308594
30680 8736.90722656
30740 8730.72460938
30800 8719.61523438
30860 8709.66210938
30920 8698.36816406
30964 8686.9453125
30994 8684.74316406
31039 8678.58203125
31100 8668.47167969
31160 8659.18554688
31220 8647.41015625
31280 8639.0625
31340 8629.61621094
31400 8620.54199219
31460 8607.39941406
31521 8596.68164062
31581 8588.50878906
31641 8578.53027344
31701 8571.18652344
31761 8557.64160156
31821 8550.79589844
31881 8539.49121094
31942 8526.83398438
32002 8517.65917969
32062 8508.01660156
32122 8500.0703125
32182 8490.90234375
32242 8479.77734375
32302 8470.26269531
32362 8456.25488281
32403 8452.31542969
32432 8446.765625
32481 8438.30078125
32541 8426.59863281
32601 8415.15722656
32661 8406.37988281
32721 8401.00488281
32781 8389.50292969
32841 8380.35742188
32902 8372.11523438
32962 8362.63476562
33022 8351.25292969
33082 8341.70605469
33142 8333.82128906
33202 8323.79101562
33262 8313.28222656
33322 8302.47363281
33382 8294.42285156
33443 8285.03515625
33503 8275.58984375
33563 8265.20410156
33623 8258.49902344
33683 8248.28027344
33743 8240.70117188
33803 8229.0234375
33863 8216.92773438
33923 8210.20117188
33984 8199.875
34044 8193.18164062
34104 8183.10302734
34164 8173.71435547
34224 8164.99658203
34284 8154.32226562
34344 8142.88525391
34404 8130.89892578
34464 8125.796875
34504 8120.39306641
34544 8114.44921875
34604 8105.58398438
34665 8095.68310547
34725 8087.16845703
34785 8077.62939453
34845 8067.26367188
34905 8057.15576172
34965 8052.22412109
35025 8044.24121094
35085 8033.95703125
35145 8029.51708984
35206 8017.61962891
35266 7995.55859375
35326 7993.78955078
35386 7990.59277344
35446 7984.35693359
35506 7973.84277344
35566 7966.23339844
35626 7951.54492188
35664 7947.44580078
35722 7950.34960938
35783 7933.13378906
35843 7925.49414062
35903 7918.90380859
35963 7911.98095703
36023 7906.13134766
36083 7895.64208984
36143 7887.78857422
36203 7876.33691406
36263 7811.546875
36302 7782.82275391
36341 7771.76953125
36401 7764.40966797
36461 7754.45898438
36521 7748.88818359
36581 7739.02490234
36641 7727.53466797
36702 7721.72900391
36762 7714.24951172
36822 7706.20117188
36882 7705.85302734
36942 7689.55273438
37002 7675.33886719
37062 7668.21142578
37122 7657.78564453
37182 7651.78173828
37243 7645.64257812
37303 7638.27636719
37363 7632.87939453
37423 7622.796875
37483 7607.2578125
37543 7599.82275391
37603 7594.73339844
37663 7583.64306641
37723 7573.67578125
37904 7572.02685547
37964 7562.39941406
38024 7547.38623047
38084 7542.76220703
38144 7534.57470703
38204 7527.86523438
38265 7518.54394531
38325 7509.23486328
38385 7504.65673828
38445 7503.53222656
38505 7487.58300781
38565 7477.97021484
38625 7472.828125
38685 7466.72607422
38745 7457.73925781
38803 7450.70507812
38852 7444.70605469
38903 7437.96630859
38964 7430.98242188
39024 7423.265625
39084 7412.38916016
39144 7408.08056641
39204 7399.77441406
39264 7392.03564453
39324 7382.54736328
39385 7377.57177734
39445 7370.99023438
39505 7361.62695312
39565 7354.43994141
39625 7345.96191406
39685 7339.49121094
39745 7332.06640625
39805 7322.59033203
39866 7316.27978516
39926 7308.1953125
39986 7301.80273438
40046 7293.31542969
40106 7284.61328125
40166 7276.3671875
40226 7270.38427734
40281 7262.84423828
40335 7257.67675781
40396 7248.61279297
40456 7238.78759766
40516 7231.81689453
40576 7225.48339844
40636 7213.46337891
40696 7205.41162109
40756 7196.11816406
40816 7188.51708984
40876 7178.6484375
40937 7168.31835938
40997 7164.08935547
41057 7155.14501953
41117 7146.4375
41177 7136.52880859
41237 7126.00830078
41297 7115.66552734
41357 7108.234375
41417 7101.47851562
41478 7092.66992188
41538 7085.81640625
41598 7076.43017578
41658 7065.42675781
41718 7059.81396484
41778 7050.32373047
41838 7038.73632812
41898 7032.24902344
41958 7024.36083984
42019 7020.16943359
42079 7014.8671875
42139 7009.15429688
42199 7000.83203125
42259 6991.16796875
42319 6986.70654297
42379 6977.51513672
42439 6972.08984375
42499 6961.04003906
42560 6950.84814453
42608 6948.71826172
42640 6946.23388672
42684 6944.59570312
42745 6939.13330078
42805 6929.09960938
42865 6921.8046875
42925 6911.4453125
42985 6904.54394531
43045 6899.38085938
43105 6892.12695312
43346 6867.32568359
43526 7062.57910156
43586 7054.43945312
43646 7046.11132812
43706 7038.36230469
43767 7029.80175781
43827 7018.77001953
43887 7012.86816406
43947 7003.28613281
44007 6995.12451172
44067 6987.99414062
44127 6979.29785156
44187 6971.1640625
44247 6962.46289062
44308 6954.18066406
44368 6946.34130859
44428 6937.86376953
44488 6927.72900391
44548 6920.83544922
44608 6911.50537109
44668 6903.85449219
44728 6896.69091797
44788 6888.97167969
44849 6880.36035156
44909 6871.88769531
44969 6864.34765625
45029 6857.00537109
45089 6848.28027344
45149 6838.70947266
45209 6832.07910156
45269 6826.03369141
45329 6819.60449219
45390 6812.29345703
45450 6804.26708984
45510 6796.09814453
45570 6788.0546875
45630 6780.05126953
45690 6771.38476562
45750 6764.65380859
45810 6757.91796875
45870 6754.16650391
45931 6741.37939453
45991 6734.93359375
46051 6727.38085938
46111 6719.76025391
46171 6710.36181641
46231 6705.4921875
46291 6700.26269531
46351 6691.86621094
46411 6682.57373047
46472 6675.01513672
46532 6664.67578125
46592 6653.77636719
46652 6649.95263672
46712 6642.24658203
46772 6634.64599609
46832 6628.74902344
46892 6621.33154297
46952 6607.28320312
47013 6592.35058594
47073 6591.10644531
47133 6584.78564453
47193 6577.35546875
47253 6570.60449219
47313 6561.54150391
47373 6555.18457031
47433 6547.17626953
47493 6536.76367188
47554 6531.85888672
47614 6522.96875
47674 6513.10302734
47734 6506.97216797
47794 6500.61572266
47854 6492.18164062
47914 6480.42138672
47974 6474.28076172
48035 6468.27587891
48095 6459.80517578
48155 6453.30908203
48196 6445.70263672
48222 6438.52880859
48266 6437.13867188
48327 6430.03955078
48387 6424.50195312
48447 6419.65722656
48507 6411.35302734
48567 6402.65283203
48627 6397.46582031
48687 6388.8984375
48747 6380.58544922
48807 6377.94970703
48868 6374.69091797
48928 6370.20117188
48988 6364.43017578
49048 6349.85302734
49108 6344.97167969
49168 6342.03759766
49228 6334.33837891
49288 6329.95214844
49348 6325.44335938
49409 6317.67626953
49589 6120.86474609
49649 6105.58447266
49709 6097.33154297
49769 6092.83105469
49829 6085.65966797
49889 6079.24755859
49950 6075.14355469
50010 6067.28710938
50070 6062.11914062
50130 6054.71630859
50190 6048.37646484
50250 6042.11279297
50310 6035.55322266
50370 6030.72558594
50430 6022.96972656
50490 6016.22070312
50551 6011.75585938
50611 6004.58007812
50671 5996.79638672
50731 5990.13574219
50791 5983.41455078
50851 5975.86767578
50911 5971.81005859
50971 5965.56005859
51032 5959.40429688
51092 5952.87597656
51152 5945.94628906
51201 5940.82910156
51244 5936.48193359
51297 5931.5859375
51358 5923.95507812
51418 5919.56542969
51478 5912.97314453
51538 5906.10644531
51598 5900.12207031
51658 5893.10253906
51718 5886.71533203
51778 5880.53027344
51839 5877.36914062
51899 5868.45507812
51959 5860.59375
52019 5855.51367188
52079 5849.9140625
52139 5842.65966797
52199 5836.85644531
52259 5830.35400391
52319 5823.68212891
52379 5815.01757812
52440 5807.60009766
52500 5803.94433594
52560 5798.16357422
52620 5792.29443359
52680 5784.54638672
52740 5778.96484375
52800 5772.14746094
52860 5765.81152344
52921 5759.53271484
52981 5754.19677734
53041 5747.22949219
53101 5742.88818359
53161 5738.49853516
53221 5731.73144531
53281 5725.91015625
53341 5719.98193359
53401 5711.77001953
53462 5706.72509766
53522 5700.52392578
53582 5693.42236328
53642 5687.35009766
53702 5681.60693359
53762 5677.40820312
53822 5672.42041016
53882 5667.88085938
53942 5661.47509766
54002 5655.65380859
54063 5649.59863281
54123 5642.46044922
54180 5637.07519531
54224 5633.67871094
54269 5629.77832031
54330 5624.75585938
54390 5618.70214844
54450 5612.80712891
54510 5606.96386719
54570 5600.68994141
54630 5593.36132812
54690 5587.86132812
54750 5581.77832031
54811 5575.99951172
54871 5569.0625
54931 5563.77929688
54991 5557.85058594
55051 5551.56982422
55111 5547.04638672
55171 5541.42724609
55231 5535.38427734
55291 5515.56787109
55352 5507.03417969
55412 5500.92089844
55472 5495.390625
55532 5493.56494141
55592 5488.7734375
55652 5480.98095703
55712 5471.91015625
55772 5470.62353516
55832 5463.80908203
55893 5461.58935547
55953 5454.33154297
56013 5448.05859375
56073 5443.84179688
56133 5437.71923828
56193 5432.11523438
56253 5428.65771484
56313 5421.828125
56373 5416.21484375
56434 5411.48095703
56494 5406.26269531
56554 5401.19873047
56614 5395.53808594
56674 5392.41259766
56734 5382.94042969
56794 5375.98974609
56854 5371.62841797
56915 5367.09619141
56975 5363.48486328
57035 5357.54589844
57095 5352.83691406
57155 5346.72070312
57215 5338.61914062
57275 5332.3203125
57335 5328.28369141
57395 5321.08691406
57455 5311.12597656
57516 5307.30664062
57576 5302.93652344
57636 5296.96826172
57696 5295.54736328
57756 5289.33349609
57816 5284.07910156
57876 5278.09423828
57936 5271.40673828
57996 5264.41943359
58057 5260.31884766
58117 5254.10400391
58177 5247.85107422
58237 5242.96240234
58297 5235.33056641
58357 5227.77148438
58417 5224.98730469
58477 5220.48242188
58537 5215.64501953
58598 5211.16748047
58658 5203.85351562
58718 5201.703125
58778 5194.65332031
58838 5181.74902344
58898 5180.16552734
58958 5177.85449219
59018 5173.21630859
59079 5168.33740234
59139 5162.61376953
59199 5158.17724609
59259 5153.45263672
59319 5148.09863281
59379 5144.26416016
59439 5139.8125
59499 5136.48291016
59559 5128.13427734
59620 5123.39648438
59680 5121.06054688
59740 5115.68261719
59860 5120.5
59980 5109.37353516
60100 5107.37353516
60160 5095.74804688
60220 5091.54589844
60280 5085.98144531
60340 5082.24755859
60400 5077.48876953
60460 5073.00390625
