0 13292.4013672
60 13260.1376953
102 13229.7851562
132 13203.7783203
180 13202.5371094
247 13170.2011719
303 13148.8701172
514 13113.3496094
574 13078.9912109
634 13051.7470703
688 13021.4697266
741 13005.1748047
801 12972.8105469
862 12947.4023438
922 12921.5458984
982 12886.1035156
1024 12871.1943359
1046 12864.7792969
1085 12848.2949219
1145 12818.9501953
1566 13145.1123047
1626 13120.1552734
1686 13092.4482422
1747 13069.8876953
1807 13043.2148438
1867 13018.1738281
1927 12988.6464844
1987 12970.7900391
2047 12944.5683594
2107 12919.8798828
2167 12892.1484375
2227 12871.0791016
2288 12848.0917969
2348 12827.1455078
2408 12793.7529297
2528 12716.2792969
2588 12695.0498047
2648 12665.9550781
2708 12641.0039062
2768 12613.7792969
2829 12587.6552734
2889 12560.1835938
2949 12535.0683594
3009 12514.3417969
3129 12441.7783203
3189 12427.3408203
3249 12402.5107422
3310 12375.5234375
3370 12354.0664062
3430 12331.0332031
3490 12304.5517578
3550 12267.2285156
3610 12250.3369141
3670 12222.1806641
3730 12191.4111328
3790 12162.9511719
3851 12135.3701172
3911 12108.5126953
4031 12031.0214844
4147 11954.8789062
4190 11922.265625
4221 11909.4638672
4252 11891.6230469
4298 11866.2783203
4358 11830.3886719
4539 11707.1669922
4599 11679.125
4659 11652.0810547
4719 11614.1376953
4779 11586.4580078
4839 11549.7958984
4899 11517.2685547
4960 11490.5117188
5020 11458.0341797
5140 11381.6035156
5200 11348.6894531
5296 11275.1171875
5326 11258.9863281
5680 11643.2539062
5740 11621.7988281
5800 11606.8740234
5860 11585.4013672
5920 11574.3603516
5980 11556.6533203
6041 11542.7353516
6101 11530.5126953
6161 11505.8574219
6221 11493.2666016
6281 11479.4414062
6341 11461.4023438
6401 11446.5195312
6461 11432.5625
6521 11413.3056641
6582 11394.5664062
6642 11372.0419922
6702 11357.8486328
6762 11333.0390625
6822 11312.7216797
6882 11297.8720703
7053 11558.2880859
7271 11592.8710938
7331 11573.6582031
7368 11558.9755859
7404 11552.4775391
7464 11536.8486328
7524 11513.5683594
7585 11493.8740234
7645 11476.9101562
7705 11456.8828125
7765 11442.2587891
7825 11425.6376953
7885 11404.2871094
7945 11387.3730469
8005 11364.6982422
8065 11347.9169922
8118 11332.8261719
8156 11322.1826172
8201 11309.5917969
8262 11290.7539062
8322 11271.7255859
8371 11255.5175781
8420 11241.3017578
8480 11224.8857422
8541 11206.1816406
8601 11189.4707031
8661 11170.3994141
8721 11153.8759766
8781 11134.2988281
8841 11116.4892578
8901 11092.4248047
8961 11077.8925781
9021 11065.3896484
9082 11050.7734375
9142 11033.9326172
9202 11014.2529297
9262 10995.0234375
9322 10982.8359375
9382 10967.3613281
9442 10954.0859375
9502 10933.3574219
9559 10912.8271484
9599 10905.1425781
9642 10895.3193359
9703 10876.4921875
9763 10857.2080078
9823 10841.2236328
9883 10826.5830078
9943 10808.7539062
10003 10793.2734375
10063 10777.75
10123 10758.0927734
10184 10738.9375
10244 10720.7822266
10304 10705.7099609
10364 10691.1679688
10424 10674.6933594
10484 10659.0439453
10544 10639.4775391
10604 10620.96875
10664 10607.2578125
10725 10592.5126953
10785 10574.4257812
10845 10555.515625
10905 10538.4814453
11265 10458.6552734
11326 10444.7431641
11386 10428.5439453
11446 10412.3359375
11506 10395.3310547
11566 10383.7558594
11626 10371.4697266
11686 10354.0859375
11746 10338.3173828
11806 10326.3916016
11867 10310.0996094
11927 10296.0214844
11987 10275.1621094
12047 10258.4160156
12107 10246.2900391
12167 10231.5830078
12227 10215.5146484
12286 10203.3486328
12345 10189.5380859
12380 10180.4121094
12394 10178.6044922
12434 10167.8056641
12494 10152.8798828
12554 10137.765625
12614 10117.7480469
12674 10109.4169922
12734 10094.953125
12795 10081.4013672
12855 10065.2412109
12915 10048.4912109
12975 10033.2783203
13035 10021.2822266
13095 10006.1552734
13155 9993.73339844
13215 9978.67285156
13275 9962.42675781
13321 9951.60253906
13350 9946.08789062
13395 9937.11035156
13455 9923.37792969
13515 9910.40917969
13575 9894.13964844
13635 9881.58398438
13695 9868.42578125
13756 9853.359375
13816 9842.23339844
13876 9828.2734375
13936 9815.43457031
13996 9802.96289062
14056 9781.15527344
14116 9769.90332031
14176 9756.18164062
14236 9744.33789062
14297 9730.9609375
14357 9716.93652344
14417 9701.57128906
14477 9695.65625
14537 9681.48730469
14597 9665.45996094
14657 9649.02441406
14717 9638.22265625
14777 9625.35839844
14838 9610.24023438
14898 9599.29589844
14958 9583.52050781
15018 9570.62207031
15078 9556.54785156
15138 9545.4765625
15198 9534.93847656
15258 9520.69140625
15318 9507.99804688
15379 9498.85546875
15414 9488.97949219
15450 9482.79589844
15506 9468.24511719
15544 9461.86425781
15586 9452.9609375
15646 9438.66699219
15706 9426.78125
15766 9414.1796875
15826 9402.93457031
15887 9391.50390625
15947 9373.82128906
16007 9361.4765625
16067 9339.85058594
16127 9329.1484375
16187 9325.71484375
16247 9313.22753906
16307 9301.66015625
16367 9293.84960938
16428 9280.3984375
16488 9266.02246094
16523 9255.83691406
16558 9250.38085938
16618 9238.20117188
16665 9228.19726562
16713 9220.23535156
16773 9207.26464844
16833 9197.30761719
16893 9182.43847656
16953 9170.84179688
17013 9159.96679688
17050 9150.30078125
17087 9143.12304688
17122 9137.42773438
17158 9129.95898438
17218 9118.57226562
17278 9106.72363281
17338 9096.05957031
17398 9082.15039062
17458 9072.4609375
17518 9063.94921875
17578 9051.06347656
17639 9036.76367188
17699 9026.59667969
17759 9015.73828125
17819 9003.25292969
17879 8993.26074219
17939 8981.14257812
17999 8968.92089844
18038 8961.56445312
18351 8903.16992188
18411 8890.85546875
18471 8881.84472656
18531 8871.81542969
18591 8857.78808594
18651 8850.82714844
18711 8833.58691406
18771 8823.36425781
18831 8813.64648438
18892 8803.02246094
18952 8791.84179688
19012 8781.87890625
19072 8768.86230469
19132 8755.70019531
19192 8744.25683594
19252 8732.87109375
19312 8723.0234375
19372 8712.11132812
19433 8701.34570312
19493 8688.28710938
19553 8678.296875
19613 8670.19628906
19673 8659.1171875
19733 8647.30664062
19793 8628.12695312
19853 8618.53613281
19913 8607.68359375
19974 8596.58105469
20034 8585.39746094
20094 8574.85253906
20154 8561.66210938
20214 8552.66894531
20274 8541.11816406
20334 8531.50390625
20394 8522.03417969
20455 8508.6796875
20515 8498.41503906
20575 8487.27636719
20635 8478.796875
20695 8466.68945312
20755 8458.31738281
20794 8450.36816406
20822 8446.35449219
20871 8437.51660156
20931 8425.3984375
20992 8413.04394531
21653 8563.31738281
21713 8553.55761719
21773 8541.29882812
21833 8528.71386719
21893 8518.20996094
21953 8505.28417969
22013 8485.09667969
22073 8480.19628906
22134 8469.8984375
22194 8459.96875
22254 8450.61230469
22314 8439.609375
22374 8425.20800781
22434 8416.32714844
22494 8403.54882812
22554 8393.23535156
22614 8383.00976562
22675 8371.96875
22735 8359.43457031
22795 8347.71777344
22830 8341.69140625
22865 8337.61914062
22900 8330.73339844
22936 8323.63476562
22996 8312.171875
23056 8300.25390625
23116 8289.40820312
23176 8278.48535156
23236 8265.26074219
23296 8257.46679688
23356 8244.53027344
23416 8232.19921875
23477 8222.05175781
23537 8212.62011719
23597 8201.94628906
23657 8192.27636719
23717 8180.33447266
23777 8169.88037109
23837 8152.23339844
23897 8144.59960938
23958 8132.87353516
24018 8123.32470703
24078 8114.52490234
24138 8100.32177734
24198 8092.29003906
24258 8083.31445312
24318 8074.05029297
24378 8065.36279297
24438 8056.5234375
24499 8043.34277344
24559 8033.13476562
24619 8021.15185547
24679 8012.93017578
24739 8002.82666016
24799 7994.140625
24859 7983.49072266
24919 7973.98242188
24979 7964.57617188
25040 7951.75537109
25100 7943.0625
25160 7933.16748047
25220 7922.66552734
25280 7909.65234375
25315 7901.94873047
25331 7897.03564453
25372 7895.1328125
25432 7887.31054688
25492 7874.70947266
25553 7865.32568359
25613 7853.30859375
25673 7844.94921875
25733 7838.47314453
25793 7827.21435547
25853 7816.60253906
25913 7805.69287109
25973 7800.38769531
26033 7790.15087891
26094 7782.86962891
26154 7776.13574219
26214 7765.22021484
26274 7755.14306641
26334 7749.12548828
26394 7739.49560547
26454 7727.89599609
26514 7719.93847656
26574 7713.75341797
26635 7702.22802734
26695 7692.20849609
26755 7679.51269531
26815 7670.46875
26875 7659.61376953
26935 7654.79443359
26995 7642.06347656
27055 7630.71191406
27115 7621.96435547
27176 7615.49853516
27236 7607.47119141
27296 7598.03369141
27356 7589.34912109
27416 7582.65966797
27476 7573.58105469
27536 7564.89501953
27596 7554.765625
27656 7546.11962891
27717 7535.39648438
27777 7526.39453125
27837 7517.08349609
27897 7506.99414062
27957 7498.50683594
27992 7492.9296875
28027 7487.07373047
28063 7483.59130859
28098 7478.3984375
28158 7468.61816406
28218 7458.36914062
28278 7451.49853516
28338 7443.37109375
28382 7435.78515625
28414 7429.58935547
28463 7424.19677734
28524 7416.89794922
28584 7406.35742188
28644 7396.97167969
28704 7388.16162109
28764 7381.40869141
28824 7370.09716797
28884 7360.07763672
28944 7351.95996094
29005 7343.21826172
29065 7336.33544922
29125 7328.34765625
29185 7318.97265625
29245 7312.31884766
29305 7302.51660156
29365 7295.99804688
29425 7286.078125
29485 7277.66943359
29545 7268.83203125
29606 7260.36279297
29666 7252.49414062
29726 7243.43896484
29786 7231.03662109
29846 7227.40527344
29906 7216.15771484
29966 7206.46386719
30026 7198.66894531
30086 7190.87841797
30147 7181.08251953
30207 7172.69189453
30267 7164.36132812
30327 7157.43798828
30387 7149.12695312
30447 7140.36035156
30507 7132.2421875
30567 7122.73730469
30627 7116.75439453
30688 7109.14550781
30748 7099.50537109
30808 7089.46337891
30868 7081.90527344
30928 7072.43701172
30988 7063.89257812
31048 7055.64501953
31108 7048.54394531
31168 7039.43505859
31229 7031.74414062
31289 7024.95556641
31349 7015.26318359
31409 7008.02783203
31469 6999.63574219
31529 6989.95703125
31589 6982.12060547
31649 6975.11425781
31709 6966.99414062
31770 6959.21679688
31830 6951.15039062
31890 6941.45117188
31950 6926.05908203
32010 6925.10986328
32070 6917.43798828
32130 6909.65185547
32172 6904.84375
32215 6898.27246094
32275 6888.77832031
32335 6880.71435547
32395 6874.77294922
32455 6865.29492188
32515 6855.14648438
32575 6846.48681641
32635 6840.78222656
32696 6831.15234375
32756 6822.40185547
32816 6813.76416016
32876 6804.43457031
32936 6797.14550781
32996 6788.65087891
33056 6778.3671875
33116 6767.77783203
33176 6756.70361328
33237 6741.21679688
33297 6723.74072266
33357 6704.18554688
33417 6686.18408203
33477 6673.36230469
33537 6659.10546875
33597 6647.58789062
33657 6633.96386719
33717 6619.06494141
33778 6605.76074219
33838 6590.83789062
33898 6579.98486328
33958 6572.9765625
34018 6562.07568359
34078 6551.04980469
34138 6538.90185547
34198 6529.92236328
34319 6534.66210938
34445 6535.47558594
34684 6543.48779297
34744 6542.09472656
34864 6539.66650391
34924 6536.86767578
34985 6529.86376953
35045 6523.91210938
35105 6515.61132812
35165 6510.56591797
35225 6507.56884766
35285 6502.53125
35345 6498.76171875
35405 6493.88574219
35465 6486.82275391
35526 6480.17236328
35586 6476.43212891
35646 6472.12304688
35706 6463.88769531
35766 6458.37988281
35826 6453.07763672
35886 6443.44140625
35941 6436.29248047
35996 6433.02246094
36056 6425.58935547
36092 6422.14306641
36107 6417.90673828
36147 6413.70068359
36207 6407.44091797
36267 6400.22558594
36327 6393.47167969
36387 6386.38964844
36448 6378.80908203
36508 6372.46386719
36568 6365.55029297
36628 6358.50537109
36688 6351.39404297
36748 6344.15722656
36808 6337.72460938
37169 6470.98974609
37229 6463.73242188
37289 6456.00195312
37349 6448.92431641
37409 6439.55126953
37469 6431.66650391
37530 6425.75341797
37590 6416.65917969
37650 6407.79248047
37710 6401.54443359
37770 6394.60351562
37830 6383.89599609
37890 6376.60009766
37950 6367.68164062
38010 6361.00048828
38071 6354.21679688
38131 6345.53857422
38191 6337.2734375
38251 6327.81494141
38311 6320.83837891
38371 6314.640625
38431 6305.81445312
38491 6293.91894531
38551 6290.37353516
38612 6282.48925781
38672 6274.7421875
38732 6266.93066406
38784 6260.02294922
38837 6254.14404297
38872 6248.60009766
38908 6243.68847656
38968 6236.46240234
39028 6229.25244141
39088 6224.63671875
39148 6216.87158203
39208 6206.66064453
39268 6199.04589844
39328 6193.16650391
39388 6184.921875
39449 6179.0703125
39509 6171.66796875
39569 6162.19873047
39629 6156.35742188
39689 6149.75390625
39749 6141.10449219
39809 6135.09277344
39869 6128.05273438
39930 6121.55517578
39990 6115.21240234
40050 6106.02734375
40092 6100.33154297
40134 6094.32226562
40194 6088.07080078
40254 6081.20263672
40314 6074.00634766
40374 6067.46484375
40434 6062.03564453
40494 6053.39892578
40554 6045.01025391
40615 6037.60595703
40675 6031.01416016
40735 6023.65673828
40795 6016.71777344
40855 6009.76318359
40915 6002.71191406
40975 5997.90625
41035 5989.33398438
41095 5981.50292969
41156 5973.92041016
41216 5966.64208984
41276 5960.59912109
41336 5953.30517578
41396 5946.53955078
41456 5939.45751953
41516 5932.14892578
41576 5924.35644531
41636 5917.01318359
41697 5910.40917969
41757 5903.71289062
41817 5896.08398438
41877 5888.33447266
41937 5882.68457031
41988 5878.609375
42028 5875.37060547
42089 5865.40136719
42149 5857.82617188
42209 5852.66845703
42269 5846.62011719
42329 5838.99316406
42389 5832.02734375
42449 5826.93408203
42509 5820.43847656
42569 5811.89599609
42630 5805.15869141
42690 5796.75195312
42750 5790.46826172
42810 5783.89111328
42870 5776.00097656
42930 5768.875
42990 5760.30224609
43050 5752.3515625
43110 5745.05957031
43171 5738.35058594
43498 5832.05322266
43534 5826.43847656
43594 5818.00488281
43654 5810.73876953
43690 5806.74707031
43726 5803.93115234
43786 5793.35693359
43846 5784.15283203
43906 5775.75048828
43966 5767.89794922
44026 5758.46923828
44086 5748.39404297
44147 5742.13037109
44207 5728.50634766
44267 5720.43457031
44327 5714.38037109
44387 5704.35693359
44447 5696.24169922
44507 5688.63574219
44567 5676.81591797
44627 5669.45849609
44688 5659.10546875
44748 5656.05615234
44808 5645.75048828
44868 5635.37792969
44928 5628.99609375
44988 5619.12597656
45048 5609.86425781
45108 5601.94140625
45168 5592.83544922
45229 5585.94873047
45289 5578.34375
45349 5571.09912109
45409 5564.60058594
45469 5559.09521484
45529 5548.44140625
45589 5538.46972656
45649 5529.92480469
45709 5522.51220703
45770 5512.00927734
45830 5510.01464844
45890 5503.31152344
45950 5492.94335938
46010 5483.46972656
46070 5474.55761719
46130 5467.22021484
46190 5462.86621094
46250 5455.18554688
46311 5442.62011719
46371 5438.23535156
46426 5431.33154297
46460 5425.83203125
46499 5420.16162109
46560 5413.61474609
46620 5404.59277344
46680 5396.21191406
46740 5388.49414062
46800 5383.46386719
46860 5379.58251953
46920 5369.73681641
46980 5358.99804688
47040 5353.02978516
47101 5347.28027344
47161 5345.45800781
47221 5334.94775391
47281 5326.01416016
47341 5317.37158203
47401 5309.68457031
47461 5307.14501953
47521 5299.38085938
47581 5289.93212891
47642 5284.30322266
47702 5276.96533203
47762 5267.00683594
47822 5262.31201172
47882 5255.03466797
47942 5250.42675781
48002 5243.93994141
48062 5235.25439453
48122 5228.25292969
48183 5219.96875
48243 5213.78710938
48303 5206.83496094
48363 5201.77880859
48423 5195.50048828
48483 5188.29589844
48543 5181.98486328
48603 5172.74707031
48663 5165.13769531
48724 5157.1640625
48784 5149.60351562
48844 5146.61083984
48904 5139.99462891
48964 5133.37060547
49024 5123.96435547
49084 5117.85546875
49144 5112.48632812
49204 5107.83886719
49265 5099.35449219
49325 5093.53369141
49385 5087.37353516
49445 5077.33935547
49505 5071.72314453
49565 5065.33886719
49625 5058.92041016
49685 5053.24511719
49745 5047.84521484
49806 5040.88037109
49866 5032.25634766
49926 5024.36376953
49986 5019.21777344
50046 5015.83007812
50106 5011.27001953
50166 5003.34912109
50226 4995.38720703
50286 4990.1328125
50347 4982.54541016
50407 4976.78710938
50467 4971.97167969
50527 4964.88964844
50587 4960.76513672
50647 4954.60107422
50707 4949.33935547
50767 4943.06445312
50818 4937.20507812
50859 4933.34863281
50910 4927.36865234
50971 4920.24511719
51031 4914.53564453
51091 4906.8203125
51151 4900.04833984
51211 4894.27490234
51271 4890.43115234
51331 4884.0234375
51391 4878.04003906
51452 4872.04785156
51512 4864.42919922
51572 4858.30273438
51632 4850.43945312
51692 4845.8671875
51749 4841.00537109
51794 4837.25830078
51842 4831.69384766
51887 4825.98095703
51933 4821.82617188
51993 4817.36181641
52053 4808.52978516
52113 4802.12646484
52173 4797.38378906
52233 4791.57226562
52293 4785.36523438
52353 4779.20898438
52414 4773.03564453
52474 4766.11083984
52534 4759.37255859
52594 4756.85205078
52654 4753.06738281
52714 4748.82617188
52774 4737.54345703
52834 4731.10888672
52895 4725.82128906
52955 4717.24658203
53015 4711.07519531
53075 4706.39208984
53135 4702.56787109
53195 4690.90332031
53255 4685.0546875
53315 4679.73681641
53375 4673.19628906
53436 4664.66015625
53496 4656.62841797
53556 4652.16894531
53616 4647.42626953
53676 4641.45800781
53736 4635.47509766
53796 4629.46826172
