0 7577.33691406
60 7570.28857422
120 7565.47802734
156 7562.6484375
171 7561.42285156
282 7528.8671875
1174 7470.50195312
1234 7464.10107422
1294 7458.21240234
1354 7453.13037109
1475 7440.96826172
1595 7425.68505859
1690 7407.93701172
1744 7413.34130859
1985 7384.43945312
2166 7364.18945312
2226 7359.44287109
2307 7347.91796875
2346 7343.62646484
2406 7340.41113281
2767 7301.86767578
2827 7298.97949219
2878 7293.95019531
3206 7262.56298828
3326 7250.90673828
3446 7244.15478516
3687 7229.29101562
3747 7224.79248047
3807 7222.23974609
3867 7216.25
4228 7226.31201172
4288 7222.24414062
4348 7215.70410156
4408 7212.24169922
4451 7208.70898438
4494 7204.35351562
4554 7200.76025391
4614 7196.57910156
4675 7191.32958984
4735 7188.29296875
4789 7185.28417969
4825 7182.95898438
4867 7180.14208984
4928 7175.19482422
4988 7172.76513672
5048 7166.28417969
5108 7161.85791016
5168 7157.74658203
5228 7153.70214844
5288 7147.49951172
5349 7143.19335938
5409 7140.25341797
5469 7134.94384766
5529 7132.25244141
5649 7122.1953125
5709 7116.72021484
5764 7111.06640625
5809 7108.55566406
5858 7105.47412109
5919 7100.12304688
5979 7095.27099609
6039 7089.89111328
6099 7087.07666016
6159 7081.42236328
6219 7078.61962891
6280 7076.10498047
6340 7073.13378906
6455 7061.28466797
6510 7054.50195312
6570 7048.24121094
6630 7045.43017578
6690 7041.86767578
6750 7036.81005859
6811 7033.58105469
6871 7028.60400391
6914 7026.00048828
6938 7022.61767578
6978 7020.37353516
7039 7015.00097656
7099 7010.16894531
7159 7008.21435547
7219 7004.3515625
7339 7003.00878906
7399 6996.80664062
7459 6993.17041016
7520 6987.06201172
7820 6965.49951172
7880 6961.60498047
7940 6957.75097656
8001 6950.97021484
8061 6950.41357422
8181 6939.72705078
8241 6938.01611328
8301 6933.93457031
8361 6930.27197266
8421 6924.14453125
8481 6919.29345703
8542 6916.44042969
8602 6912.82080078
8722 6901.48291016
8782 6900.57275391
8842 6894.75634766
8902 6893.18066406
8963 6886.62597656
9023 6882.17773438
9085 6879.02294922
9130 6875.49072266
9191 6870.23632812
9251 6865.67236328
9311 6862.32861328
9361 6858.98144531
9411 6855.68066406
9471 6849.87011719
9508 6847.4765625
9545 6846.85253906
9605 6843.10546875
9665 6839.28710938
9704 6834.74169922
9743 6832.86474609
9803 6826.60205078
9864 6821.33447266
9924 6819.79736328
9984 6813.69042969
10044 6811.33886719
10104 6804.97412109
10164 6801.09716797
10224 6796.37792969
10284 6791.73291016
10345 6785.57617188
10405 6784.15478516
10465 6779.30029297
10525 6774.87890625
10585 6768.81005859
10645 6764.41162109
10705 6757.91796875
10766 6751.75683594
10826 6749.52832031
10886 6745.86572266
10946 6741.60107422
11006 6737.04736328
11066 6733.93798828
11126 6728.94628906
11186 6723.99902344
11247 6722.09667969
11367 6712.41650391
11427 6708.47363281
11487 6703.77783203
11547 6699.64648438
11607 6693.03417969
11908 6694.22363281
11968 6689.59619141
12028 6684.89013672
12089 6683.64599609
12149 6679.48583984
12209 6675.05957031
12269 6671.52929688
12329 6666.41796875
12389 6664.89013672
12449 6660.55761719
12509 6655.82470703
12570 6652.78417969
12630 6648.90380859
12690 6644.09277344
12750 6639.98242188
12810 6635.81347656
12870 6633.13916016
12930 6626.46435547
12991 6623.40917969
13051 6621.66601562
13111 6618.22998047
13171 6614.95654297
13291 6604.83789062
13351 6601.47802734
13411 6598.69287109
13472 6596.28271484
13532 6591.44628906
13592 6587.63867188
13652 6584.40625
13712 6578.91894531
13772 6574.78759766
13832 6570.21777344
13892 6565.61083984
13953 6563.06787109
14013 6558.83642578
14073 6553.74267578
14133 6547.60449219
14193 6547.09033203
14253 6541.47949219
14313 6535.9765625
14373 6532.44091797
14434 6530.22998047
14494 6526.90429688
14554 6523.99169922
14614 6517.89013672
14674 6512.21191406
14734 6508.97363281
14794 6504.97070312
14855 6501.37939453
14915 6496.18994141
14975 6495.17871094
15035 6492.27783203
15095 6488.37451172
15155 6484.49462891
15275 6474.05322266
15310 6472.75634766
15329 6472.07714844
15372 6469.39941406
15408 6467.23486328
15443 6465.08398438
15503 6461.23681641
15538 6458.99121094
15563 6457.37255859
15614 6452.20410156
15734 6447.56152344
16095 6441.07958984
16155 6437.60400391
16215 6434.37597656
16275 6430.49853516
16335 6428.05761719
16395 6424.02246094
16456 6419.11328125
16516 6414.74121094
16576 6412.16503906
16636 6409.85009766
16671 6408.49902344
16686 6407.92236328
16726 6405.21875
16786 6399.96142578
16847 6395.49365234
16907 6392.60888672
16967 6389.76708984
17027 6386.23974609
17087 6382.03857422
17147 6377.29541016
17203 6375.41113281
17248 6375.09082031
17297 6371.90478516
17358 6369.21435547
17418 6364.22998047
17478 6362.07421875
17538 6358.24755859
17598 6354.38769531
17658 6350.39306641
17718 6349.03271484
17778 6344.46826172
17839 6342.22998047
17899 6338.69042969
17959 6333.45996094
18019 6331.19873047
18079 6326.83349609
18139 6323.67871094
18199 6321.18115234
18320 6315.89111328
18500 6303.63964844
18560 6301.61767578
18620 6299.52539062
18680 6293.98925781
18741 6291.23925781
18801 6288.83007812
18861 6285.42578125
18921 6282.68994141
18981 6278.93505859
19041 6275.03613281
19101 6271.94482422
19161 6269.95263672
19206 6265.09179688
19225 6262.9765625
19240 6261.26074219
19281 6259.83935547
19341 6257.27490234
19401 6255.28076172
19461 6250.47265625
19521 6246.68945312
19582 6244.44580078
19642 6241.08496094
19702 6239.45507812
19762 6236.78759766
19822 6234.234375
19882 6227.28417969
19942 6224.95166016
20002 6221.30371094
20063 6217.96484375
20123 6215.70458984
20439 6194.60839844
20499 6191.75537109
20559 6186.79101562
20619 6181.80322266
20679 6181.71435547
20739 6179.2578125
20800 6177.07275391
20860 6172.15380859
20920 6168.78564453
20980 6165.30419922
21040 6159.90625
21089 6157.42333984
21126 6157.02880859
21173 6153.15380859
21233 6151.84619141
21293 6145.39453125
21353 6143.41748047
21414 6138.63525391
21474 6137.27783203
21534 6133.85693359
21594 6132.30029297
21654 6127.69677734
21714 6125.67138672
21774 6121.84619141
21834 6119.65966797
21894 6119.25537109
21955 6114.82910156
22015 6111.78027344
22075 6107.70068359
22135 6103.18994141
22195 6097.91113281
22315 6097.84716797
22376 6092.90722656
22496 6086.85986328
22556 6080.86914062
22616 6079.27294922
22676 6077.08203125
22736 6073.55761719
22797 6067.88232422
22857 6067.15576172
22917 6061.04638672
22977 6056.79443359
23037 6053.68408203
23097 6051.31103516
23132 6049.92675781
23167 6048.54248047
23227 6045.73583984
23288 6043.25683594
23348 6039.90771484
23408 6034.98046875
23462 6032.07080078
23516 6029.65576172
23576 6024.55810547
23636 6023.15185547
23682 6021.36181641
23727 6020.32324219
23787 6017.45410156
23847 6012.62402344
23908 6010.33056641
23968 6007.22900391
24028 6004.95166016
24088 5998.84716797
24148 5995.30419922
24208 5994.18212891
24268 5987.84521484
24328 5983.38964844
24389 5981.07324219
24449 5977.89404297
24509 5975.97900391
24569 5970.70800781
24669 5968.11816406
25010 5955.32519531
25070 5953.08300781
25130 5949.11572266
25190 5946.47119141
25251 5945.10742188
25311 5940.41113281
25371 5936.70947266
25431 5934.54589844
25491 5931.27490234
25551 5929.1875
25611 5925.34619141
25732 5918.85986328
25792 5917.67773438
25852 5915.46972656
25912 5911.90332031
25972 5906.89892578
26032 5903.11181641
26092 5900.55908203
26153 5898.7578125
26213 5892.81396484
26273 5889.8515625
26333 5888.62841797
26393 5886.61865234
26453 5884.98144531
26513 5881.35107422
26573 5874.97851562
26634 5871.18798828
26694 5867.58886719
26754 5864.96728516
26814 5860.61083984
26874 5857.61669922
26934 5853.34375
26994 5851.83935547
27054 5848.61425781
27115 5843.84033203
27295 5834.54541016
27355 5833.49414062
27415 5831.57666016
27475 5827.95556641
27596 5817.7734375
27656 5814.96142578
27716 5810.65136719
27776 5807.15820312
27836 5806.55175781
27896 5803.00146484
27956 5800.81591797
28016 5798.24707031
28077 5797.71972656
28137 5792.1640625
28197 5788.27685547
28257 5787.65185547
28317 5782.36181641
28374 5778.68701172
28432 5778.10351562
28552 5776.42919922
28612 5771.95019531
28672 5768.83349609
28732 5766.07080078
28792 5761.46582031
28827 5758.77978516
28923 5758.765625
28966 5756.55078125
29009 5754.72558594
29070 5749.63085938
29130 5747.99902344
29190 5743.95703125
29250 5740.515625
29310 5738.67871094
29370 5735.38330078
29431 5730.03125
29491 5728.4609375
29551 5724.12890625
29912 5716.36669922
29972 5713.0703125
30032 5710.45556641
30092 5706.81298828
30147 5705.35449219
30191 5702.52148438
30241 5699.69091797
30302 5697.41210938
30362 5695.83886719
30422 5692.62207031
30482 5689.39453125
30542 5686.26220703
30602 5680.98925781
30662 5679.22412109
30723 5677.38671875
30783 5674.83447266
30843 5672.37304688
30903 5669.37939453
30963 5665.30566406
31023 5662.6328125
31083 5660.62695312
31144 5656.1484375
31204 5653.39013672
31310 5641.97851562
31336 5639.56347656
31377 5638.26220703
31437 5633.74755859
31497 5632.27832031
31558 5628.66259766
31618 5625.37207031
31678 5621.40771484
31738 5615.74560547
31979 5603.38623047
32099 5593.08251953
32159 5590.74951172
32219 5588.63085938
32279 5585.74414062
32340 5583.02880859
32400 5580.90332031
32460 5576.69726562
32520 5574.89794922
32580 5572.26367188
32640 5568.30517578
32700 5565.11474609
32760 5563.10693359
32821 5560.75244141
32881 5558.0390625
32941 5554.22851562
33001 5549.93261719
33061 5547.93261719
33121 5545.40136719
33181 5543.47070312
33242 5542.23974609
33302 5539.92724609
33362 5537.36035156
33422 5534.62939453
33482 5530.20068359
33542 5527.67529297
33602 5524.88476562
33662 5522.49414062
33723 5521.00830078
33783 5516.49560547
33843 5513.94189453
33903 5508.02001953
33963 5507.60742188
34083 5503.59667969
34142 5501.91455078
34203 5498.64404297
34263 5492.95996094
34323 5492.78759766
34383 5490.71337891
34443 5488.02587891
34503 5486.17382812
34564 5483.44042969
34624 5479.40771484
34685 5476.82763672
34745 5473.36816406
34805 5468.01855469
34865 5465.66845703
34925 5465.15869141
34986 5461.29492188
35024 5459.69189453
35038 5459.12939453
35073 5457.66943359
35133 5454.86376953
35193 5452.80126953
35253 5447.84423828
35554 5442.76220703
35614 5441.19091797
35674 5438.16650391
35734 5435.60498047
35794 5431.82275391
35854 5429.28466797
35914 5426.99365234
35975 5423.01416016
36034 5419.26513672
36094 5417.4921875
36155 5413.80810547
36215 5413.17773438
36275 5411.17041016
36335 5408.17431641
36370 5406.42626953
36405 5404.67773438
36465 5402.40527344
36526 5398.08447266
36586 5394.40234375
36646 5392.18310547
36706 5390.40673828
36766 5388.65869141
36826 5386.34033203
36886 5382.90185547
36946 5379.10253906
37007 5376.90185547
37067 5375.50585938
37127 5372.64648438
37187 5370.86376953
37247 5367.375
37307 5365.859375
37367 5362.04052734
37427 5360.25390625
37487 5356.88964844
37548 5352.81591797
37608 5350.16601562
37668 5349.0234375
37728 5346.93554688
37788 5344.81152344
37848 5343.03662109
37908 5340.98779297
37969 5337.94726562
38029 5335.56298828
38089 5332.19970703
38149 5328.95703125
38209 5325.87255859
38269 5323.84130859
38329 5321.16943359
38389 5319.38525391
38450 5314.88525391
38570 5300.8828125
38750 5299.69287109
38871 5299.62988281
38931 5294.13427734
38991 5288.67578125
39051 5286.27734375
39099 5284.52050781
39146 5282.41992188
39206 5279.68261719
39266 5277.24316406
39327 5275.13085938
39387 5271.40332031
39447 5269.59716797
39507 5266.8125
39567 5264.27246094
39621 5262.30908203
39664 5259.79101562
39724 5258.12011719
39785 5255.18554688
39845 5252.55078125
39905 5249.92773438
39965 5247.76318359
40025 5244.78271484
40085 5242.61132812
40145 5239.80859375
40206 5237.77685547
40266 5234.08154297
40310 5232.140625
40355 5230.88232422
40416 5228.15917969
40476 5225.17089844
40536 5221.93798828
40596 5220.43847656
40656 5218.15429688
40716 5215.12695312
40777 5212.49609375
40837 5210.29638672
40897 5208.87939453
40957 5206.18554688
41017 5203.82470703
41077 5199.68457031
41137 5195.27929688
41258 5192.74462891
41318 5191.98681641
41378 5188.60400391
41413 5186.63085938
41427 5185.82519531
41442 5184.16259766
41477 5183.65234375
41538 5182.29980469
41598 5179.52099609
41658 5177.07421875
41718 5174.50585938
41778 5171.31445312
41838 5170.39257812
41898 5168.19775391
41959 5164.86767578
42019 5161.04052734
42079 5158.6171875
42139 5157.24560547
42199 5155.60351562
42319 5145.66894531
42379 5142.28222656
42439 5139.85693359
42500 5137.04052734
42560 5133.30273438
42620 5131.69335938
42680 5127.9765625
42740 5126.44726562
42800 5124.88427734
43101 5119.26416016
43160 5117.25732422
43199 5115.86962891
43239 5114.26171875
43299 5110.81689453
43359 5109.13818359
43419 5107.12353516
43479 5104.59863281
43540 5099.57177734
43600 5098.78662109
43660 5094.41845703
43720 5094.06689453
43768 5091.93554688
43798 5090.84765625
43840 5089.29931641
43900 5087.63623047
43960 5085.32861328
44020 5083.39746094
44080 5080.31054688
44141 5077.38623047
44201 5073.54931641
44261 5071.61376953
44321 5070.87744141
44381 5066.28271484
44441 5063.09570312
44502 5061.59570312
44562 5058.54345703
44622 5055.57861328
44682 5054.26318359
44742 5051.95654297
44802 5047.90185547
44862 5045.36767578
44923 5043.99658203
44983 5040.97607422
45043 5038.62890625
45103 5036.84521484
45163 5033.4921875
45223 5031.11083984
45283 5029.53222656
45343 5026.08642578
45404 5022.97070312
45464 5020.44091797
45524 5018.75
45584 5016.33203125
45644 5013.56787109
45704 5012.66552734
46005 5001.89501953
46065 5001.74072266
46125 4999.32861328
46185 4996.91699219
46245 4994.76416016
46305 4992.21582031
46366 4988.81152344
46426 4986.50146484
46486 4986.2265625
46546 4984.00292969
46606 4983.09960938
46666 4980.0546875
46726 4976.46679688
46786 4972.95117188
46847 4971.89648438
46907 4968.63623047
46967 4964.42285156
47027 4961.37060547
47087 4959.29931641
47147 4958.77978516
47207 4956.02929688
47267 4954.11816406
47328 4951.56494141
47388 4949.94433594
47448 4945.88037109
47508 4944.29931641
47568 4943.20507812
47628 4939.90576172
47688 4936.53515625
47748 4935.75830078
47809 4932.38037109
47869 4929.37207031
47929 4926.23388672
47989 4923.54638672
48109 4920.36425781
48169 4917.50976562
48230 4915.00488281
48290 4912.69140625
48350 4911.37792969
48410 4909.98291016
48470 4905.50488281
48530 4903.67919922
48590 4901.14306641
48711 4899.36035156
48771 4897.37939453
48831 4894.27636719
48891 4890.78955078
48951 4888.55615234
49011 4886.26708984
49071 4884.55664062
49131 4881.56640625
49191 4878.47509766
49252 4876.46777344
49312 4874.99121094
49372 4872.54833984
49432 4870.70947266
49492 4868.12646484
49552 4865.21630859
49612 4863.43310547
49673 4860.29199219
49733 4860.12402344
49793 4857.94726562
49853 4854.65185547
49913 4850.96923828
49973 4848.50195312
50033 4847.02099609
50094 4845.01318359
50154 4842.55029297
50214 4840.70605469
50274 4838.47998047
50334 4835.96630859
50394 4832.2890625
50454 4830.21777344
50514 4826.95458984
50575 4824.984375
50635 4822.28613281
50695 4819.06054688
50755 4816.64501953
50815 4814.86181641
50875 4811.85351562
50935 4809.72949219
50995 4808.37304688
51056 4805.17626953
51116 4801.72558594
51176 4798.4609375
51236 4797.47753906
51296 4796.38769531
51348 4794.30908203
51386 4793.44726562
51431 4791.66259766
51492 4786.59082031
51552 4784.42285156
51612 4781.25292969
51672 4779.71630859
51732 4776.21484375
51792 4773.63037109
51852 4772.75097656
51912 4770.84863281
51973 4769.55224609
52033 4766.50537109
52093 4763.03613281
52153 4760.45947266
52213 4759.79199219
52273 4755.43896484
52333 4752.83984375
52394 4751.38085938
52454 4748.13134766
52514 4746.63037109
52574 4744.91943359
52634 4739.70507812
52814 4742.76806641
52875 4738.72314453
52935 4735.81298828
52995 4735.38916016
53055 4732.82080078
53115 4732.44580078
53175 4730.73632812
53235 4727.99609375
53296 4725.13525391
53356 4723.0703125
53416 4721.37353516
53476 4717.56933594
53536 4715.33984375
53596 4712.74755859
53656 4711.19384766
53717 4709.70898438
53777 4706.32861328
53837 4704.60205078
53897 4701.92089844
53957 4700.51660156
54017 4699.08251953
54077 4696.87158203
54137 4693.71386719
54197 4689.93066406
54258 4687.98095703
54318 4686.62255859
54378 4684.43554688
54438 4682.23730469
54498 4680.17236328
54558 4678.30810547
54859 4665.22900391
54919 4663.97314453
54979 4662.05419922
55039 4660.21826172
55099 4658.55517578
55159 4655.41748047
55220 4652.75634766
55280 4650.30859375
55336 4649.43896484
55393 4645.25439453
55454 4644.40039062
55514 4641.76708984
55574 4639.89746094
55634 4636.40820312
55694 4636.22070312
55754 4633.36083984
55814 4632.23730469
55874 4629.11621094
55934 4627.68457031
55995 4623.53173828
56055 4622.16259766
56115 4621.16748047
56175 4618.01123047
56235 4615.17675781
56295 4613.29980469
56355 4611.10888672
56416 4608.59326172
56476 4605.3984375
56536 4603.47949219
56596 4601.24755859
56656 4600.08789062
56715 4596.42382812
56760 4596.07324219
56806 4594.27880859
56866 4591.703125
56926 4588.63916016
56987 4586.05224609
57047 4583.75341797
57167 4581.14550781
57227 4579.50585938
57287 4576.32324219
57347 4574.84814453
57407 4574.0234375
57468 4569.94091797
57528 4565.70263672
57648 4563.19726562
57708 4559.60644531
57768 4557.21582031
57828 4554.01904297
57889 4551.63671875
57949 4551.38769531
58009 4548.2890625
58069 4545.72412109
58129 4544.02246094
58189 4541.45703125
58249 4539.40820312
58286 4537.95703125
58324 4535.09667969
58384 4534.24121094
58444 4532.63427734
58504 4529.9609375
58564 4528.13671875
58624 4524.43994141
58684 4522.50488281
58744 4519.97607422
58805 4515.98388672
58865 4515.25
58925 4512.61083984
58960 4511.0703125
58970 4510.63037109
59005 4509.55371094
59065 4507.54931641
59125 4506.08544922
59185 4503.37792969
59246 4501.15722656
59306 4498.16943359
59366 4497.09667969
59426 4493.74755859
59486 4489.9140625
59546 4487.7734375
59606 4484.77490234
59666 4484.33349609
59727 4481.14746094
59787 4478.59082031
59847 4475.76660156
59907 4473.35742188
59967 4473.35253906
60027 4471.62744141
60087 4469.44628906
60147 4465.79199219
60208 4464.83691406
60268 4462.12939453
60328 4459.43408203
60388 4458.03613281
60448 4455.26757812
60508 4453.14257812
60568 4450.04541016
60628 4448.49707031
60689 4447.35107422
60749 4443.609375
60809 4440.42675781
60869 4438.00146484
60929 4436.47949219
60989 4434.67871094
61049 4432.67480469
61110 4431.68994141
61170 4428.05712891
61290 4424.28369141
61350 4422.10693359
61410 4419.27490234
61445 4417.62353516
61480 4415.97119141
61600 4413.38183594
61721 4412.23730469
61781 4412.16113281
61841 4410.82324219
61901 4410.52050781
61961 4407.95751953
62021 4406.51855469
62082 4404.39990234
62142 4403.79589844
62202 4402.34033203
62262 4399.49023438
62322 4396.91210938
62382 4394.21044922
62442 4391.27636719
62502 4388.98876953
62563 4387.11767578
62623 4384.32519531
62683 4382.9140625
62743 4380.96533203
62803 4379.6875
62863 4378.14306641
62923 4374.640625
62983 4373.05957031
63044 4371.22167969
63104 4369.72070312
63284 4368.61767578
63344 4366.91552734
63404 4365.21777344
63705 4353.57666016
63765 4351.92333984
63825 4350.82958984
63885 4348.57080078
63946 4346.62646484
64006 4343.8828125
64066 4340.92138672
64126 4339.06787109
64186 4336.31933594
64246 4334.39648438
64306 4331.57275391
64366 4329.11132812
64411 4326.9921875
64430 4326.06787109
64465 4324.39111328
64525 4322.421875
64585 4320.640625
64645 4317.35351562
64706 4315.29931641
64766 4311.90576172
64826 4309.90966797
64886 4308.17871094
64946 4306.07080078
65006 4303.07470703
65066 4300.56494141
65126 4299.93896484
65187 4296.68115234
65247 4295.50146484
65307 4293.29638672
65367 4292.18945312
65427 4290.62451172
65487 4287.46582031
65547 4285.68261719
65607 4284.34667969
65668 4282.36035156
65728 4279.32324219
65788 4276.86865234
65848 4275.38378906
65908 4273.27783203
65968 4270.25048828
66028 4267.09570312
66088 4265.25537109
66149 4264.26513672
66209 4262.66113281
66269 4260.56542969
66329 4258.33886719
66389 4256.14990234
66449 4254.83154297
66509 4252.09277344
66569 4249.00537109
66626 4248.62109375
66665 4246.09375
66707 4245.19433594
66768 4243.91357422
66828 4242.58447266
66888 4240.07275391
67008 4236.97753906
67068 4234.95849609
67128 4233.00244141
67189 4230.73486328
67249 4229.36328125
67309 4226.44091797
67369 4223.53369141
67429 4222.07324219
67489 4219.62060547
67549 4216.90283203
67609 4215.36328125
67670 4213.95214844
67730 4211.59960938
67790 4210.38867188
67850 4206.90283203
67910 4203.98632812
67970 4203.87255859
68030 4201.20361328
68090 4199.36181641
68151 4196.40625
68211 4193.98681641
68271 4193.21289062
68331 4190.32910156
68391 4189.078125
68451 4186.97900391
68511 4184.41503906
68571 4183.35888672
68631 4179.76220703
68692 4177.57519531
68752 4176.57177734
68812 4175.64697266
68872 4173.96582031
68932 4168.74853516
68975 4168.01660156
69004 4167.63867188
69050 4165.2109375
69110 4165.16845703
69170 4163.3828125
69230 4161.61376953
69290 4160.64550781
69351 4157.75537109
69411 4154.75634766
69471 4154.34130859
69531 4152.87158203
69591 4149.97412109
69651 4149.14453125
69711 4147.15673828
69746 4145.98828125
69781 4144.81933594
69841 4142.75
69902 4142.69775391
69962 4141.06738281
70022 4139.58789062
70082 4137.59277344
70142 4135.18457031
70202 4133.70166016
70262 4131.33691406
70323 4129.51806641
70383 4127.61328125
70443 4125.9765625
70503 4124.04199219
70804 4118.95166016
70864 4116.859375
70911 4114.95214844
70935 4114.0390625
70972 4112.48388672
71032 4110.71923828
71092 4108.58496094
71153 4106.94824219
71213 4104.87988281
71273 4103.56201172
71333 4101.21826172
71393 4099.46386719
71453 4098.19042969
71513 4096.20849609
71573 4093.97558594
71634 4092.37060547
71694 4089.99536133
71754 4088.03173828
71814 4086.20703125
71874 4085.07836914
71934 4082.78979492
71994 4081.53637695
72054 4079.36669922
72115 4076.44287109
72175 4073.92163086
72235 4071.9855957
72295 4069.21264648
72355 4068.14746094
72415 4067.1081543
72475 4064.69946289
72535 4061.75244141
72595 4061.32958984
72656 4058.90673828
72716 4056.20825195
72776 4054.0559082
72836 4051.93945312
72896 4049.0378418
72956 4046.50805664
73016 4045.92797852
73076 4043.30517578
73137 4041.50463867
73197 4040.01635742
73257 4037.82788086
73317 4036.46704102
73377 4034.34423828
73437 4031.96777344
73497 4030.77709961
73557 4027.82592773
73618 4026.25610352
73678 4024.67773438
73738 4023.36108398
73798 4020.68676758
73858 4018.52294922
73918 4016.97119141
73978 4014.54931641
74039 4011.95214844
74099 4008.60473633
74159 4006.60742188
74219 4005.98217773
74279 4003.88037109
74339 4001.85351562
74400 4000.72387695
74460 3997.2890625
74520 3996.0546875
74580 3994.21264648
74640 3991.70629883
74700 3990.31445312
74760 3987.64208984
74821 3985.76806641
74881 3984.31811523
74941 3982.58520508
75001 3980.29199219
75061 3978.41308594
75121 3976.43237305
75181 3973.72485352
75241 3972.52661133
75301 3971.6315918
75362 3968.41723633
75422 3967.55834961
75482 3965.44726562
75542 3962.79418945
75602 3960.49780273
75662 3959.68432617
75843 3942.55102539
75903 3940.53173828
75963 3936.3190918
76023 3932.67749023
76083 3932.46630859
76143 3928.57617188
76203 3926.60302734
76263 3925.86962891
76324 3922.9519043
76444 3921.63989258
76504 3917.97387695
76564 3914.12768555
76624 3913.69311523
76684 3909.60058594
76805 3906.60375977
76865 3904.79614258
76925 3902.07397461
77045 3901.85424805
77105 3897.41015625
77165 3897.40820312
77286 3896.40551758
77346 3893.23461914
77406 3891.86987305
77466 3890.02783203
77586 3887.23461914
77646 3883.81933594
77707 3882.28369141
77767 3881.38696289
77827 3880.07104492
77887 3878.13867188
77947 3874.14038086
78007 3872.50756836
78308 3874.36303711
78368 3872.24975586
78428 3870.36108398
78488 3868.93286133
78548 3867.00317383
78608 3864.84082031
78668 3863.27563477
78729 3861.13574219
78789 3859.08642578
78849 3857.66748047
78904 3854.97680664
78941 3853.46362305
78983 3852.76489258
79043 3851.13378906
79104 3849.27709961
79164 3846.69580078
79224 3844.89282227
79284 3843.5793457
79344 3841.6394043
79404 3839.92651367
79464 3837.61865234
79525 3835.17480469
79585 3833.63916016
79645 3830.64038086
79705 3829.05981445
79765 3826.19897461
79825 3824.34472656
79885 3822.82055664
79945 3820.96728516
80006 3819.29589844
80066 3817.69116211
80126 3815.71533203
80186 3812.88208008
80246 3811.13916016
80306 3810.48632812
80366 3808.44067383
80426 3805.55639648
80487 3803.58154297
80547 3801.4375
80607 3799.02783203
80667 3797.07373047
80727 3794.76074219
80787 3792.43066406
80847 3790.40820312
80907 3788.55883789
80968 3786.85229492
81028 3786.18530273
81088 3783.88110352
81148 3781.5871582
81208 3779.91503906
81268 3777.50561523
81328 3776.5793457
81388 3775.22900391
81449 3772.9050293
81509 3771.86132812
81569 3769.84106445
81629 3766.68139648
81689 3765.20043945
81749 3762.73608398
81809 3761.12231445
81870 3759.29394531
81930 3757.48291016
81990 3756.31762695
82050 3755.15039062
82110 3754.0859375
82170 3752.22973633
82230 3749.19213867
82291 3747.37768555
82351 3745.8581543
82411 3743.65454102
82471 3741.81445312
82531 3739.12451172
82591 3737.47900391
82651 3736.60083008
82712 3735.26489258
82772 3733.4765625
82832 3731.72094727
82892 3729.16235352
82952 3727.24755859
83012 3724.85791016
83072 3723.26831055
83132 3721.60595703
83193 3719.88623047
83253 3718.90087891
83313 3717.01074219
83373 3715.39355469
83433 3713.80322266
83493 3711.37133789
83554 3707.98266602
83614 3707.43505859
83674 3705.72070312
83734 3703.84716797
83794 3701.66894531
83854 3699.94702148
83914 3697.97070312
83974 3696.32739258
84034 3694.46191406
84095 3692.74560547
84155 3687.9140625
84215 3683.51635742
84275 3682.89208984
84335 3680.06738281
84395 3677.4909668
84455 3675.49291992
84515 3673.27197266
84576 3670.83496094
84636 3668.3815918
84696 3665.83349609
84876 3670.00170898
85177 3666.87988281
85237 3663.92358398
85297 3662.24462891
85357 3661.04296875
85417 3659.54370117
85478 3657.68920898
85538 3655.44897461
85598 3652.91625977
85658 3650.58154297
85718 3649.24707031
85778 3647.67529297
85838 3645.28442383
85898 3644.45605469
85959 3642.63183594
86019 3640.81225586
86079 3639.08984375
86139 3637.30981445
86199 3635.2277832
86259 3632.76464844
86319 3631.19384766
86379 3629.80615234
86439 3628.12109375
86500 3626.37060547
86560 3624.31469727
86620 3620.96264648
86680 3620.95800781
86740 3619.28564453
86800 3617.34887695
86860 3614.66674805
86921 3613.73291016
86981 3611.70410156
87041 3610.14013672
87101 3607.56274414
87161 3606.2878418
87221 3604.48608398
87281 3602.38793945
87341 3600.33569336
87402 3597.34765625
87462 3595.36206055
87522 3593.46630859
87582 3592.13037109
87642 3591.05566406
87702 3589.21289062
87762 3587.46459961
87822 3584.63330078
87883 3581.66430664
88003 3579.77978516
88063 3578.02441406
88123 3575.80102539
88183 3574.12207031
88243 3572.15405273
88304 3569.85424805
88364 3566.99316406
88424 3564.05126953
88484 3562.43823242
88544 3561.98828125
88604 3560.20361328
88664 3559.57299805
88724 3557.88378906
88785 3555.56225586
88845 3553.25927734
88905 3551.70361328
88965 3550.234375
89025 3549.11865234
89085 3548.43676758
89145 3545.90551758
89206 3544.28613281
89326 3541.95922852
89386 3540.10839844
89446 3538.24389648
89566 3536.88208008
89626 3533.97192383
89747 3532.21362305
89807 3529.36352539
89867 3527.28491211
89927 3527.20336914
89987 3524.65649414
90047 3521.72900391
90108 3521.53027344
90168 3519.40234375
90228 3518.50561523
90288 3517.04882812
90348 3514.2487793
90468 3513.1081543
90528 3510.42529297
90769 3507.48657227
90829 3506.09448242
90889 3504.99902344
90949 3502.59204102
91009 3500.609375
91070 3498.65844727
91130 3497.52929688
91190 3495.73242188
91250 3493.68164062
91310 3492.01635742
91370 3490.75048828
91430 3488.93798828
91490 3487.52758789
91551 3485.07006836
91611 3484.31420898
91671 3483.03198242
91731 3481.54785156
91791 3480.10522461
91851 3478.49243164
91911 3476.11206055
91971 3474.45874023
92032 3473.34228516
92092 3471.69018555
92152 3469.35229492
92212 3467.80566406
92272 3466.63549805
92332 3464.83276367
92392 3463.02807617
92452 3461.69140625
92513 3459.52392578
92573 3457.26904297
92633 3455.49462891
92693 3453.92407227
92753 3452.07470703
92813 3450.26611328
92873 3448.81713867
92933 3446.62866211
92993 3445.21313477
93114 3443.88525391
93174 3442.17797852
93234 3439.86401367
93294 3437.08984375
93354 3434.58618164
93414 3432.07666016
93475 3430.38842773
93535 3428.47143555
93595 3427.19360352
93655 3424.70410156
93715 3422.60986328
93775 3420.83862305
93835 3418.68774414
93895 3417.22045898
93941 3416.40991211
93986 3415.13134766
94046 3414.28588867
94106 3412.45019531
94166 3410.80273438
94226 3408.87597656
94286 3408.08935547
94346 3405.1184082
94407 3403.52758789
94467 3401.97607422
94527 3400.9675293
94587 3398.92114258
94767 3399.83154297
94827 3398.0390625
94888 3397.91503906
94948 3396.09008789
95008 3394.50048828
95068 3392.43505859
95128 3390.90966797
95188 3389.46044922
95248 3388.0
95308 3385.97900391
95368 3384.109375
95429 3382.60229492
95489 3380.52124023
95549 3378.97314453
95609 3378.47119141
95669 3376.42431641
95729 3374.96557617
95789 3373.29516602
95850 3372.0703125
95910 3370.06274414
95970 3368.25146484
96030 3367.15722656
96090 3365.66577148
96150 3363.1159668
96210 3362.16308594
96270 3360.26831055
96331 3358.06616211
96391 3357.52099609
96451 3356.76757812
96511 3355.69262695
96571 3353.88500977
96614 3352.67651367
96641 3352.36035156
96686 3350.66479492
96747 3348.80810547
96807 3346.93188477
96867 3345.43505859
96927 3343.20507812
97047 3341.81274414
97228 3344.21459961
97288 3339.12158203
97348 3337.3034668
97408 3337.01977539
97468 3334.6184082
97528 3333.09204102
97648 3331.5480957
97708 3330.00708008
97769 3327.72851562
97829 3326.08178711
97864 3325.12133789
97899 3324.16040039
