0 8850.32519531
60 8842.8671875
276 8800.69140625
290 8798.15136719
330 8790.65625
932 8725.94433594
1007 8728.82128906
1032 8721.94921875
1132 8698.421875
1168 8691.29785156
1189 8691.14355469
1216 8685.00585938
1378 8658.35546875
1493 8642.39453125
1526 8638.72070312
1565 8632.96582031
1720 8606.53710938
1736 8603.94628906
1777 8600.24511719
1828 8597.88964844
1929 8583.97558594
1966 8575.32421875
2064 8560.49414062
2124 8551.66210938
2184 8542.84277344
2244 8534.23144531
2425 8508.1015625
2478 8501.32910156
2531 8496.20996094
2772 8450.28125
2892 8445.96679688
2952 8442.25878906
3012 8433.63574219
3132 8417.56933594
3253 8400.17480469
3328 8385.23339844
3373 8380.62207031
3469 8359.9765625
3484 8357.671875
3510 8351.89746094
3556 8348.69824219
3591 8348.68847656
3626 8346.06738281
3686 8341.61035156
3851 8310.61230469
3955 8303.00390625
4011 8300.19433594
4053 8294.14550781
4098 8291.09277344
4159 8284.74414062
4219 8280.55664062
4279 8273.32714844
4339 8265.89648438
4399 8257.73632812
4459 8255.00976562
4520 8248.41503906
4580 8239.41503906
5061 8266.59277344
5121 8262.95898438
5181 8257.71484375
5241 8252.94921875
5301 8247.76660156
5361 8240.41894531
5422 8233.97558594
5482 8229.06054688
5531 8223.78710938
5556 8221.17382812
5591 8217.43164062
5651 8210.578125
5711 8204.83886719
5771 8197.90234375
5831 8192.87695312
5892 8189.94384766
5952 8183.05126953
6012 8177.93505859
6072 8170.55419922
6132 8163.96289062
6192 8155.85058594
6252 8149.52978516
6312 8146.49853516
6373 8140.07177734
6433 8131.95751953
6493 8127.36279297
6553 8122.16992188
6613 8117.04248047
6673 8111.91894531
6733 8104.00195312
6793 8098.53417969
6842 8095.63525391
6875 8092.82763672
6906 8089.42578125
6952 8088.33398438
7073 8069.67626953
7133 8066.24121094
7253 8051.85644531
7314 8045.65722656
7374 8041.52001953
7434 8035.52587891
7494 8027.33398438
7554 8024.23291016
7614 8019.64257812
7674 8011.08447266
7709 8007.80761719
7724 8007.53564453
7765 8004.14550781
7865 7999.58837891
7887 7996.92236328
7903 7994.86816406
7938 7990.5078125
7998 7981.79882812
8058 7975.73242188
8119 7973.18115234
8155 7964.69433594
8170 7963.81298828
8202 7960.33105469
8245 7958.08691406
8293 7952.80029297
8353 7947.67138672
8413 7940.09277344
8473 7933.52099609
8533 7929.54101562
8594 7923.50976562
8714 7917.07128906
8834 7905.13720703
8894 7900.03222656
8955 7893.34326172
9015 7886.90576172
9114 7882.63476562
9235 7869.20263672
9281 7864.96679688
9327 7862.77734375
9447 7848.13916016
9988 7816.10546875
10048 7810.56884766
10109 7804.64355469
10169 7798.00439453
10227 7790.83837891
10261 7787.68847656
10298 7784.71044922
10358 7780.73339844
10418 7777.28076172
10478 7772.26123047
10538 7765.41992188
10598 7760.62548828
10659 7756.35205078
10719 7750.05664062
10779 7747.07324219
10839 7740.09863281
10899 7736.25976562
10938 7734.54150391
10962 7732.34667969
11008 7725.49365234
11068 7721.55371094
11128 7717.30761719
11188 7712.14794922
11235 7705.65039062
11260 7705.05078125
11298 7699.13525391
11358 7695.70800781
11418 7690.24755859
11478 7684.79296875
11538 7680.08789062
11598 7675.42578125
11659 7670.95800781
11719 7666.27832031
11779 7661.19384766
11839 7655.81689453
11899 7651.98486328
11959 7647.24755859
12019 7639.54443359
12079 7635.76464844
12140 7630.66992188
12200 7625.49902344
12260 7620.53271484
12320 7615.98535156
12355 7613.33203125
12375 7611.85351562
12419 7606.50634766
12480 7600.22705078
12540 7593.3671875
12600 7589.73583984
12660 7586.40136719
12720 7583.4609375
12780 7576.08496094
12840 7572.61865234
12900 7566.79443359
12961 7559.39941406
13021 7553.30957031
13071 7546.02441406
13101 7543.71142578
13141 7540.87792969
13201 7534.71533203
13261 7527.63623047
13321 7524.41357422
13381 7518.02392578
13441 7512.45849609
13502 7508.88232422
13562 7502.36181641
13622 7500.63623047
13682 7496.57226562
13742 7489.87060547
13802 7486.04443359
13862 7479.65380859
13922 7473.54296875
13982 7472.49902344
14043 7466.13671875
14103 7457.82226562
14163 7453.67089844
14223 7447.55419922
14283 7442.08740234
14343 7435.97021484
14524 7402.59130859
14584 7398.43994141
14644 7390.02734375
14764 7381.35888672
14824 7372.96923828
14945 7359.1796875
15005 7358.92382812
15125 7344.83398438
15185 7342.33789062
15245 7339.58544922
15306 7336.28515625
15366 7331.78222656
15486 7330.96630859
15546 7322.83789062
15606 7319.70068359
15666 7316.015625
15726 7315.96191406
15847 7302.41748047
15907 7297.96728516
15967 7296.07080078
16027 7287.88134766
16087 7285.11181641
16147 7284.13671875
16207 7280.18945312
16268 7274.90039062
16328 7271.63867188
16388 7264.9375
16448 7256.33300781
16508 7255.29443359
16568 7249.93359375
16628 7245.06103516
16688 7242.81640625
16749 7234.06054688
17049 7236.77392578
17109 7232.63525391
17170 7226.55273438
17230 7225.27197266
17290 7220.59179688
17470 7208.48925781
17530 7202.296875
17591 7199.05810547
17651 7194.62109375
17711 7188.93847656
17771 7184.87695312
17831 7179.52099609
17891 7175.26611328
17946 7174.01660156
17987 7169.16113281
18033 7166.36376953
18094 7160.48925781
18154 7156.20605469
18214 7150.68017578
18334 7150.50390625
18394 7145.16162109
18515 7130.61328125
18575 7124.87402344
18635 7123.17236328
18695 7118.51171875
18755 7112.96044922
18815 7112.27001953
18875 7107.48486328
18935 7104.765625
18991 7098.05322266
19035 7096.91113281
19085 7093.25292969
19145 7089.08935547
19205 7083.37646484
19265 7078.32470703
19302 7073.59765625
19314 7072.05078125
19350 7067.58154297
19410 7065.96337891
19470 7063.68261719
19530 7060.00195312
19590 7055.22753906
19650 7051.65527344
19710 7045.71826172
19770 7039.88183594
19831 7036.234375
19891 7028.9375
19951 7026.63134766
20011 7023.12304688
20071 7016.77490234
20131 7014.33837891
20191 7011.05712891
20251 7005.12207031
20311 7001.01220703
20372 6997.16162109
20432 6992.66210938
20492 6987.07275391
20552 6984.16357422
20612 6977.67480469
20672 6975.90722656
20732 6970.72119141
20792 6964.51171875
20852 6960.51953125
20912 6955.56347656
20948 6952.20654297
20985 6949.88720703
21046 6945.08203125
21106 6942.33203125
21166 6937.02929688
21226 6934.65673828
21286 6930.75976562
21346 6926.03466797
21406 6924.55273438
21467 6921.54150391
21527 6914.15039062
21587 6912.03710938
21647 6909.72509766
21707 6906.42773438
21767 6902.59570312
21887 6895.88671875
21947 6888.83984375
22008 6885.8203125
22068 6883.39746094
22128 6880.17529297
22188 6876.08007812
22248 6871.54785156
22308 6865.19677734
22368 6861.50585938
22428 6856.83837891
22488 6856.06542969
22548 6853.92041016
22586 6852.06396484
22624 6847.54833984
22910 6826.79785156
22933 6826.75048828
22963 6824.96435547
23016 6820.09960938
23076 6815.61914062
23137 6812.11279297
23197 6807.04980469
23257 6804.73876953
23317 6801.10351562
23377 6800.60400391
23437 6793.98535156
23497 6790.14599609
23540 6786.45751953
23582 6783.13964844
23642 6779.5
23677 6777.37744141
23690 6776.60107422
23703 6776.19677734
23738 6774.68603516
23799 6769.86279297
23859 6765.49267578
23919 6760.38232422
23979 6757.08203125
24039 6752.98242188
24075 6750.56152344
24110 6748.14355469
24170 6743.91162109
24230 6740.97900391
24279 6737.74902344
24328 6735.15722656
24388 6731.12988281
24448 6724.89257812
24493 6723.61376953
24538 6720.71044922
24598 6715.36035156
24658 6710.71630859
24718 6706.38720703
24778 6703.67285156
24838 6699.69238281
24899 6695.48339844
24959 6692.89013672
25019 6688.14941406
25079 6683.33935547
25125 6680.03027344
25171 6677.02392578
25231 6672.78125
25291 6669.76123047
25351 6665.16894531
25411 6659.57470703
25471 6655.9375
25532 6651.22460938
25586 6647.85791016
25640 6644.67578125
25700 6642.64208984
25760 6639.68457031
25819 6633.39355469
25858 6631.42138672
25898 6626.26464844
26019 6621.33740234
26075 6617.95507812
26109 6614.83251953
26146 6612.84277344
26206 6608.52001953
26266 6604.70019531
26326 6601.22802734
26387 6597.29296875
26447 6590.84033203
26507 6587.95996094
26567 6582.70849609
26627 6578.1171875
26687 6574.27490234
26747 6569.00390625
26807 6565.24511719
26868 6563.01367188
26928 6558.39160156
26988 6554.41601562
27048 6550.45019531
27108 6547.56054688
27168 6539.91748047
27209 6538.41601562
27235 6536.13134766
27341 6532.04199219
27401 6527.15429688
27461 6521.68066406
27521 6519.47167969
27582 6517.55273438
27642 6512.18847656
27702 6508.75878906
27762 6506.25390625
27822 6502.33837891
27882 6497.63134766
27942 6495.11181641
28003 6490.50878906
28063 6483.8984375
28123 6482.81738281
28183 6478.59960938
28243 6470.64648438
28303 6468.75390625
28363 6465.37597656
28423 6461.50097656
28484 6457.94775391
28544 6456.38818359
28604 6453.97021484
28664 6448.19628906
28724 6442.87695312
28784 6440.7890625
28844 6434.90625
28904 6432.27099609
28964 6430.20507812
29025 6422.60009766
29085 6416.96582031
29145 6416.8671875
29205 6409.02392578
29265 6407.04296875
29325 6401.53369141
29385 6398.83935547
29445 6395.93457031
29506 6391.53076172
29566 6387.48779297
29626 6382.62402344
29686 6379.34912109
29746 6377.64746094
29806 6370.46044922
29866 6365.91064453
29926 6362.77392578
29987 6358.72021484
30107 6355.51611328
30167 6351.30224609
30227 6345.12255859
30287 6338.97509766
30347 6336.02294922
30407 6332.71972656
30467 6328.90283203
30528 6326.83007812
30588 6321.24755859
30648 6317.37646484
30708 6310.20996094
30768 6307.27392578
30828 6306.63623047
30888 6302.57666016
30948 6295.49121094
31008 6293.51171875
31069 6290.48046875
31129 6288.08251953
31189 6284.35009766
31249 6278.5078125
31309 6273.84863281
31369 6271.2265625
31429 6269.015625
31490 6262.41552734
31610 6257.21728516
31670 6252.48486328
31730 6246.09179688
31850 6238.37109375
31911 6234.72460938
31971 6229.34863281
32031 6228.05419922
32392 6238.68164062
32452 6234.21582031
32512 6232.21728516
32572 6226.77441406
32632 6223.4140625
32692 6220.97900391
32752 6218.48095703
32813 6215.89306641
32873 6210.90332031
32933 6205.40917969
32993 6203.23876953
33053 6198.21142578
33113 6194.10986328
33173 6190.98535156
33234 6186.47363281
33294 6183.84228516
33339 6182.75878906
33363 6181.82470703
33403 6178.95263672
33463 6175.31005859
33523 6170.11230469
33583 6168.40576172
33643 6163.33544922
33704 6161.3984375
33764 6157.92871094
33824 6154.93017578
33884 6152.08300781
33944 6148.59228516
34004 6145.33496094
34064 6142.11328125
34124 6136.63574219
34185 6134.85253906
34245 6133.56298828
34305 6131.39208984
34365 6125.83886719
34425 6122.00976562
34485 6120.16650391
34545 6116.45166016
34605 6112.08349609
34666 6109.11083984
34726 6106.72900391
34786 6102.65185547
34846 6100.65478516
34906 6095.87158203
34966 6089.71777344
35026 6085.32958984
35087 6084.79394531
35136 6081.50634766
35186 6076.70898438
35246 6074.31689453
35306 6071.46875
35366 6067.55517578
35427 6065.92871094
35487 6062.32714844
35547 6058.75878906
35607 6053.71826172
35667 6052.37646484
35727 6049.34619141
35787 6045.79589844
35847 6040.87890625
35908 6038.01220703
35968 6035.57177734
36028 6033.99853516
36088 6030.06884766
36148 6025.75097656
36208 6022.13330078
36268 6018.24560547
36328 6014.52685547
36389 6009.77148438
36449 6004.86376953
36509 6003.16601562
36569 5998.984375
36629 5996.29003906
36684 5993.44677734
36717 5990.85986328
36755 5987.70263672
36815 5985.390625
36875 5982.52783203
36935 5978.61914062
36995 5974.91015625
37055 5969.68066406
37115 5968.15966797
37175 5965.56054688
37236 5962.47119141
37296 5958.84912109
37356 5955.20898438
37416 5951.17871094
37476 5949.17138672
37536 5945.35107422
37596 5943.83886719
37657 5938.80615234
37717 5934.24609375
37777 5931.00244141
37837 5929.71630859
37873 5926.49609375
37886 5924.62060547
37911 5926.10107422
37924 5924.92529297
37940 5924.17285156
37979 5920.14599609
38039 5917.22167969
38100 5911.859375
38160 5908.47216797
38220 5904.61181641
38280 5900.61962891
38340 5896.57763672
38400 5889.71826172
38521 5889.37353516
38701 5893.62890625
39062 5873.84130859
39122 5869.95263672
39182 5866.57519531
39242 5863.02880859
39302 5861.34277344
39363 5857.94140625
39423 5854.90478516
39483 5852.88330078
39543 5850.81054688
39603 5846.49169922
39663 5842.49169922
39723 5839.87451172
39783 5837.0078125
39844 5834.66162109
39904 5831.70458984
39964 5827.72949219
39999 5825.40283203
40020 5824.0390625
40065 5823.55664062
40126 5821.75097656
40186 5818.74023438
40247 5814.77490234
40307 5811.81152344
40367 5807.40625
40427 5803.09179688
40487 5800.50683594
40547 5797.71582031
40607 5794.49169922
40668 5790.81005859
40728 5787.91650391
40788 5784.27832031
40848 5781.41210938
40908 5778.5859375
40968 5774.6796875
41028 5773.14453125
41088 5770.60986328
41149 5768.19238281
41209 5765.51074219
41269 5761.36767578
41329 5758.92480469
41389 5754.69042969
41449 5752.18066406
41509 5747.49414062
41569 5745.1796875
41629 5741.62255859
41690 5739.02490234
41750 5736.01269531
41810 5733.38525391
41870 5728.93017578
41930 5725.73876953
41990 5723.12890625
42050 5721.66357422
42111 5719.33935547
42171 5715.72412109
42231 5712.56152344
42291 5708.68066406
42351 5705.0859375
42409 5703.36425781
42452 5702.19238281
42498 5699.14355469
42558 5697.57617188
42618 5694.3046875
42679 5689.23291016
42739 5686.53759766
42799 5683.99169922
42859 5682.55078125
42919 5679.90673828
42979 5677.03808594
43039 5673.18164062
43099 5671.58544922
43160 5667.07958984
43220 5663.63671875
43280 5662.2890625
43340 5659.51660156
43400 5654.24804688
43460 5651.72753906
43520 5647.90380859
43581 5645.23876953
43641 5642.34716797
43701 5639.41455078
43761 5636.26220703
43821 5632.52441406
43881 5629.99902344
43941 5626.90185547
44001 5622.17675781
44347 5606.61523438
44407 5602.25537109
44467 5600.56787109
44527 5596.46484375
44587 5592.74755859
44647 5589.87402344
44707 5585.70849609
44768 5584.20361328
44828 5582.62988281
44888 5577.53710938
44948 5574.43505859
45008 5571.32275391
45068 5568.25634766
45128 5564.99707031
45188 5561.50195312
45249 5558.81103516
45309 5557.03613281
45361 5555.07324219
45389 5555.05175781
45426 5552.33984375
45487 5547.83007812
45547 5543.70556641
45607 5540.34960938
45667 5538.71875
45727 5535.23535156
45787 5532.88330078
45847 5529.24560547
45908 5528.19775391
45968 5525.37109375
46028 5522.54980469
46088 5520.70703125
46148 5517.93554688
46208 5514.00585938
46268 5511.29931641
46328 5508.05664062
46389 5505.35791016
46449 5502.34863281
46509 5499.59863281
46569 5496.72949219
46629 5494.32177734
46689 5490.22900391
46749 5487.58203125
46809 5482.828125
46870 5480.40625
46930 5476.28320312
46990 5474.48632812
47050 5471.59277344
47110 5468.86279297
47170 5464.84521484
47230 5461.85888672
47291 5460.50634766
47351 5457.26074219
47411 5455.640625
47471 5453.05322266
47531 5448.03027344
47591 5445.2890625
47651 5441.98632812
47711 5438.79248047
47765 5438.35351562
47818 5432.63818359
47878 5429.70117188
47938 5427.90869141
47998 5425.94042969
48058 5423.54101562
48119 5420.91259766
48179 5417.01025391
48239 5411.84716797
48299 5409.55957031
48359 5405.78027344
48419 5402.01513672
48479 5399.15673828
48532 5397.80566406
48585 5394.78027344
48705 5391.70654297
48765 5388.52832031
48825 5385.66894531
48885 5383.89013672
48945 5381.28515625
49006 5377.62158203
49066 5376.00878906
49126 5373.79785156
49186 5371.43847656
49246 5369.06152344
49306 5366.07568359
49366 5363.21044922
49427 5359.34423828
49487 5356.51074219
49547 5353.76171875
49607 5352.57714844
49667 5349.48925781
49727 5343.20361328
49787 5341.8984375
49847 5339.1796875
49908 5336.64697266
49968 5331.65332031
50028 5329.140625
50088 5327.35449219
50148 5324.19873047
50208 5323.48730469
50328 5322.21582031
50388 5319.47167969
50449 5316.29443359
50506 5314.71923828
50563 5311.26953125
50623 5306.89208984
50683 5302.54443359
50743 5301.04345703
50804 5299.42578125
50864 5296.27441406
50924 5293.39355469
50984 5290.95214844
51044 5289.47851562
51088 5287.29541016
51121 5285.90039062
51170 5282.88378906
51230 5279.47363281
51290 5277.57324219
51350 5274.65527344
51410 5272.21923828
51470 5269.51220703
51530 5266.47119141
51591 5264.86474609
51651 5261.58496094
51711 5259.77148438
51771 5257.91699219
51831 5253.16162109
51891 5251.13574219
51926 5249.95410156
51941 5249.45458984
51981 5246.34716797
52041 5242.72119141
52102 5240.05712891
52162 5238.20458984
52222 5235.86474609
52282 5232.95654297
52342 5230.70703125
52402 5226.17089844
52462 5224.96826172
52523 5223.08691406
52573 5220.83544922
52599 5219.69189453
52634 5218.13183594
52694 5215.16162109
52755 5210.29296875
53115 5193.03173828
53176 5190.56152344
53236 5188.31201172
53356 5184.26416016
53416 5182.16943359
53476 5179.86181641
53536 5177.125
53596 5173.23925781
53657 5169.24951172
53717 5167.14208984
53777 5161.9609375
53837 5159.63525391
53957 5157.87841797
54017 5156.78466797
54077 5152.67480469
54198 5153.02783203
54258 5145.31445312
54318 5141.38623047
54378 5139.28857422
54438 5136.46289062
54498 5134.16894531
54558 5130.96923828
54619 5126.77197266
54679 5125.33886719
54739 5123.60498047
54799 5120.88476562
54859 5117.57470703
54919 5115.82861328
54979 5111.21923828
55040 5108.38525391
55100 5105.63964844
55160 5104.01220703
55220 5100.29003906
55280 5099.76904297
55340 5097.88183594
55400 5095.18701172
55460 5093.13720703
55521 5089.57177734
55581 5087.67236328
55641 5084.21630859
55701 5081.359375
55761 5079.16455078
55821 5076.51025391
55881 5074.50927734
55941 5071.78125
56002 5069.66845703
56062 5065.95556641
56122 5063.26513672
56182 5060.62304688
56242 5058.07177734
56302 5055.6171875
56362 5053.35107422
56422 5049.91503906
56482 5047.84570312
56543 5045.30810547
56603 5044.14208984
56663 5041.01708984
56723 5038.75927734
56783 5034.25439453
56843 5032.01025391
56903 5030.11376953
56963 5027.91210938
57024 5024.72558594
57084 5022.07373047
57144 5019.46923828
57204 5015.62841797
57264 5012.48828125
57324 5010.31835938
57384 5009.33544922
57445 5006.88037109
57505 5003.50146484
57565 5000.37158203
57625 4998.67626953
57685 4997.57128906
57745 4994.74658203
57805 4992.14306641
57866 4988.45898438
57926 4984.77929688
57986 4980.68896484
58046 4979.36474609
58106 4976.43505859
58166 4973.3359375
58226 4968.15380859
58286 4966.81542969
58347 4962.75195312
58407 4958.40332031
58467 4956.88232422
58527 4954.56298828
58587 4951.32324219
58647 4948.41601562
58707 4946.99755859
58767 4944.52441406
58827 4940.27880859
58888 4938.83154297
58948 4934.99414062
59008 4930.05859375
59068 4929.14453125
59128 4926.20410156
59188 4923.16162109
59248 4921.17724609
59309 4918.10839844
59369 4914.48535156
59429 4911.14501953
59489 4908.17236328
59549 4905.24511719
59609 4902.70898438
59669 4901.77587891
59729 4900.9375
59790 4898.69287109
59850 4896.12695312
59910 4894.16455078
59970 4892.85986328
60030 4888.98046875
60090 4886.71240234
60150 4884.01074219
60211 4881.81445312
60271 4878.34912109
60391 4881.37451172
60451 4878.54003906
60511 4875.76611328
60571 4873.27050781
60631 4871.74072266
60692 4869.71191406
60752 4866.32177734
60812 4863.14306641
60872 4862.34179688
60932 4859.91064453
60992 4857.59912109
61052 4854.87695312
61113 4852.31884766
61173 4850.74658203
61233 4847.703125
61293 4844.22949219
61353 4840.68457031
61413 4838.0
61473 4834.59423828
61534 4832.07128906
61594 4828.24462891
61654 4824.90869141
61762 4820.06738281
61803 4819.97851562
61855 4819.49804688
61916 4819.06201172
61976 4814.16259766
62036 4810.75976562
62096 4806.73339844
62156 4802.60400391
62216 4800.57226562
62276 4797.67578125
62337 4793.05615234
62397 4791.16455078
62457 4787.40917969
62517 4783.80029297
62554 4783.79638672
62584 4781.91259766
62637 4778.95947266
62750 4774.60986328
62780 4771.22851562
62818 4769.203125
62878 4768.12744141
62938 4765.39404297
62998 4762.51367188
63058 4758.87597656
63118 4758.19775391
63168 4754.90478516
63208 4753.41503906
63269 4752.49316406
63389 4747.40625
63449 4742.58154297
63509 4738.45263672
63569 4737.34667969
63629 4735.52197266
63689 4732.31396484
63749 4727.01513672
63810 4724.99755859
63870 4721.39941406
63930 4719.39013672
63980 4716.40429688
64012 4716.32177734
64052 4714.32373047
64112 4712.125
64173 4710.81591797
64233 4706.80615234
64293 4702.27685547
64353 4701.19628906
64413 4698.73095703
64533 4694.91650391
64594 4690.12988281
64636 4688.85742188
64653 4688.33398438
64663 4688.03027344
64699 4685.52783203
64759 4683.02832031
64819 4677.39697266
64879 4676.28125
64939 4676.27197266
64999 4673.39013672
65059 4669.93847656
65119 4669.18310547
65180 4665.18945312
65240 4663.93554688
65300 4662.29541016
65360 4658.68603516
65420 4656.62890625
65480 4653.61621094
65540 4652.28027344
65601 4651.125
65661 4650.21582031
65721 4647.31640625
65781 4646.34423828
65841 4643.79980469
65901 4642.21679688
