0 9077.72949219
61 9067.41796875
121 9058.90429688
156 9053.51074219
191 9050.0078125
251 9036.88378906
312 9020.92578125
372 9007.40917969
433 8990.23144531
493 8978.33105469
554 8966.0
589 8960.60546875
611 8954.4765625
644 8950.08203125
670 8942.85058594
711 8934.98828125
772 8921.76269531
854 8907.38378906
891 8898.52539062
952 8882.21875
1012 8863.96289062
1072 8850.21777344
1132 8848.54003906
1185 8831.50195312
1238 8819.13964844
1311 8812.17578125
1371 8796.17480469
1491 8776.92578125
1551 8756.22265625
1611 8740.72265625
1672 8738.21386719
1841 8703.79101562
1951 8651.19335938
2011 8648.72949219
2192 8604.62109375
2312 8606.98144531
2372 8597.234375
2492 8592.36621094
2553 8580.79296875
2613 8574.27734375
2673 8571.08691406
2733 8549.78027344
2853 8532.27734375
2913 8511.3515625
2973 8502.03808594
3094 8490.96484375
3154 8469.79101562
3214 8464.34277344
3249 8461.1640625
3284 8457.98828125
3404 8476.06152344
3464 8468.67773438
3525 8452.38183594
3585 8441.68945312
3620 8435.45410156
3655 8429.19140625
3715 8417.61425781
3775 8412.92089844
3836 8403.26171875
3896 8397.76269531
3956 8384.29882812
4016 8377.17871094
4076 8356.76171875
4256 8338.19824219
4317 8336.9609375
4377 8329.56835938
4437 8319.734375
4497 8311.87109375
4557 8305.13867188
4617 8300.75390625
4673 8288.85351562
4708 8280.99023438
4739 8267.10449219
4854 8252.13769531
4974 8251.82421875
5034 8243.81640625
5154 8240.890625
5214 8237.01464844
5275 8226.68847656
5335 8224.1171875
5395 8219.44726562
5430 8216.72167969
5465 8213.99707031
5525 8205.76367188
5560 8200.96191406
5570 8199.59082031
5605 8196.70996094
5665 8185.44238281
5725 8173.61474609
5786 8166.9140625
5846 8161.36523438
5906 8154.69921875
5966 8148.0234375
6074 8152.09082031
6159 8131.18261719
6196 8122.18701172
6256 8121.59619141
6376 8108.26464844
6436 8095.37255859
6496 8085.69970703
6556 8077.05957031
6617 8068.60742188
6677 8065.66503906
6737 8056.29541016
6797 8043.92333984
6857 8039.52246094
7037 8032.21923828
7097 8016.75927734
7157 8006.24316406
7193 8000.11035156
7228 7993.97558594
7288 7985.90673828
7408 7980.99707031
7468 7967.30126953
7528 7953.90966797
7649 7949.14892578
7709 7937.04736328
7744 7929.96630859
7779 7922.84667969
7900 7927.62988281
7960 7916.98974609
8020 7900.13720703
8080 7891.20605469
8140 7890.62841797
8200 7884.71630859
8260 7872.82910156
8381 7872.27880859
8429 7859.50195312
8478 7846.37548828
8598 7834.21484375
8719 7825.51904297
8779 7817.54638672
8899 7826.66943359
8959 7821.06298828
9080 7821.71386719
9140 7821.51806641
9200 7806.27832031
9260 7803.88671875
9311 7802.85693359
9343 7794.81933594
9385 7792.53417969
9506 7787.37353516
9566 7769.53173828
9626 7766.20117188
9686 7754.85595703
9746 7745.79980469
9806 7740.82421875
9927 7733.35351562
10047 7734.59619141
10107 7729.89013672
10167 7726.2734375
10227 7718.18554688
10287 7712.74951172
10347 7704.10839844
10408 7696.87060547
10468 7692.7265625
10588 7684.75732422
10648 7679.74267578
10708 7673.69580078
10828 7673.90625
10949 7648.34912109
11009 7636.02734375
11069 7619.55615234
11369 7636.99853516
11430 7630.69726562
11550 7630.67529297
11610 7620.87646484
11670 7618.79736328
11730 7604.98339844
11790 7598.94140625
11850 7583.87792969
11911 7577.328125
11971 7568.18945312
12031 7558.58251953
12091 7544.53369141
12151 7544.16943359
12452 7539.78027344
12512 7536.88427734
12572 7533.77490234
12632 7522.43164062
12692 7514.81396484
12752 7504.77441406
12813 7503.10351562
12873 7502.79492188
12933 7492.09765625
12968 7485.85449219
13184 7327.61767578
13244 7324.00097656
13304 7314.32910156
13364 7309.60449219
13424 7300.75878906
13544 7311.34375
13665 7299.10253906
13845 7295.39306641
13965 7264.04199219
14326 7690.81201172
14386 7685.22314453
14446 7679.65625
14506 7673.51611328
14566 7669.0546875
14626 7666.64697266
14686 7661.0625
14746 7658.85253906
14807 7651.53955078
14867 7646.81396484
14927 7640.62255859
14987 7634.39160156
15047 7627.67138672
15107 7620.87207031
15167 7617.82128906
15227 7611.70361328
15288 7607.17724609
15348 7604.94482422
15407 7597.45410156
15467 7594.36376953
15527 7588.11474609
15587 7581.12011719
15648 7576.5859375
15708 7571.14501953
15768 7566.46435547
15828 7560.74902344
15888 7556.91601562
15948 7554.31494141
16008 7549.00976562
16068 7544.81054688
16128 7537.59033203
16189 7533.35742188
16249 7530.02636719
16309 7522.12646484
16369 7521.69091797
16429 7516.79785156
16489 7511.35302734
16549 7507.37304688
16609 7500.05029297
16670 7494.76708984
16730 7488.79443359
16781 7486.19335938
16833 7481.4296875
16893 7477.55908203
16954 7470.56738281
17014 7467.5625
17074 7464.15917969
17134 7456.23291016
17194 7455.20654297
17254 7449.78710938
17314 7445.63378906
17375 7440.44140625
17435 7436.58984375
17495 7431.55761719
17555 7425.578125
17615 7421.28320312
17675 7414.79003906
17735 7410.79785156
17795 7407.19873047
17856 7403.59277344
17916 7397.80810547
17976 7392.23730469
18036 7385.77001953
18096 7381.8359375
18156 7377.99560547
18216 7371.78222656
18277 7368.14404297
18337 7364.08007812
18397 7360.46777344
18450 7357.83886719
18502 7351.96484375
18563 7347.38427734
18623 7339.97509766
18680 7335.94677734
18738 7331.94970703
18798 7328.54638672
18858 7322.65673828
18918 7317.42626953
18979 7313.14501953
19039 7308.3046875
19099 7304.67236328
19159 7299.36816406
19219 7295.35693359
19279 7290.23730469
19339 7283.20751953
19399 7280.15673828
19445 7278.04345703
19468 7276.87744141
19506 7274.08251953
19566 7271.18994141
19626 7264.5703125
19686 7260.41064453
19746 7254.39550781
19806 7249.14111328
19866 7243.328125
19926 7239.48779297
19987 7234.74658203
20047 7229.70263672
20107 7224.17089844
20167 7218.52587891
20227 7216.13476562
20287 7211.79736328
20347 7207.93359375
20407 7204.55908203
20468 7199.28710938
20528 7193.96337891
20588 7189.25976562
20648 7185.24316406
20708 7181.08496094
20768 7174.98339844
20828 7170.35546875
20888 7167.55517578
20948 7163.58496094
21009 7156.45019531
21069 7150.73681641
21104 7147.40429688
21139 7144.07128906
21199 7141.24023438
21250 7136.89550781
21302 7131.58544922
21362 7125.375
21422 7119.21435547
21482 7115.34716797
21542 7111.24169922
21602 7108.59472656
21663 7103.20214844
21723 7095.92089844
21783 7093.51220703
21843 7089.34912109
21903 7085.24951172
21963 7081.93066406
22370 7054.36132812
22430 7047.55322266
22490 7042.16650391
22551 7038.29443359
22606 7035.24804688
22661 7027.66162109
22721 7024.29492188
22782 7021.67236328
22842 7016.3984375
22902 7012.98193359
22962 7009.56640625
23022 7000.50927734
23082 6994.67041016
23142 6989.24902344
23203 6985.57958984
23263 6982.37158203
23323 6977.91259766
23383 6976.83886719
23443 6971.47119141
23503 6969.22607422
23563 6964.59375
23623 6958.41796875
23668 6955.44677734
23688 6954.13867188
23723 6951.80224609
23783 6943.41064453
23843 6940.703125
23903 6935.26269531
23963 6933.13671875
24023 6928.74609375
24084 6923.9453125
24144 6920.19433594
24204 6913.71533203
24264 6909.86132812
24302 6908.95166016
24341 6906.49414062
24401 6901.24169922
24461 6897.22558594
24521 6892.25146484
24581 6884.74316406
24641 6881.0703125
24701 6875.21533203
24761 6871.06201172
24822 6865.95556641
24882 6859.24023438
24942 6848.74267578
25002 6845.41894531
25062 6841.30517578
25122 6828.72900391
25182 6826.71630859
25242 6822.94482422
25296 6812.47802734
25374 6816.67822266
25434 6812.04101562
25495 6809.98388672
25555 6805.32958984
25615 6796.78417969
25675 6796.27832031
25735 6794.20410156
25795 6791.75341797
25855 6785.30761719
25916 6778.66015625
26036 6777.78613281
26096 6765.44335938
26156 6762.59472656
26216 6758.42236328
26336 6753.56884766
26457 6746.56347656
26517 6739.75146484
26577 6737.19335938
26637 6732.70751953
26697 6726.89941406
26757 6725.64453125
26817 6719.67041016
26878 6715.46386719
26938 6710.06982422
26998 6708.45458984
27058 6706.72265625
27118 6704.41992188
27178 6699.41113281
27238 6694.87255859
27298 6692.53369141
27359 6689.23632812
27419 6685.94628906
27479 6682.2890625
27539 6680.26464844
27599 6677.65380859
27659 6671.59521484
27719 6668.37011719
27779 6665.41259766
27840 6661.26708984
27900 6658.06933594
27960 6652.66796875
28020 6647.30712891
28080 6643.55761719
28140 6636.96533203
28200 6632.89697266
28261 6630.44873047
28381 6623.32617188
28441 6620.12695312
28501 6616.94873047
28621 6611.89746094
28681 6608.68017578
28742 6602.74365234
28802 6601.23730469
28862 6598.45068359
28922 6595.59570312
28982 6589.96582031
29039 6584.7421875
29097 6582.03076172
29157 6577.18847656
29217 6571.36328125
29277 6566.0
29338 6560.98730469
29398 6559.02539062
29458 6556.32666016
29518 6554.81982422
29578 6553.57714844
29879 6549.95556641
29939 6546.09912109
29999 6542.52001953
30059 6537.90429688
30119 6534.84863281
30179 6530.17089844
30239 6527.41650391
30299 6523.10302734
30360 6517.97607422
30420 6514.76171875
30480 6512.61376953
30540 6509.61767578
30600 6504.84179688
30660 6501.85839844
30720 6498.55322266
30781 6494.01123047
30841 6490.14257812
30901 6485.234375
30961 6481.90283203
31021 6478.15136719
31081 6474.12841797
31141 6470.36669922
31201 6466.25732422
31262 6461.95410156
31322 6457.49658203
31382 6453.41943359
31442 6449.65869141
31502 6446.47021484
31562 6442.70654297
31622 6436.35058594
31683 6434.47119141
31743 6432.26269531
31803 6428.58056641
31863 6424.84472656
31923 6419.76318359
31983 6415.09521484
32043 6411.68652344
32103 6407.88037109
32164 6406.42578125
32224 6400.73535156
32284 6397.72314453
32344 6394.00585938
32404 6391.61621094
32464 6387.06103516
32524 6383.94335938
32584 6380.40283203
32645 6376.40234375
32705 6371.30761719
32765 6364.88427734
32825 6362.06054688
32885 6359.25341797
32945 6355.28613281
33005 6352.66894531
33063 6348.48828125
33097 6346.53271484
33135 6344.63867188
33195 6340.23339844
33255 6336.69091797
33315 6331.55029297
33375 6326.89257812
33435 6325.10644531
33495 6319.98974609
33555 6315.18359375
33616 6310.06103516
33676 6308.07666016
33736 6303.97705078
33796 6301.296875
33856 6296.40625
33916 6292.97558594
33976 6289.73779297
34036 6285.26708984
34097 6280.5390625
34157 6277.26660156
34217 6274.29052734
34277 6270.96484375
34337 6265.78027344
34397 6262.36132812
34457 6258.62744141
34517 6256.85791016
34577 6253.08496094
34638 6246.68457031
34698 6242.65820312
34758 6241.43505859
34818 6239.05371094
34878 6235.99267578
34938 6232.00097656
34998 6227.34619141
35059 6222.31152344
35119 6220.61962891
35179 6216.17675781
35239 6210.77441406
35299 6207.38769531
35359 6204.81445312
35419 6200.32666016
35480 6195.37548828
35540 6191.73095703
35600 6191.33935547
35660 6187.02392578
35720 6180.83349609
35780 6176.29248047
36081 6109.75634766
36356 6151.22851562
36416 6146.12841797
36476 6142.32568359
36536 6138.55322266
36596 6135.6484375
36656 6133.08935547
36716 6130.32080078
36770 6127.42675781
36823 6123.08105469
36883 6119.37353516
36944 6113.42724609
37004 6109.94677734
37064 6108.80615234
37124 6103.80859375
37184 6098.64208984
37244 6095.27148438
37281 6092.48339844
37319 6088.68310547
37379 6085.50146484
37439 6081.32324219
37499 6078.58935547
37559 6074.74316406
37619 6071.58056641
37679 6068.86181641
37740 6066.36767578
37800 6062.29443359
37860 6060.83007812
37920 6055.56103516
37980 6050.36083984
38040 6047.5390625
38100 6043.40966797
38160 6042.33154297
38220 6038.28076172
38281 6035.16357422
38341 6032.79394531
38401 6028.86621094
38461 6026.00488281
38521 6022.6484375
38581 6018.52001953
38641 6016.00292969
38701 6013.15673828
38761 6009.7265625
38822 6007.77099609
38882 6003.01025391
38942 5998.43066406
39002 5997.71533203
39062 5995.31152344
39122 5993.06933594
39182 5986.8359375
39242 5983.62304688
39303 5981.41748047
39363 5975.99755859
39423 5973.07763672
39483 5969.62939453
39544 5966.54833984
39604 5962.57519531
39664 5959.51611328
39724 5956.53808594
39784 5951.31689453
39844 5948.67236328
39904 5945.63867188
39964 5943.72949219
40025 5940.29589844
40325 5925.40771484
40385 5921.04833984
40445 5917.96679688
40505 5914.95019531
40566 5911.26708984
40626 5907.66894531
40686 5903.21875
40746 5898.62792969
40926 5897.95947266
40986 5894.1484375
41047 5889.91796875
41107 5886.45458984
41167 5882.29101562
41227 5879.11474609
41287 5877.29150391
41347 5872.59082031
41407 5869.88818359
41468 5866.14648438
41528 5862.15673828
41588 5860.65722656
41648 5857.97607422
41708 5853.60888672
41768 5850.43847656
41828 5846.5234375
41888 5843.83740234
41949 5841.16894531
42009 5836.85400391
42069 5834.85742188
42127 5829.53955078
42162 5828.59423828
42200 5825.8046875
42260 5822.06933594
42320 5818.77880859
42380 5816.47949219
42440 5814.01074219
42500 5810.00732422
42560 5807.86865234
42620 5803.50048828
42681 5800.34179688
42741 5798.56201172
42801 5794.28271484
42861 5790.56445312
42921 5788.4765625
42981 5784.97949219
43041 5782.13525391
43101 5778.29931641
43162 5774.71972656
43222 5771.70556641
43282 5768.28808594
43342 5765.06445312
43402 5760.31591797
43462 5758.69726562
43522 5755.265625
43582 5751.16308594
43643 5748.83349609
43703 5745.88378906
43763 5742.87304688
43823 5738.93310547
43883 5737.00537109
43943 5733.3359375
44003 5728.02880859
44063 5726.78466797
44124 5724.40039062
44184 5719.75830078
44244 5716.46435547
44304 5715.06542969
44364 5711.45117188
44424 5708.22167969
44484 5705.77001953
44544 5702.00683594
44605 5698.82080078
44665 5696.05957031
44725 5692.73242188
44785 5690.53076172
44845 5687.17529297
44905 5682.34814453
44965 5680.52246094
45025 5677.63134766
45085 5673.39013672
45131 5671.09570312
45177 5669.58642578
45237 5666.72558594
45297 5663.33642578
45357 5660.15771484
45417 5657.54003906
45478 5655.03613281
45538 5651.60009766
45598 5646.81835938
45658 5644.29394531
45718 5642.77148438
45778 5639.58203125
45838 5635.03662109
45898 5631.78271484
45959 5629.04248047
46019 5627.27246094
46057 5624.89208984
46096 5622.66943359
46156 5618.61279297
46216 5615.77880859
46276 5610.43017578
46337 5609.80126953
46397 5607.83642578
46457 5604.78076172
46517 5599.75195312
46577 5595.98828125
46637 5593.86816406
46697 5591.60302734
46758 5588.76708984
46818 5584.33837891
46878 5581.58203125
46938 5578.28564453
47509 5551.22412109
47569 5548.29296875
47610 5545.70117188
47652 5544.60205078
47712 5541.09960938
47773 5537.53271484
47833 5535.39355469
47893 5532.76074219
47953 5528.93164062
48013 5525.65771484
48058 5525.59912109
48078 5525.57275391
48088 5525.55957031
48124 5521.16943359
48184 5516.12011719
48244 5512.59765625
48304 5510.99414062
48364 5506.72607422
48424 5504.52197266
48484 5500.45410156
48544 5498.24414062
48605 5494.13720703
48665 5491.87011719
48710 5489.12451172
48755 5487.08007812
48815 5484.94726562
48875 5481.08251953
48935 5477.55615234
48992 5476.4609375
49026 5475.63232422
49064 5471.93261719
49124 5468.84179688
49184 5467.36035156
49244 5464.18603516
49304 5461.25878906
49364 5459.75927734
49424 5456.59228516
49484 5454.20019531
49520 5453.50488281
49556 5451.54931641
49616 5446.80908203
49676 5444.23535156
49736 5441.54931641
49797 5439.54589844
49857 5435.06054688
49917 5431.76708984
49977 5429.36962891
50037 5425.47119141
50097 5423.38134766
50157 5420.61376953
50217 5417.96435547
50277 5416.66650391
50321 5413.41113281
50364 5411.88330078
50424 5409.1640625
50484 5406.67871094
50544 5403.73535156
50605 5400.51660156
50665 5396.28662109
50725 5394.21582031
50785 5392.46386719
50845 5389.30419922
50905 5387.01904297
50965 5384.7265625
51025 5380.22558594
51086 5376.77880859
51146 5374.29541016
51206 5370.70019531
51266 5368.9765625
51326 5366.17236328
51386 5362.81591797
51446 5360.47998047
51507 5356.66064453
51567 5354.01904297
51627 5351.734375
51687 5347.67382812
51747 5345.37792969
51807 5342.72705078
51867 5340.23779297
51927 5336.11376953
51988 5333.41650391
52048 5330.01855469
52108 5328.40527344
52168 5326.11425781
52228 5322.4296875
52285 5319.48828125
52342 5315.47265625
52402 5312.29492188
52462 5308.92041016
52522 5304.98535156
52582 5304.02294922
52642 5301.34082031
52702 5298.37695312
52763 5295.32128906
52823 5291.63134766
52883 5289.44628906
52943 5287.19775391
53003 5282.65771484
53063 5278.66308594
53123 5275.69384766
53184 5272.78320312
53244 5271.83203125
53304 5268.03857422
53364 5263.31298828
53424 5261.47949219
53484 5258.40625
53544 5256.96484375
53604 5253.23388672
53664 5248.80419922
53965 5234.12890625
54025 5230.84082031
54085 5228.48535156
54145 5227.00048828
54336 5221.44287109
54396 5220.390625
54456 5216.6484375
54516 5212.71582031
54591 5210.57080078
54651 5208.45361328
54711 5205.27685547
54772 5204.66699219
54832 5200.49023438
54892 5195.69238281
54952 5194.265625
55012 5189.77001953
55072 5187.32958984
55132 5182.62792969
55192 5180.65673828
55252 5177.88867188
55313 5173.23779297
55373 5170.83447266
55433 5169.64697266
55493 5165.26904297
55553 5161.39599609
55673 5164.67529297
55734 5163.10595703
55794 5159.51757812
55854 5156.96484375
55914 5153.39013672
55974 5150.96484375
56034 5149.19042969
56094 5146.12304688
56154 5142.64648438
56215 5140.76904297
56275 5138.51611328
56335 5136.18945312
56395 5133.24072266
56455 5130.27294922
56515 5127.58935547
56575 5124.59863281
56635 5122.22753906
56696 5119.32275391
56756 5116.20605469
56816 5114.55566406
56876 5111.30371094
56936 5109.46435547
56996 5107.27197266
57056 5104.82226562
57116 5101.73681641
57176 5097.36035156
57237 5095.37060547
57297 5090.81152344
57357 5088.94873047
57417 5088.84179688
57477 5086.24023438
57537 5082.31347656
57597 5079.55615234
57657 5077.58105469
57718 5075.27246094
57778 5072.43457031
57838 5069.37890625
57898 5067.73388672
57958 5064.46337891
58018 5060.44042969
58093 5059.12304688
58153 5056.71679688
58213 5054.64453125
58273 5051.44384766
58334 5047.75830078
58394 5044.48144531
58454 5042.52929688
58514 5039.43847656
58574 5035.64013672
58634 5032.59179688
58694 5031.40136719
58745 5028.54101562
58795 5027.00097656
58855 5024.66503906
58915 5022.08837891
58975 5019.21533203
59036 5016.76318359
59096 5013.02587891
59156 5011.23144531
59216 5008.40039062
59276 5006.78515625
59336 5003.70458984
59396 5001.60693359
59457 4998.86865234
59517 4995.77685547
59577 4993.28710938
59637 4990.48339844
59697 4987.95996094
59757 4985.38769531
59817 4982.56933594
59877 4980.83740234
59938 4977.90332031
59998 4974.21923828
60058 4972.19189453
60101 4971.35400391
60144 4968.89941406
60204 4965.92626953
60264 4962.05029297
60325 4960.45214844
60385 4957.78662109
60445 4957.13427734
60505 4954.33789062
60565 4951.45214844
60625 4947.95849609
60685 4946.12158203
60746 4943.25439453
60806 4937.77148438
60866 4935.68896484
60926 4932.29638672
60986 4929.36816406
61046 4929.26855469
61106 4925.07177734
61166 4921.24511719
61226 4918.64160156
61287 4917.09521484
61347 4913.62988281
61407 4911.04345703
61467 4908.74511719
61527 4907.26757812
61587 4903.21484375
61647 4899.39013672
61707 4897.41748047
61768 4893.87646484
61828 4890.93603516
61888 4886.72119141
61948 4883.54101562
62008 4881.50878906
62068 4878.35742188
62128 4876.546875
62188 4872.46679688
62249 4868.26806641
62309 4864.86132812
62369 4862.625
62669 4848.50341797
62730 4846.42138672
62790 4842.03466797
62850 4840.20214844
62910 4837.38964844
62970 4833.42529297
63030 4832.31201172
63090 4828.23876953
63150 4824.39404297
63210 4820.08544922
63331 4829.25341797
63451 4825.32373047
63571 4826.28759766
63631 4824.9296875
63691 4822.33496094
63752 4820.13183594
63812 4819.10253906
63872 4814.09667969
63932 4811.71435547
63992 4808.640625
64052 4806.18310547
64112 4803.06884766
64173 4801.74902344
64233 4798.77783203
64293 4795.94628906
64353 4793.73974609
64413 4790.94287109
64473 4788.80322266
64533 4786.55615234
64594 4784.02929688
64654 4780.70458984
64714 4777.70849609
64774 4775.86523438
64834 4773.15820312
64894 4771.30664062
64954 4769.11328125
65014 4766.30712891
65075 4763.13330078
65135 4760.45410156
65195 4757.66699219
65255 4755.29833984
65315 4752.25634766
65375 4748.86083984
65435 4747.4296875
65495 4745.40673828
65555 4743.02783203
65616 4740.16699219
65676 4737.64453125
65736 4735.18945312
65796 4731.91308594
65856 4729.94775391
65893 4727.38232422
65931 4726.28955078
65991 4723.11962891
66051 4720.42871094
66111 4716.96972656
66171 4715.33203125
66232 4712.86767578
66292 4709.86425781
66352 4707.81689453
66412 4704.67285156
66472 4700.72314453
66532 4699.16357422
66592 4697.59765625
66652 4694.31689453
66712 4691.50097656
66773 4687.78173828
66833 4685.18408203
66893 4684.29931641
66953 4681.27978516
67013 4678.43115234
67073 4674.94384766
67133 4671.55712891
67193 4670.27685547
67254 4666.55615234
67314 4664.0234375
67374 4661.64648438
67434 4658.59960938
67494 4656.04931641
67554 4653.74414062
67614 4650.17626953
67674 4647.99316406
67735 4645.14453125
67795 4641.75976562
67855 4639.29589844
67915 4636.66162109
67975 4632.84277344
68035 4629.91796875
68086 4628.15771484
68115 4627.57177734
68153 4625.69775391
68213 4623.16552734
68273 4619.90332031
68333 4615.50537109
68394 4612.91259766
68454 4610.68164062
68514 4606.94140625
68574 4606.6640625
68634 4602.89013672
68694 4601.37548828
68754 4598.140625
68814 4592.86181641
68875 4590.12158203
68935 4586.99511719
68995 4583.78662109
69055 4581.28515625
69115 4577.94970703
69175 4576.02490234
69235 4573.34375
69295 4572.05810547
69355 4568.11621094
69416 4564.72412109
69476 4561.59863281
69536 4557.96679688
69596 4554.86083984
69656 4552.06689453
69716 4548.39941406
69776 4547.75292969
69836 4546.45507812
69897 4542.49951172
69957 4539.41943359
70017 4535.89013672
70077 4531.88574219
70137 4530.54199219
70197 4525.74804688
70257 4523.12646484
70317 4521.94335938
70378 4519.15966797
70438 4517.68847656
70498 4513.81640625
70558 4509.41699219
70618 4507.56640625
70678 4505.10449219
70738 4502.52050781
70799 4498.19775391
70859 4495.87695312
71159 4489.65869141
71219 4485.74121094
71280 4483.49267578
71340 4478.39257812
71400 4477.65478516
71460 4472.27490234
71520 4471.94726562
71580 4468.44140625
71640 4466.28955078
71701 4463.52294922
71761 4459.43310547
71821 4457.66357422
71881 4452.6171875
71941 4450.93457031
72001 4448.26806641
72061 4445.88574219
72121 4444.62353516
72181 4442.14697266
72242 4438.328125
72302 4437.36767578
72362 4435.70410156
72422 4431.3046875
72482 4429.30126953
72542 4426.35400391
72602 4422.68261719
72663 4421.43701172
72723 4418.93994141
72783 4417.32128906
72843 4413.23779297
72903 4411.53662109
72963 4408.68847656
73023 4404.41943359
73083 4403.38720703
73144 4400.62255859
73204 4399.47021484
73264 4395.18847656
73324 4394.09326172
73384 4391.08984375
73444 4387.81054688
73504 4385.29150391
73564 4381.63134766
73624 4381.49853516
73805 4379.91064453
73865 4376.01171875
73925 4374.16650391
73985 4370.3125
74045 4368.26660156
74105 4366.56933594
74166 4363.77685547
74226 4360.17333984
74286 4357.93017578
74346 4355.52734375
74406 4352.70703125
74466 4350.88525391
74526 4348.03222656
74586 4345.24462891
74647 4342.296875
74707 4340.07568359
74767 4337.92578125
74827 4334.75488281
74887 4333.04931641
74947 4330.48388672
75007 4328.13330078
75067 4326.89306641
75128 4323.390625
75188 4321.12597656
75248 4319.12597656
75308 4316.17382812
75368 4313.32519531
75428 4312.38574219
75488 4309.70947266
75548 4305.88964844
75609 4304.91894531
75669 4302.01367188
75729 4301.34423828
75789 4297.90527344
75849 4295.32958984
75909 4291.453125
75969 4289.39990234
76029 4288.2890625
76090 4285.28076172
76150 4282.8671875
76210 4280.91845703
76270 4279.26855469
76330 4276.66992188
76390 4274.77832031
76450 4270.97851562
76510 4269.83837891
76570 4267.31591797
76629 4263.99267578
76689 4262.23388672
76749 4258.15185547
76809 4255.43701172
76870 4255.12158203
76930 4252.66699219
76990 4250.03222656
77050 4246.88085938
77110 4243.49169922
77170 4241.56591797
77230 4239.89208984
77290 4236.07177734
77351 4234.56738281
77411 4232.23242188
77471 4229.76416016
77531 4227.45849609
77591 4225.63623047
77651 4223.62158203
77711 4221.18115234
77772 4218.61621094
77832 4215.85351562
77892 4213.390625
77952 4210.38769531
78373 4197.8125
78433 4197.51367188
78493 4193.97509766
78553 4191.28857422
78613 4188.9921875
78673 4187.34277344
78734 4183.82226562
78794 4181.63427734
78854 4180.10791016
78914 4177.84033203
78951 4174.45703125
78969 4174.00341797
79008 4173.03613281
79052 4170.74707031
79076 4170.6796875
79116 4169.77880859
79177 4169.10791016
79237 4166.99707031
79297 4163.81787109
79357 4161.8359375
79417 4160.06738281
79477 4157.33349609
79527 4156.01855469
79576 4152.06201172
79636 4151.80859375
79696 4150.36425781
79757 4147.75976562
79817 4145.36328125
79853 4144.40136719
79866 4144.03222656
79904 4142.2109375
79964 4140.13623047
80024 4137.25878906
80084 4135.71972656
80144 4133.67431641
80204 4130.17382812
80265 4128.12646484
80325 4126.55029297
80385 4124.16503906
80445 4122.41699219
80505 4121.40966797
80565 4119.07519531
80626 4117.40771484
80686 4111.99414062
80746 4110.45800781
80806 4109.47363281
80866 4107.40332031
80926 4105.62939453
80986 4103.79492188
81046 4101.34570312
81107 4099.33935547
81167 4098.88867188
81227 4096.07275391
81287 4092.82739258
81347 4091.32348633
81407 4088.28222656
81467 4087.21899414
81528 4086.30322266
81588 4082.82275391
81648 4081.77832031
81708 4079.44335938
81768 4077.87133789
81828 4075.56152344
81888 4071.74609375
81948 4069.36157227
82009 4067.86572266
82069 4064.97460938
82129 4062.9609375
82189 4061.22436523
82234 4060.4362793
82279 4057.9621582
82339 4057.32055664
82399 4054.27148438
82459 4052.95776367
82519 4051.12890625
82580 4047.6809082
82640 4046.2722168
82700 4044.7121582
82760 4042.44067383
82820 4040.60766602
82880 4038.41137695
82940 4035.3137207
83000 4032.32983398
83061 4030.84301758
83121 4027.68432617
83181 4024.72119141
83241 4021.18896484
83301 4019.33007812
83361 4016.8972168
83421 4014.84375
83481 4010.82250977
83542 4007.65039062
83602 4004.50317383
83662 4001.72387695
83722 3999.48657227
83782 3997.73510742
83842 3995.27734375
83902 3992.76269531
83963 3992.04907227
84023 3989.08154297
84083 3988.06030273
84143 3987.18408203
84203 3984.55883789
84263 3982.46020508
84323 3979.49291992
84383 3977.96533203
84443 3976.31518555
84504 3973.45654297
84564 3969.28613281
84624 3968.05273438
84684 3965.35888672
84744 3963.67163086
84804 3960.94750977
84864 3955.82275391
84924 3953.92260742
84984 3953.05761719
85045 3950.79956055
85105 3948.61645508
85165 3946.81542969
85225 3946.75
85285 3944.68334961
85345 3943.86669922
85465 3943.84741211
85526 3943.56494141
85586 3942.11157227
85706 3941.54370117
85766 3939.71655273
85826 3938.58325195
85886 3937.0715332
85947 3936.3034668
86007 3934.84570312
86067 3932.34570312
86127 3930.83642578
86187 3929.59960938
86548 3922.84204102
86608 3921.46679688
86668 3920.17114258
86728 3917.83300781
86788 3915.69238281
86848 3913.61010742
86908 3912.01708984
86969 3909.60253906
87029 3907.71704102
87089 3906.8371582
87149 3903.43212891
87209 3902.51953125
87269 3901.34960938
87329 3899.23876953
87390 3896.88085938
87450 3895.34716797
87510 3894.0871582
87570 3891.44165039
87630 3889.59521484
87690 3889.2277832
87750 3887.66625977
87811 3885.28442383
87871 3883.45849609
87931 3881.04052734
87991 3878.85595703
88051 3877.38671875
88111 3876.29907227
88171 3873.01464844
88231 3871.03076172
88292 3868.93383789
88352 3867.13500977
88412 3865.82495117
88472 3865.06054688
88532 3862.64916992
88592 3860.28417969
88652 3858.7800293
88689 3858.71630859
88726 3857.26977539
88909 3854.42724609
89092 3845.78222656
89153 3846.23754883
89188 3843.60400391
89248 3840.79907227
89309 3839.86865234
89369 3837.40112305
89429 3835.72314453
89489 3834.09106445
89546 3832.28076172
89603 3831.60424805
89663 3829.67138672
89723 3826.75488281
89783 3825.18896484
89844 3823.8684082
89904 3821.24536133
89964 3819.19970703
90024 3816.8293457
90144 3814.88256836
90205 3812.12304688
90265 3810.41113281
90325 3808.29858398
90385 3807.05712891
90445 3805.40063477
90505 3803.61621094
90565 3801.9296875
90625 3799.66748047
90685 3797.74438477
90746 3795.44677734
90806 3793.92382812
90866 3791.88208008
90926 3790.19335938
90986 3788.24926758
91046 3786.03710938
91106 3783.31518555
91166 3782.39501953
91227 3780.46777344
91287 3777.70288086
91347 3775.12695312
91407 3772.40209961
91467 3771.7409668
91587 3768.77392578
91920 3758.71801758
91980 3757.19458008
92040 3755.28833008
92100 3753.37426758
92160 3752.58374023
92220 3749.86938477
92281 3746.82348633
92341 3744.1237793
92401 3742.76147461
92461 3739.64038086
92581 3740.19311523
92641 3740.06591797
92702 3738.95288086
92740 3738.34106445
92756 3738.09887695
92794 3737.61010742
92855 3735.50561523
92915 3732.84887695
92975 3731.78662109
93035 3729.65234375
93095 3727.34570312
93155 3725.61206055
93215 3724.45483398
93275 3722.0793457
93336 3720.43041992
93396 3718.80712891
93456 3717.4152832
93516 3715.17480469
93576 3713.24169922
93615 3713.03051758
93654 3711.48486328
93714 3709.91577148
93774 3707.94628906
93834 3706.71777344
93894 3704.69750977
93954 3701.8190918
94014 3701.55200195
94074 3701.2175293
94134 3698.58447266
94195 3696.39990234
94255 3695.08203125
94315 3692.86035156
94375 3691.45947266
94435 3689.77758789
94495 3688.40625
94555 3684.83886719
94615 3683.44287109
94736 3682.54370117
94796 3682.4987793
94856 3677.54589844
94916 3675.89892578
94976 3672.95532227
95036 3671.11206055
95096 3669.49194336
95157 3668.46459961
95217 3665.05981445
95277 3664.15478516
95337 3662.12451172
95397 3661.79370117
95457 3658.66088867
95578 3656.54833984
95638 3655.97045898
95698 3655.39868164
95758 3654.23413086
