0 9873.0859375
156 9822.72363281
192 9818.08007812
205 9815.87011719
284 9790.64550781
571 9767.43359375
840 9755.79394531
960 9723.59375
1003 9720.51953125
1023 9713.60351562
1053 9704.58300781
1090 9698.17382812
1150 9688.43945312
1317 9670.52539062
1363 9660.75878906
1484 9638.29492188
1604 9616.5078125
1639 9611.25976562
1670 9606.68945312
1725 9603.45019531
1786 9593.67089844
1896 9575.1015625
1926 9571.421875
2007 9551.77636719
2037 9546.80664062
2091 9542.72753906
2211 9522.65917969
2271 9515.78613281
2392 9489.26953125
2430 9481.22070312
2445 9478.66308594
2457 9476.6875
2479 9477.93652344
2493 9471.10449219
2604 9448.3515625
2655 9450.31347656
2715 9436.74902344
2758 9435.23242188
2793 9429.15429688
2803 9427.42871094
2838 9421.38378906
2898 9411.42675781
3041 9391.1484375
3158 9369.8515625
3218 9365.06738281
3295 9345.74316406
3355 9336.14257812
3390 9330.546875
3425 9324.92480469
3486 9315.59863281
3546 9312.88085938
3666 9288.89257812
3726 9283.390625
3786 9273.93261719
3907 9253.23925781
3967 9247.08105469
4027 9238.19824219
4147 9223.9453125
4267 9199.74902344
4628 9253.57128906
4688 9245.98925781
4748 9240.86621094
4804 9233.66894531
4860 9227.58886719
4920 9218.08007812
4965 9212.75976562
4996 9208.80371094
5042 9203.57519531
5102 9198.265625
5148 9191.51660156
5194 9184.95703125
5240 9177.96875
5270 9175.86914062
5316 9169.66796875
5362 9167.24121094
5393 9164.05078125
5438 9156.6171875
5474 9152.70507812
5487 9151.99609375
5500 9148.82128906
5562 9159.27441406
5626 9136.08886719
5680 9131.15332031
5740 9123.22558594
5860 9105.78222656
5912 9102.59179688
5942 9099.01660156
5956 9097.42675781
5966 9096.2109375
5988 9094.62109375
6009 9092.109375
6052 9085.66113281
6112 9078.29980469
6172 9070.59375
6232 9062.50292969
6292 9056.43066406
6332 9052.48339844
6372 9049.34472656
6432 9041.20898438
6467 9036.47460938
6483 9034.35351562
6509 9032.65917969
6535 9031.59375
6575 9025.68652344
6635 9020.63476562
6695 9012.65625
6755 9004.58496094
6816 8998.421875
6858 8992.86328125
6901 8988.70703125
6962 8983.43066406
7022 8977.07714844
7082 8968.59570312
7134 8962.078125
7171 8960.45996094
7217 8955.57226562
7277 8949.92871094
7323 8940.89746094
7348 8939.19921875
7387 8935.10839844
7447 8930.50878906
7507 8923.22851562
7544 8919.14648438
7581 8915.18554688
7641 8908.22070312
7701 8899.84960938
7745 8894.88476562
7777 8890.01757812
7808 8887.51464844
7853 8884.73535156
7889 8882.58789062
7904 8881.63671875
7945 8877.17089844
7980 8873.31152344
8016 8869.453125
8076 8859.13964844
8136 8852.77246094
8196 8846.921875
8256 8840.41210938
8316 8833.640625
8376 8824.74023438
8437 8817.08496094
8472 8812.60253906
8507 8808.09765625
8568 8802.90820312
8628 8796.48535156
8688 8788.53515625
8737 8786.48242188
8787 8782.95507812
8847 8774.90234375
8907 8767.98632812
8967 8760.82128906
9027 8754.08886719
9088 8748.89355469
9148 8745.09570312
9208 8735.96386719
9268 8729.20507812
9328 8724.47070312
9388 8719.328125
9448 8713.90332031
9509 8707.17089844
9749 8656.51171875
9809 8650.27441406
9870 8640.95507812
9930 8633.09765625
9990 8627.82617188
10050 8622.25292969
10110 8615.08886719
10170 8611.09375
10231 8606.52832031
10351 8594.24511719
10390 8590.18945312
10429 8583.28125
10489 8580.8984375
10549 8571.96582031
10609 8566.34765625
10669 8557.82714844
10790 8541.05273438
10850 8536.15625
10899 8530.02246094
10927 8527.36816406
10942 8526.02148438
10977 8522.75976562
11037 8518.25390625
11278 8528.62597656
11338 8518.93652344
11398 8513.43945312
11458 8508.77636719
11518 8501.75195312
11578 8495.03320312
11638 8491.63867188
11699 8486.0390625
11759 8479.1640625
11819 8473.75488281
11879 8466.90527344
11939 8459.98730469
11999 8454.89648438
12059 8447.27050781
12120 8443.32910156
12180 8436.6328125
12240 8430.29199219
12300 8425.0703125
12360 8418.296875
12420 8411.88183594
12480 8405.8359375
12541 8397.53417969
12601 8394.77636719
12661 8386.72558594
12721 8381.39550781
12764 8380.09472656
12806 8375.04882812
12867 8368.13378906
12927 8361.26953125
12987 8356.74804688
13047 8348.05566406
13107 8342.04492188
13167 8333.88671875
13227 8328.0234375
13348 8318.31835938
13408 8313.33789062
13468 8306.69335938
13528 8301.91699219
13588 8293.93359375
13648 8290.9453125
13708 8284.56542969
13768 8281.31152344
13829 8275.35644531
13889 8267.62695312
13949 8262.05175781
14009 8258.82519531
14069 8249.01757812
14129 8244.31542969
14189 8239.02929688
14249 8233.73144531
14310 8228.36816406
14370 8224.41308594
14430 8217.87207031
14468 8212.38183594
14506 8210.12597656
14566 8203.59082031
14627 8196.87011719
14687 8192.44335938
14747 8187.42675781
14807 8180.67236328
14867 8174.79589844
14927 8169.18310547
14987 8163.89404297
15047 8156.54638672
15085 8154.45800781
15101 8153.57714844
15138 8151.60205078
15189 8146.24707031
15225 8141.85253906
15271 8141.20947266
15331 8138.02685547
15391 8130.24462891
15451 8124.97949219
15511 8119.43554688
15558 8116.26806641
15605 8112.00488281
15665 8103.44042969
15725 8098.65185547
15768 8094.50634766
15812 8090.59960938
15872 8084.57861328
15932 8077.296875
15992 8074.39355469
16053 8069.55322266
16113 8062.37695312
16173 8058.51416016
16232 8050.40820312
16273 8048.54492188
16288 8047.82324219
16323 8046.19091797
16384 8040.35839844
16444 8036.19824219
16504 8029.87890625
16549 8025.36132812
16594 8020.21386719
16654 8016.02783203
16714 8010.79492188
16756 8007.03515625
16774 8005.80371094
16793 8004.8125
16828 7999.92480469
16881 7992.85351562
16941 7990.29296875
16994 7985.43212891
17048 7982.02490234
17108 7977.57519531
17168 7969.90576172
17228 7963.95996094
17288 7958.11816406
17348 7954.19238281
17408 7948.52441406
17468 7942.0078125
17518 7938.09814453
17568 7933.23974609
17628 7927.72998047
17688 7924.93701172
17748 7918.33544922
17808 7915.19384766
17868 7906.35058594
17928 7900.96826172
17988 7895.62695312
18049 7890.77929688
18098 7888.50146484
18111 7886.71826172
18133 7884.99267578
18155 7880.74267578
18477 7853.28759766
18537 7847.42431641
18597 7840.32617188
18657 7833.78222656
18717 7829.68310547
18777 7823.79345703
18837 7822.46240234
18897 7813.54101562
18957 7809.05761719
19018 7801.70263672
19056 7800.09521484
19071 7799.19970703
19109 7798.68505859
19169 7790.34277344
19230 7786.76513672
19290 7782.171875
19350 7777.06201172
19410 7771.07421875
19470 7766.67285156
19515 7763.96728516
19560 7758.47949219
19620 7752.62402344
19680 7746.66943359
19740 7740.99365234
19800 7739.78125
19861 7735.16503906
19921 7726.77001953
19978 7722.99707031
20011 7720.86083984
20046 7718.55419922
20106 7712.21142578
20151 7710.78076172
20197 7709.42919922
20257 7700.66455078
20317 7696.50097656
20372 7694.16455078
20428 7688.95898438
20488 7684.76025391
20548 7679.50585938
20608 7672.25488281
20668 7667.36328125
20728 7663.27636719
20788 7655.36621094
20848 7651.73144531
20897 7647.27392578
20946 7641.54052734
21006 7636.06787109
21066 7630.24121094
21126 7625.73046875
21186 7620.13769531
21246 7613.70068359
21307 7609.41992188
21367 7605.35302734
21427 7599.43994141
21487 7594.71289062
21547 7589.84082031
21607 7585.93212891
21727 7567.44628906
21787 7560.31738281
21848 7556.97509766
21908 7552.48291016
21968 7547.20996094
22028 7544.01660156
22088 7537.31982422
22148 7531.82470703
22208 7526.66699219
22269 7524.15527344
22311 7519.91210938
22353 7514.42626953
22413 7508.83935547
22473 7504.37841797
22533 7498.29638672
22593 7495.31982422
22654 7485.88378906
22714 7481.35693359
22774 7477.55957031
22834 7472.26464844
22894 7467.47705078
22954 7463.89941406
23014 7457.67431641
23075 7449.61376953
23135 7443.00537109
23195 7436.89404297
23255 7428.98193359
23315 7428.47607422
23375 7423.76074219
23435 7420.60546875
23496 7417.33398438
23556 7413.01806641
23616 7403.60302734
23676 7403.02832031
23736 7396.88867188
23796 7390.12353516
23916 7379.84277344
23977 7376.20117188
24037 7372.63818359
24096 7363.75390625
24134 7361.58105469
24146 7360.83984375
24167 7359.60253906
24208 7359.53466797
24237 7359.48535156
24272 7359.42626953
24316 7353.31982422
24359 7353.05029297
24419 7343.58300781
24479 7336.48632812
24539 7334.02539062
24575 7332.58544922
24610 7331.13916016
24670 7325.36181641
24730 7321.26660156
24790 7316.09960938
24851 7309.21923828
24911 7305.00830078
24971 7295.65576172
25031 7292.37353516
25091 7285.90136719
25151 7285.03076172
25211 7278.95996094
25272 7275.93212891
25332 7271.81201172
25392 7267.57763672
25452 7262.72021484
25512 7261.09375
25554 7257.38085938
25613 7252.76806641
25644 7247.19091797
25690 7240.77636719
25750 7238.84912109
25811 7234.73779297
25871 7226.10644531
25931 7219.69824219
25991 7215.42138672
26051 7214.98535156
26111 7210.57714844
26171 7210.41162109
26292 7196.13867188
26352 7190.63330078
26412 7185.27734375
26472 7179.08056641
26532 7177.36035156
26592 7167.77294922
26652 7159.39208984
26712 7157.11181641
27073 7164.234375
27133 7158.78369141
27193 7155.75488281
27254 7150.82470703
27314 7147.05615234
27374 7141.80712891
27434 7136.12207031
27494 7132.91210938
27554 7131.40283203
27614 7126.15576172
27674 7120.67041016
27735 7116.39208984
27795 7112.35839844
27855 7108.38378906
27913 7103.98974609
27957 7100.15185547
28002 7098.23339844
28038 7096.75537109
28053 7096.09619141
28094 7091.62646484
28155 7086.01904297
28215 7082.14257812
28275 7076.8046875
28335 7073.46972656
28375 7072.32958984
28396 7068.86816406
28436 7065.55761719
28497 7063.01318359
28536 7058.27392578
28561 7054.90283203
28607 7053.23388672
28642 7051.94433594
28654 7051.51806641
28691 7046.16943359
28751 7040.84521484
28811 7037.51318359
28871 7033.72851562
28931 7029.30761719
28969 7029.10742188
29007 7024.63964844
29053 7021.55273438
29099 7016.34619141
29159 7011.98144531
29219 7008.01074219
29279 7004.63623047
29339 6999.19091797
29399 6997.85595703
29460 6997.24169922
29520 6988.74462891
29580 6984.66894531
29618 6980.51806641
29656 6977.34375
29716 6973.42919922
29751 6971.15283203
29767 6970.08544922
29789 6968.28076172
29810 6966.56201172
29850 6964.72558594
29911 6961.22167969
29971 6956.06738281
30031 6952.47753906
30091 6947.51220703
30151 6943.06689453
30211 6939.32226562
30271 6935.63476562
30331 6931.06494141
30392 6927.85546875
30452 6924.26953125
30491 6920.49951172
30515 6917.25878906
30561 6914.33203125
30622 6910.93310547
30668 6908.43505859
30709 6904.23388672
30764 6900.99023438
30800 6898.93701172
30820 6897.75439453
30865 6892.07617188
30925 6889.01025391
30986 6884.6171875
31046 6879.875
31106 6876.78662109
31152 6874.70703125
31197 6872.0859375
31258 6866.27294922
31318 6861.41845703
31378 6858.79541016
31672 6836.2265625
31732 6832.01855469
31767 6829.5625
31802 6827.10644531
31862 6821.99609375
31922 6818.21630859
31983 6814.04589844
32043 6811.60351562
32103 6806.72216797
32163 6800.78320312
32223 6796.18017578
32283 6791.26660156
32343 6788.35058594
32403 6781.77734375
32464 6777.45458984
32524 6776.08398438
32584 6773.25097656
32644 6766.9140625
32704 6762.26074219
32764 6757.76953125
32824 6756.03662109
32884 6753.02832031
32944 6745.93701172
33005 6740.92041016
33040 6737.99414062
33075 6735.06689453
33135 6725.06396484
33195 6720.74658203
33255 6716.17382812
33315 6711.99023438
33375 6706.95166016
33435 6703.58007812
33495 6694.55957031
33615 6694.73779297
33735 6679.02148438
33795 6676.63964844
33855 6670.69677734
33915 6668.28515625
33975 6663.16259766
34035 6660.99609375
34095 6653.84863281
34156 6651.49023438
34216 6648.63427734
34276 6639.72558594
34336 6639.26660156
34396 6633.04296875
34456 6628.50878906
34516 6623.43554688
34577 6623.37597656
34637 6619.18212891
34697 6614.70654297
34757 6612.29638672
34817 6607.13476562
34877 6600.90820312
34937 6600.83300781
34997 6596.02099609
35058 6593.9375
35118 6586.34814453
35178 6585.28320312
35238 6579.94580078
35298 6576.45556641
35358 6574.88525391
35418 6573.73339844
35478 6566.0234375
35539 6562.14013672
35599 6559.24853516
35659 6556.77929688
35719 6551.67041016
35779 6550.22070312
35839 6546.14599609
35899 6540.63916016
35953 6538.35449219
36008 6533.515625
36068 6530.39111328
36128 6527.34130859
36188 6520.75585938
36248 6517.53320312
36308 6511.90429688
36368 6507.61328125
36429 6505.05273438
36489 6500.30517578
36549 6496.07080078
36609 6494.13134766
36669 6491.07568359
36729 6485.13671875
36789 6482.05322266
36850 6479.15429688
36910 6476.18066406
36970 6473.74316406
37030 6468.62255859
37090 6463.32128906
37150 6460.71923828
37210 6459.13183594
37270 6454.50732422
37331 6450.85888672
37391 6447.53320312
37451 6442.71679688
37511 6440.33203125
37571 6438.23828125
37631 6433.35302734
37669 6431.48583984
37707 6428.87451172
37767 6425.82373047
37827 6420.39648438
37875 6413.39257812
37924 6412.95751953
37964 6411.01513672
38004 6410.32519531
38051 6405.12255859
38077 6403.94384766
38092 6402.25488281
38115 6397.93457031
38192 6395.25585938
38252 6394.22265625
38312 6389.22802734
38372 6386.00683594
38432 6381.29492188
38493 6378.35253906
38553 6373.43310547
38613 6370.90820312
38673 6368.04541016
38733 6364.54492188
38778 6362.49023438
38824 6360.31494141
38859 6358.63867188
38875 6357.89306641
38916 6354.5859375
38976 6353.23095703
39052 6348.86328125
39098 6345.91699219
39133 6343.64013672
39149 6342.62744141
39190 6338.11962891
39250 6334.61962891
39350 6328.84765625
39386 6327.22216797
39432 6323.36279297
39492 6320.06298828
39552 6318.00585938
39612 6311.92431641
39673 6306.4453125
39733 6304.40478516
39824 6299.84423828
40059 6305.69091797
40100 6304.19384766
40160 6301.07373047
40220 6298.05566406
40281 6294.28076172
40321 6292.24560547
40361 6289.50439453
40421 6284.30419922
40481 6280.15332031
40541 6277.05566406
40602 6273.43652344
40662 6269.53369141
40722 6268.04345703
40782 6264.23730469
40842 6262.03808594
40902 6257.21875
40962 6254.11035156
41023 6250.71044922
41083 6247.30126953
41143 6238.37451172
41203 6235.47949219
41263 6232.94091797
41323 6232.80273438
41383 6226.16845703
41444 6222.92822266
41504 6219.44726562
41564 6214.24853516
41624 6212.50683594
41684 6209.48681641
41744 6205.66943359
41804 6201.23681641
41864 6197.43017578
41924 6195.01513672
41985 6190.59033203
42045 6185.83447266
42105 6183.84521484
42165 6180.21533203
42225 6176.53173828
42285 6173.71289062
42345 6171.79541016
42406 6167.26464844
42466 6164.30273438
42526 6160.68652344
42586 6156.60546875
42646 6152.32958984
42706 6148.78369141
42766 6143.60839844
42826 6142.99414062
42886 6139.06689453
42944 6133.55419922
43002 6131.28759766
43062 6130.43310547
43122 6128.95410156
43182 6124.49365234
43242 6121.55029297
43302 6118.72216797
43363 6115.39160156
43423 6111.90625
43483 6108.12060547
43543 6102.69384766
43603 6099.32275391
43663 6093.54052734
43723 6086.89257812
43783 6085.69482422
43844 6080.10253906
43904 6076.91699219
43964 6072.05419922
44024 6067.61474609
44084 6064.51464844
44144 6060.03662109
44204 6055.41455078
44265 6054.10009766
44325 6049.12890625
44385 6046.05371094
44445 6045.01611328
44505 6040.13623047
44565 6036.58154297
44625 6033.03369141
44685 6031.23486328
44745 6026.69140625
44806 6023.24902344
44866 6018.9453125
44926 6015.74560547
44986 6011.92822266
45046 6008.03662109
45106 6002.42236328
45166 6001.27783203
45347 6004.69677734
45467 5987.82763672
45527 5985.37597656
45587 5983.80566406
45647 5978.61816406
45708 5973.80273438
45768 5969.57128906
45828 5966.72216797
45888 5963.20751953
45948 5961.28466797
46008 5958.58544922
46068 5957.93457031
46128 5957.00048828
46189 5953.96289062
46249 5952.1953125
46309 5947.26318359
46429 5944.79541016
46476 5940.88427734
46523 5939.24316406
46583 5935.18359375
46643 5932.47363281
46703 5930.29101562
46763 5927.30859375
46823 5922.41552734
46883 5921.1640625
46944 5916.76953125
47004 5913.09326172
47064 5910.65234375
47124 5906.53320312
47184 5903.40673828
47244 5899.85107422
47304 5895.51416016
47364 5892.20800781
47425 5889.79052734
47485 5885.79248047
47545 5882.60693359
47605 5880.47851562
47665 5876.57958984
47725 5873.15869141
47785 5869.01708984
47845 5865.52685547
47905 5863.17675781
47966 5858.89306641
48026 5854.75976562
48086 5851.93261719
48146 5849.74169922
48206 5845.44238281
48266 5842.36181641
48326 5837.83886719
48386 5834.65087891
48446 5831.76806641
48507 5828.69677734
48567 5825.79833984
48627 5821.265625
48687 5817.30517578
48747 5816.25488281
48807 5811.91894531
48867 5808.44287109
48928 5806.32519531
48988 5803.21484375
49048 5798.609375
49108 5795.20410156
49168 5790.85351562
49228 5786.83789062
49288 5785.68310547
49348 5782.96337891
49409 5778.92138672
49469 5775.41894531
49529 5772.40869141
49589 5768.02050781
49649 5766.79052734
49709 5762.68115234
49769 5759.08007812
49829 5755.94628906
49881 5753.06591797
49910 5752.02197266
49947 5749.20751953
50007 5747.32373047
50067 5744.79882812
50128 5740.83007812
50188 5737.13623047
50248 5733.54736328
50298 5731.79199219
50347 5728.4140625
50407 5725.14257812
50467 5722.14550781
50528 5716.72070312
50588 5714.43066406
50648 5710.27783203
50708 5706.13964844
50768 5703.43603516
50828 5699.43896484
50888 5696.45361328
50949 5692.87353516
51009 5690.50830078
51069 5687.60693359
51129 5683.79638672
51189 5679.68359375
51249 5676.55224609
51284 5674.72607422
51320 5672.89306641
51380 5670.29589844
51440 5667.10107422
51500 5662.74267578
51549 5658.29931641
51597 5655.55126953
51657 5651.15917969
51717 5648.41113281
51778 5646.49658203
51838 5642.93847656
51898 5636.9453125
51958 5635.06884766
52000 5631.67089844
52027 5629.64941406
52073 5627.06494141
52133 5623.04492188
52193 5616.85058594
52239 5616.56347656
52269 5614.29003906
52315 5613.34423828
52375 5609.23974609
52435 5608.73193359
52496 5600.12109375
52556 5597.98388672
52616 5596.28320312
52676 5590.05419922
52736 5589.61132812
52796 5583.91796875
52856 5580.46435547
52916 5576.77099609
52961 5574.78808594
53037 5572.99462891
53158 5565.07421875
53218 5558.70849609
53323 5557.90771484
53354 5554.29492188
53385 5551.5
53462 5548.72412109
53522 5543.82519531
53642 5538.88378906
53702 5532.58837891
53762 5531.83642578
53822 5527.80908203
53883 5521.89746094
53943 5521.28808594
54063 5516.13183594
54123 5512.13720703
54183 5508.25683594
54243 5506.88378906
54303 5501.93212891
54363 5501.34472656
54424 5492.89941406
54484 5492.19238281
54544 5484.25830078
54664 5480.32714844
54784 5490.34863281
54899 5484.16210938
54936 5481.54052734
54954 5480.31933594
54989 5477.83154297
55049 5474.26074219
55109 5472.06542969
55169 5468.52441406
55229 5465.38330078
55289 5462.12060547
55349 5458.984375
55396 5456.36474609
55428 5454.41503906
55474 5450.80859375
55520 5447.03027344
55550 5445.81298828
55596 5444.39257812
55656 5441.89306641
55704 5438.44628906
55726 5436.82519531
55761 5434.26025391
55821 5431.71337891
55881 5428.19775391
55941 5425.45898438
56001 5422.23876953
56062 5419.68896484
56122 5416.61230469
56182 5412.08642578
56242 5409.6875
56302 5407.54199219
56362 5405.45751953
56422 5402.4765625
56482 5402.08837891
56543 5399.13183594
56603 5397.19091797
56663 5393.30957031
56723 5389.38427734
56783 5382.5546875
56843 5380.67382812
56903 5374.68603516
56963 5372.51171875
57024 5369.15136719
57084 5366.04833984
57144 5363.52246094
57204 5359.84521484
57264 5356.08984375
57324 5352.71923828
57384 5350.09277344
57444 5346.93017578
57505 5344.92675781
57565 5342.47900391
57625 5342.41894531
57685 5341.47460938
57745 5337.94091797
57805 5333.53173828
57865 5329.68505859
57925 5325.76318359
57986 5321.60498047
58046 5318.68505859
58106 5315.57421875
58166 5312.46289062
58226 5307.65527344
58286 5304.015625
58346 5301.45117188
58407 5299.20654297
58467 5295.55371094
58527 5292.35839844
58587 5289.41992188
58647 5284.58056641
58707 5281.09863281
58767 5276.81494141
58827 5274.23046875
58888 5269.10888672
58948 5267.39697266
59008 5263.49658203
59068 5259.83544922
59128 5257.96679688
59188 5254.6171875
59248 5250.84472656
59308 5246.86669922
59368 5243.81201172
59429 5242.86328125
59489 5240.78320312
59549 5236.22460938
59609 5231.69042969
59669 5227.81933594
59729 5221.76220703
59789 5214.99365234
59874 5210.98583984
59935 5208.09716797
59995 5203.51220703
60055 5199.62451172
60115 5197.13964844
60175 5194.6875
60235 5189.31005859
60295 5188.30029297
60356 5185.15087891
60416 5180.06640625
60476 5175.94482422
60536 5170.93115234
60596 5167.05322266
60656 5160.27685547
60716 5157.56103516
60777 5154.47460938
60837 5152.234375
60897 5149.76416016
60957 5143.6484375
61017 5141.53320312
61077 5135.24658203
61137 5133.86962891
61197 5130.67236328
61258 5128.75146484
61318 5124.30712891
61378 5114.89404297
61438 5114.30175781
61498 5111.1328125
61558 5107.11621094
61618 5098.97070312
61678 5095.67773438
61738 5093.32910156
61799 5089.77294922
61859 5084.07226562
61979 5082.5390625
62039 5080.54003906
62159 5068.63574219
62205 5065.89013672
62251 5064.77246094
62371 5051.53417969
62431 5046.80126953
62491 5041.92285156
62549 5040.00244141
62583 5038.90820312
62618 5037.74511719
62678 5032.44238281
62798 5025.86035156
62858 5020.07421875
62978 5015.65283203
63159 4996.68652344
63219 4991.79638672
63279 4990.21728516
63339 4986.15478516
63399 4976.61083984
63519 4973.87939453
63700 4959.69970703
63760 4957.00146484
63833 4956.46044922
63939 4958.54394531
64299 4955.62011719
64360 4953.27050781
64420 4951.38183594
64540 4944.59375
64600 4940.6796875
64660 4936.36962891
64720 4933.32373047
64780 4928.43261719
64841 4925.41943359
64901 4925.31542969
64961 4923.29248047
65021 4917.515625
65081 4912.21142578
65141 4908.54589844
65201 4904.19238281
65262 4903.14257812
65322 4900.43359375
65382 4898.22949219
65442 4893.2109375
65502 4888.58105469
65562 4887.92138672
65622 4886.30712891
65682 4885.40087891
65743 4879.98779297
65803 4874.77929688
65863 4869.86328125
65923 4864.81884766
65983 4860.18945312
66043 4857.01953125
66103 4853.30322266
66164 4849.59814453
66224 4848.37353516
66273 4845.30175781
66322 4842.31640625
66382 4840.05029297
66421 4836.48779297
66491 4833.93359375
66551 4831.95507812
66611 4826.64257812
66671 4824.34130859
66732 4821.21826172
66852 4818.47363281
66912 4814.64111328
66972 4811.15527344
67032 4805.39355469
67092 4801.46240234
67152 4797.33349609
67213 4795.27001953
67273 4786.96630859
67567 4785.80126953
67621 4781.91015625
67801 4789.08398438
67862 4778.93603516
67922 4775.54638672
67982 4774.25634766
68042 4772.72851562
68102 4771.02490234
68162 4770.1015625
68222 4766.79492188
68342 4759.83740234
68403 4759.75439453
68523 4755.16845703
68583 4752.29248047
68703 4748.25097656
68763 4742.53369141
68824 4738.35888672
68884 4737.16162109
68925 4732.37011719
69041 4734.046875
69101 4728.92871094
69161 4727.78320312
69281 4724.34130859
69342 4718.56787109
69402 4718.39355469
69462 4718.15429688
69582 4710.49365234
69702 4706.56787109
69762 4703.828125
69822 4700.70556641
69883 4699.96923828
70003 4696.7265625
70063 4693.69091797
70123 4691.64404297
70183 4688.53417969
70243 4687.93310547
70303 4686.81738281
70424 4683.53125
70484 4679.09619141
70604 4677.46044922
70664 4674.59619141
70784 4671.34960938
70845 4668.84667969
70901 4664.92431641
70957 4664.25341797
71077 4659.29345703
71137 4656.27197266
71197 4656.05664062
71257 4654.53564453
71318 4651.52734375
71378 4649.38525391
71438 4647.44433594
71498 4646.03564453
71558 4641.49902344
71618 4638.64501953
71678 4637.45947266
71738 4635.02294922
71799 4632.21240234
71919 4631.13623047
71979 4627.33789062
72039 4623.6875
72099 4623.17285156
72219 4617.95996094
72280 4616.84765625
72400 4614.16699219
72460 4610.41308594
72520 4608.16601562
72580 4606.16162109
72640 4602.67871094
72701 4600.97070312
72761 4597.49414062
72821 4595.40332031
72881 4595.15722656
72941 4592.76513672
73001 4590.08105469
73061 4588.02441406
73122 4586.95605469
73182 4583.99169922
73242 4580.19580078
73302 4578.34960938
73362 4576.12060547
73422 4574.38964844
73482 4572.61474609
73542 4567.58251953
73603 4563.16796875
73663 4559.99609375
73723 4557.34960938
73783 4555.55078125
73843 4553.09375
73903 4550.44873047
73978 4549.45263672
74024 4545.68212891
74084 4543.59423828
74144 4540.55957031
74204 4538.44580078
74265 4536.18798828
74325 4533.51757812
74385 4532.20849609
74445 4530.328125
74505 4527.65917969
74565 4525.68994141
74625 4523.68017578
74685 4520.36035156
74746 4515.86572266
74806 4513.39355469
74910 4513.35302734
74956 4510.54248047
75016 4508.76464844
75076 4506.29589844
75137 4504.56738281
75197 4503.53222656
75257 4501.89550781
75317 4497.91064453
75377 4494.86230469
75437 4493.84863281
75558 4491.83105469
75618 4489.41748047
75678 4487.375
75713 4486.17578125
75726 4485.74902344
75763 4482.97216797
75823 4475.85498047
76003 4455.91357422
76064 4452.14111328
76124 4450.43798828
76184 4449.14746094
76304 4449.08740234
76364 4443.60644531
76484 4439.38964844
76545 4438.28320312
76605 4432.89599609
76665 4430.24414062
76725 4429.12548828
76785 4427.86474609
76845 4423.79980469
76965 4423.0546875
77086 4421.34912109
77146 4417.50585938
77206 4416.6015625
77507 4425.42822266
77613 4423.92041016
77659 4420.62109375
77719 4417.10791016
77779 4415.73339844
77839 4412.77441406
77899 4409.99804688
77959 4407.79199219
78019 4404.93212891
78080 4404.84082031
78140 4402.50097656
78200 4399.22021484
78260 4397.27441406
78320 4394.76513672
78380 4393.16162109
78500 4389.31835938
78561 4386.9375
78621 4382.97900391
78681 4381.32177734
78741 4380.67724609
78801 4377.34619141
78861 4375.17675781
78900 4373.96289062
78913 4373.5390625
78948 4372.42675781
79008 4370.26269531
79068 4369.31054688
79128 4368.14111328
79189 4366.38964844
79249 4363.59375
79309 4360.65820312
79369 4358.74462891
79429 4356.29833984
79489 4356.15869141
79549 4354.99462891
79610 4353.64257812
79670 4348.65820312
79730 4346.66992188
79790 4344.77099609
79850 4342.10107422
79896 4340.515625
79941 4340.09570312
80001 4339.04736328
80061 4336.87158203
80122 4333.26416016
80182 4330.11083984
80242 4326.77783203
80302 4325.82910156
80362 4323.63623047
80422 4320.67675781
80482 4318.40380859
80528 4317.390625
80573 4315.81494141
80619 4313.44091797
80650 4312.46972656
80695 4311.125
80756 4309.57373047
80816 4307.23339844
80877 4304.18359375
80922 4303.02294922
80968 4302.28515625
81028 4301.06054688
81089 4298.63378906
81124 4297.22119141
81159 4295.80371094
81220 4294.22998047
81280 4292.50390625
81320 4291.77636719
81346 4291.17236328
81392 4288.28271484
81427 4286.05615234
81443 4285.05371094
81475 4284.87109375
81526 4282.28662109
81586 4278.90332031
81646 4277.94482422
81706 4277.56152344
81766 4274.25292969
81826 4272.25439453
81887 4269.96582031
81947 4267.66113281
82007 4265.26025391
82067 4261.38818359
82127 4261.18945312
82187 4259.16992188
82247 4256.56298828
82307 4255.79052734
82368 4254.72802734
82428 4252.25146484
82788 4245.12646484
82848 4243.98730469
82909 4242.24853516
82969 4240.18896484
83029 4238.53662109
83089 4236.55664062
83149 4234.89550781
83209 4232.25146484
83269 4230.33398438
83330 4228.88818359
83390 4227.33935547
83450 4224.72460938
83510 4223.07373047
83570 4222.04736328
83630 4219.72753906
83690 4217.62207031
83750 4216.26660156
83810 4213.43994141
83871 4211.74511719
83931 4209.85595703
83991 4208.20263672
84051 4207.76757812
84111 4204.29785156
84171 4201.671875
84231 4199.42333984
84292 4197.36230469
84352 4196.44335938
84412 4194.85449219
84472 4192.09863281
84532 4189.89941406
84592 4187.26074219
84652 4184.34033203
84712 4182.52099609
84773 4179.60498047
84833 4178.8515625
84893 4177.12988281
84953 4174.60302734
85013 4173.14892578
85073 4172.82617188
85133 4170.94726562
85194 4168.46240234
85254 4165.82128906
85314 4164.47314453
85374 4162.36816406
85434 4159.79052734
85494 4157.93457031
85554 4155.97607422
85592 4154.34814453
85604 4153.81005859
85639 4152.27246094
85682 4151.26708984
85701 4150.84228516
85736 4150.02490234
85787 4147.53662109
85838 4146.47753906
85898 4145.05566406
85958 4142.92773438
86018 4139.98144531
86078 4138.203125
86138 4136.01855469
86198 4133.94238281
86259 4131.96289062
86319 4130.34716797
86379 4127.91650391
86439 4126.00341797
86499 4124.13378906
86559 4120.01757812
86619 4118.72851562
86680 4116.09375
86740 4113.66113281
86800 4112.83349609
86860 4111.62255859
86920 4108.81445312
86980 4105.83837891
87040 4103.85888672
87101 4103.54589844
87161 4103.42041016
87221 4100.85205078
87281 4099.06201172
87341 4097.5390625
87401 4094.88818359
87461 4091.78149414
87521 4091.26171875
87582 4087.53125
87642 4085.98022461
88003 4075.27832031
88123 4071.39599609
88183 4070.18139648
88243 4068.01269531
88303 4064.28076172
88363 4062.58276367
88423 4060.58105469
88484 4058.75463867
88544 4056.23657227
88604 4055.93432617
88664 4054.3034668
88724 4051.59399414
88784 4050.859375
88844 4048.82421875
88904 4046.34863281
88965 4044.88110352
89025 4043.86962891
89085 4042.26098633
89145 4038.6081543
89265 4036.62841797
89325 4036.44702148
89385 4033.93774414
89446 4031.45019531
89506 4029.99462891
89566 4027.64038086
89626 4027.36376953
89686 4024.5090332
89746 4022.59790039
89806 4020.69848633
89927 4019.97631836
89987 4017.21948242
90047 4014.80541992
90107 4013.55004883
90167 4010.95068359
90227 4008.66113281
90288 4005.9699707
90348 4004.72338867
90408 4002.86523438
90468 4001.70874023
90528 4000.90576172
90588 3999.62524414
90648 3997.47241211
90708 3994.80102539
90769 3994.35693359
90829 3993.3762207
90949 3988.78271484
91009 3986.09863281
91129 3983.87231445
91189 3980.82983398
91310 3979.80151367
91370 3976.32983398
91430 3974.34960938
91490 3973.51318359
91550 3972.78369141
91610 3970.47436523
91670 3968.82250977
91731 3964.57299805
91791 3963.29052734
91851 3962.84570312
91911 3960.71923828
91964 3959.27490234
92002 3957.91821289
92048 3957.38256836
92108 3954.17651367
92168 3952.76074219
92229 3949.95019531
92274 3948.2734375
92305 3948.07348633
92350 3947.17993164
92410 3944.54956055
92711 3934.58959961
92771 3928.19140625
92831 3924.67041016
92892 3921.16845703
92952 3918.29980469
93012 3916.89306641
93072 3913.84643555
93132 3913.44042969
93168 3911.4128418
93179 3910.79248047
93214 3908.81665039
93274 3907.15405273
93515 3916.0012207
93550 3914.94799805
93569 3914.38671875
93598 3913.48291016
93629 3912.35595703
93675 3911.42602539
93735 3908.9440918
93795 3907.78735352
93855 3906.94702148
93915 3904.29736328
93976 3900.94921875
94021 3898.31103516
94067 3897.49829102
94143 3897.18701172
94189 3894.82226562
94249 3893.05200195
94310 3890.17651367
94370 3888.68847656
94430 3886.98510742
94490 3883.5078125
94550 3883.32495117
94610 3880.85595703
94670 3880.22045898
94731 3877.67407227
94791 3875.41625977
94851 3873.47973633
94911 3871.55200195
94971 3870.00244141
95031 3867.13452148
95091 3864.98657227
95135 3862.77172852
95181 3862.16772461
95242 3860.97851562
95288 3859.26586914
95319 3858.98144531
95350 3857.21923828
95396 3854.84326172
95456 3852.44897461
95517 3850.44458008
95577 3850.14135742
95622 3846.98706055
95668 3845.31616211
95728 3843.42114258
95788 3842.72192383
95848 3841.1105957
95909 3836.99169922
95969 3834.73779297
96029 3834.12231445
96089 3831.74755859
96149 3831.41577148
96209 3830.16723633
96269 3828.890625
96330 3828.73022461
96390 3826.25585938
96450 3823.10571289
96509 3821.99511719
96554 3819.76635742
96585 3818.62573242
96662 3816.90380859
96708 3816.3918457
96780 3812.51000977
96840 3811.65991211
96875 3811.16357422
96893 3810.91455078
96936 3808.68261719
97056 3807.14624023
97116 3801.66699219
97222 3801.36645508
97268 3797.46679688
97373 3795.80761719
97404 3794.54833984
97481 3794.70239258
97518 3792.8046875
97534 3791.75683594
97572 3786.87841797
97632 3785.5925293
97692 3782.70239258
97812 3782.7722168
97933 3778.1628418
97993 3776.87646484
98113 3773.83251953
98173 3770.42431641
98233 3768.01611328
98293 3764.11523438
98414 3764.74609375
98474 3759.21435547
98534 3758.50488281
98594 3757.68432617
98714 3754.62451172
98774 3750.58129883
98835 3749.6953125
98895 3749.28857422
98955 3744.90429688
99015 3744.2746582
99059 3738.8659668
99164 3738.9987793
99224 3735.28759766
99569 3750.63793945
99614 3750.33178711
99660 3748.66503906
99691 3746.63867188
99737 3745.73217773
99797 3744.56030273
99857 3743.0871582
99917 3740.68041992
99977 3738.08911133
100037 3737.30541992
100098 3735.20922852
100158 3733.06103516
100218 3731.61791992
100264 3731.08569336
100309 3730.2421875
100370 3729.1875
100430 3727.70458984
100490 3725.16601562
100550 3722.79956055
100610 3721.72680664
100655 3720.81225586
100700 3718.53540039
100761 3716.61791992
100821 3715.94018555
100881 3714.44458008
100942 3712.54736328
101002 3711.04492188
101062 3709.32519531
101108 3707.17285156
101153 3705.9453125
101214 3703.66845703
101274 3701.84814453
101334 3700.51391602
101379 3698.95581055
101410 3697.95214844
101441 3697.81787109
101472 3697.48925781
101497 3696.84912109
101536 3696.15869141
101595 3693.63696289
101641 3693.41870117
101701 3691.16113281
101747 3690.30810547
101778 3689.15625
101840 3688.92358398
101886 3686.06518555
101992 3682.90429688
102023 3682.1809082
102054 3682.05126953
102085 3681.328125
102116 3680.23901367
102147 3679.73852539
102193 3676.22070312
102239 3675.3972168
102273 3674.55419922
102297 3673.96240234
102320 3673.41503906
102356 3671.91333008
102391 3670.88232422
102436 3669.90234375
102513 3667.06298828
102559 3665.85058594
102619 3664.85986328
102679 3663.92578125
102739 3662.21289062
102799 3660.80493164
102859 3658.57446289
102905 3656.61889648
102936 3654.78466797
102981 3654.59716797
103042 3653.15771484
103102 3651.08740234
103208 3648.98828125
103253 3648.26196289
103289 3647.703125
103304 3647.45361328
103345 3645.62548828
103380 3644.05078125
103423 3643.51831055
103454 3642.23974609
103500 3641.11889648
103560 3638.5690918
103620 3636.80834961
103680 3635.8581543
103741 3632.72363281
103801 3632.67651367
103861 3631.31884766
103921 3628.52856445
103981 3628.12744141
104041 3625.72216797
104101 3622.20214844
104161 3621.42578125
104221 3619.34155273
104282 3617.50292969
104342 3614.70727539
104402 3613.91748047
104462 3611.08032227
104522 3610.78125
104582 3610.03857422
104642 3606.85839844
104703 3604.96777344
104763 3604.54858398
104823 3602.49194336
104883 3600.57739258
104943 3599.00439453
105003 3598.16894531
105063 3595.70214844
105124 3593.96777344
105184 3593.76196289
105244 3590.69604492
105364 3589.61791992
105424 3586.38916016
105484 3584.7668457
105544 3583.50341797
105604 3581.74560547
105665 3580.6340332
105725 3579.29101562
105785 3578.07958984
105905 3575.42114258
105965 3571.63818359
106025 3569.25805664
106085 3568.93359375
106146 3566.18823242
106206 3564.75219727
106266 3564.18530273
106326 3561.6730957
106386 3559.59814453
106446 3557.62329102
106506 3556.07739258
106566 3554.48852539
106627 3552.63061523
106687 3551.93139648
106747 3551.63208008
106807 3549.88330078
106867 3547.24462891
106927 3545.7487793
107047 3544.12817383
107108 3541.04785156
107168 3539.55102539
107228 3537.16772461
107288 3535.62036133
107348 3535.51757812
107408 3534.98925781
107468 3533.13891602
107528 3532.37133789
107589 3529.47509766
107649 3527.77709961
107769 3526.92944336
107829 3524.5456543
107889 3522.73217773
107949 3520.94091797
108010 3520.21166992
108070 3519.04223633
108190 3515.80029297
108250 3514.74511719
108310 3512.84838867
108370 3511.25610352
108430 3508.70458984
108491 3507.58618164
108551 3506.74682617
108611 3505.79467773
108671 3503.63623047
108731 3502.26318359
108791 3500.39477539
108851 3499.1015625
108912 3497.17138672
108972 3495.62524414
109032 3493.0012207
109092 3492.11206055
109132 3491.49145508
109157 3489.96362305
109202 3489.19970703
109263 3487.42163086
109323 3486.68115234
109358 3486.24926758
109393 3485.81518555
109434 3484.65063477
109475 3483.32055664
109535 3482.22338867
109596 3478.10424805
109673 3476.58349609
109704 3475.24731445
109750 3474.53344727
109785 3473.984375
109801 3473.73901367
109842 3472.41137695
109918 3472.19238281
109964 3470.11499023
110024 3467.78051758
110084 3466.85327148
110145 3466.44824219
110205 3465.45043945
110310 3464.55664062
110340 3463.63452148
110386 3462.66235352
110447 3460.67919922
110492 3460.00585938
110524 3458.41064453
110555 3457.47192383
110600 3455.86962891
110636 3454.63549805
110692 3454.20043945
110753 3452.26123047
110813 3451.43603516
110873 3450.56494141
110933 3449.30200195
110993 3447.37402344
111038 3446.90332031
111069 3446.00048828
111100 3444.78320312
111146 3442.85229492
111181 3441.36230469
111216 3439.87011719
111257 3437.58203125
111283 3437.21044922
111314 3436.76269531
111345 3435.03564453
111391 3434.03515625
111426 3433.26489258
111441 3432.92236328
111482 3431.93334961
111543 3431.11328125
111589 3429.09326172
111634 3427.37060547
111695 3425.9675293
111755 3425.02832031
111815 3422.61938477
111875 3422.20458984
111935 3421.41894531
111995 3420.66967773
112055 3419.16455078
112115 3417.85229492
112176 3416.53857422
112236 3415.95385742
112296 3413.12646484
112356 3411.19335938
112416 3410.6340332
112476 3409.02172852
112536 3407.55249023
112597 3407.16650391
112657 3406.05175781
112717 3405.67114258
112777 3404.74072266
112837 3402.19238281
112897 3400.39746094
112958 3397.81176758
113018 3396.96142578
113138 3395.6965332
113198 3393.05883789
113437 3389.05639648
113481 3387.5065918
113512 3385.55419922
113589 3385.04516602
113649 3383.46655273
113709 3381.2902832
113770 3380.53344727
113830 3378.29394531
113890 3375.78540039
113950 3374.23242188
114010 3372.11499023
114070 3371.6340332
114130 3369.234375
114190 3368.69726562
114251 3366.38574219
114311 3364.01464844
114371 3362.80859375
114431 3362.3125
114491 3360.15258789
114551 3359.26391602
114611 3357.23022461
114671 3354.85742188
114732 3354.65722656
114792 3352.36962891
114852 3352.06542969
114912 3350.55395508
114972 3348.44799805
115032 3347.33691406
115092 3345.85986328
115153 3344.77026367
115211 3342.01708984
115270 3340.69750977
115331 3339.62475586
115391 3338.12597656
115451 3336.67480469
115511 3336.01904297
115571 3333.98486328
115631 3331.20922852
115691 3331.01611328
115751 3329.0847168
115812 3327.34570312
115872 3326.97875977
115992 3324.23168945
116052 3322.04443359
116112 3320.70336914
116172 3319.32543945
116232 3316.63989258
116293 3316.28125
116353 3315.13305664
116413 3313.29858398
116473 3311.78588867
116533 3309.80126953
116593 3308.56591797
116653 3306.60302734
116713 3305.02636719
116773 3303.11767578
116834 3300.97143555
116894 3299.43725586
116954 3298.38256836
117014 3296.63647461
117074 3294.75683594
117134 3294.27856445
117194 3292.08422852
117252 3290.58203125
117296 3289.57226562
117342 3288.83007812
117402 3286.5378418
117462 3284.47705078
117522 3283.40942383
117597 3280.55859375
117657 3279.61645508
117717 3278.72753906
117777 3276.70605469
117837 3274.74707031
117897 3273.50390625
117957 3272.42529297
117995 3271.13745117
118019 3269.7668457
118081 3268.85424805
118126 3268.22607422
118187 3266.17700195
118247 3264.54858398
118307 3262.51953125
118367 3261.34594727
118427 3259.35522461
118472 3258.08325195
118518 3257.22802734
118578 3255.76782227
118638 3254.46777344
118698 3251.75244141
118758 3249.70458984
118818 3248.87646484
118878 3247.75512695
118938 3246.06152344
118984 3245.453125
119029 3243.63964844
119089 3242.74804688
119149 3240.43017578
119209 3239.64575195
119269 3238.67407227
119330 3237.06030273
119390 3234.77368164
119450 3233.24731445
119510 3231.81640625
119570 3230.48022461
119630 3228.8527832
119690 3227.09448242
119750 3225.76464844
119810 3224.83862305
119871 3221.46704102
119931 3219.88867188
119991 3218.46557617
120051 3216.69702148
120111 3214.94140625
120171 3213.02807617
120231 3211.35205078
120292 3210.1496582
120352 3208.83544922
120412 3206.58642578
120472 3203.76831055
120532 3202.81079102
120592 3201.30883789
120652 3199.20068359
120773 3199.51196289
120833 3197.29370117
120893 3196.12060547
120953 3194.56958008
121013 3193.11499023
121073 3191.94384766
121133 3190.74047852
121193 3189.66552734
121254 3187.2824707
121314 3185.10400391
121374 3183.82226562
121434 3182.69067383
121494 3180.82299805
121593 3178.80419922
121608 3178.37402344
121619 3178.03979492
121655 3177.03564453
121715 3175.81494141
121775 3174.22900391
121835 3171.97705078
121895 3170.82910156
121955 3168.30493164
122015 3167.3034668
122075 3166.90380859
122136 3164.95507812
122196 3162.39257812
122256 3161.43432617
122316 3159.16113281
122376 3157.91113281
122436 3156.52758789
122496 3155.2956543
122556 3154.23852539
122617 3152.01196289
122677 3149.37548828
122737 3147.8215332
122797 3146.60058594
122857 3144.41821289
122917 3142.35131836
122977 3141.00756836
123038 3139.5793457
123098 3138.49951172
123158 3136.40869141
123218 3134.98486328
123278 3133.60473633
123338 3131.67358398
123398 3128.53930664
123458 3128.44287109
123519 3126.78369141
123579 3126.12207031
123639 3124.50024414
123699 3122.18530273
123759 3120.97412109
123819 3119.84570312
123879 3117.93701172
123939 3116.02514648
123999 3114.7421875
124060 3113.27368164
124120 3110.68701172
124180 3109.12158203
124240 3106.98413086
124300 3106.52587891
124360 3104.8684082
124420 3103.21118164
124481 3101.96484375
124541 3100.3449707
124601 3099.77148438
124661 3097.58911133
124721 3095.16674805
124781 3094.02685547
124841 3093.47314453
124901 3090.77636719
124962 3089.81152344
125022 3088.04394531
125082 3086.30297852
125142 3084.77246094
125202 3083.60424805
125262 3082.37719727
125322 3081.56347656
125382 3078.49389648
125442 3077.25976562
125503 3076.07641602
125563 3074.57885742
125623 3073.3046875
125683 3072.8203125
125743 3070.35009766
125803 3068.32055664
125863 3067.70605469
125923 3065.08959961
125984 3063.98168945
126044 3062.21557617
126104 3059.69799805
126164 3058.74194336
126224 3056.21728516
126284 3055.2121582
126344 3054.35791016
126405 3052.24194336
126465 3050.16503906
126525 3048.34448242
126585 3046.57788086
126645 3045.28466797
126705 3044.3840332
126765 3042.24902344
126825 3040.69873047
126886 3039.21826172
126946 3038.28076172
127006 3036.63671875
127066 3035.18896484
127126 3033.16918945
127186 3031.33959961
127246 3030.25024414
127306 3029.16455078
127367 3026.80444336
127427 3025.22119141
127487 3024.53198242
127547 3022.63330078
127607 3020.8996582
127667 3019.59106445
127727 3018.10473633
127787 3016.19067383
127847 3014.98828125
127908 3013.40673828
127968 3012.21728516
128028 3010.91430664
128088 3008.69140625
128148 3007.32714844
128208 3005.00561523
128268 3003.61376953
128328 3001.21020508
128389 3000.93652344
128449 2999.87451172
128509 2998.54418945
128569 2996.31469727
128629 2994.67163086
128689 2992.83544922
128749 2992.04760742
128809 2990.46191406
128869 2990.17089844
128930 2988.92456055
128990 2986.61621094
129050 2984.53442383
129110 2983.35791016
129170 2981.35961914
129230 2978.80444336
129290 2976.22460938
129350 2974.66259766
129411 2972.91796875
129471 2972.3449707
129531 2970.25952148
129591 2968.24633789
129651 2966.19604492
129711 2965.16015625
129771 2963.49682617
129831 2960.55371094
129891 2960.04077148
129952 2959.61376953
130012 2959.54052734
130072 2957.81176758
130132 2956.76904297
130192 2956.33691406
130252 2956.30053711
130312 2953.52416992
130372 2951.55078125
130433 2949.9597168
130493 2948.00976562
130553 2946.34887695
130613 2945.72143555
130673 2943.70776367
130733 2942.83862305
130793 2940.92236328
130853 2939.5480957
130914 2938.41918945
130974 2936.42211914
131034 2934.90893555
131094 2934.61645508
131154 2932.35107422
131214 2930.76293945
131274 2929.86523438
131335 2928.20336914
131395 2927.46704102
131455 2927.12719727
131515 2925.33081055
131575 2923.43481445
131635 2921.85644531
131695 2920.21777344
131755 2918.98217773
131816 2915.91918945
131876 2914.92236328
132056 2915.45849609
132116 2912.3527832
132176 2909.58666992
132236 2909.46679688
132296 2908.58618164
132357 2907.40136719
132417 2905.03515625
132477 2903.88916016
132537 2901.8671875
132597 2901.29638672
132657 2899.98120117
132717 2897.82446289
132778 2897.37988281
132838 2894.91430664
132898 2893.91748047
132958 2892.8449707
