0 9387.16699219
60 9373.88964844
120 9358.8671875
181 9352.96289062
316 9336.50683594
376 9328.02539062
411 9323.07519531
446 9318.10644531
545 9292.375
584 9287.04589844
655 9273.44238281
715 9257.50390625
775 9246.06152344
835 9239.77441406
895 9227.9921875
956 9213.25585938
1076 9185.21582031
1136 9173.54296875
1196 9159.03515625
1256 9142.34863281
1377 9120.65917969
1437 9105.94726562
1497 9100.88476562
1557 9084.04589844
1617 9074.15234375
1677 9061.75097656
1772 9028.06542969
1782 9024.51367188
1818 9023.72753906
1878 9007.37695312
1938 8997.90039062
2058 8987.02148438
2118 8978.17578125
2178 8971.55175781
2238 8955.18652344
2599 8905.79492188
2659 8894.47851562
2699 8882.38476562
2739 8875.99707031
2800 8871.93945312
2860 8862.05078125
2920 8855.59179688
2977 8854.22558594
3011 8842.20410156
3049 8836.00195312
3109 8820.46875
3169 8815.88671875
3229 8810.54199219
3290 8793.78613281
3410 8788.68457031
3530 8762.03613281
3590 8760.09472656
3650 8754.26269531
3771 8750.43945312
3951 8729.48535156
4011 8714.375
4126 8717.13867188
4428 8640.89941406
4477 8637.95996094
4512 8635.87011719
4608 8641.72558594
4668 8625.27734375
4728 8624.58398438
4788 8619.56347656
4908 8608.28125
4968 8598.7734375
5029 8588.41308594
5310 8543.57324219
5468 8500.91894531
5648 8505.76074219
5768 8499.85253906
6009 8482.68652344
6175 8488.09179688
6330 8428.15136719
6511 8438.83398438
6571 8427.49023438
6631 8419.52734375
6691 8414.31640625
6811 8421.69433594
6871 8411.18847656
6991 8399.78222656
7112 8366.98730469
7292 8376.39746094
7412 8375.93261719
7532 8375.75292969
7592 8366.31933594
7653 8357.26074219
7773 8356.89941406
7953 8358.84960938
8013 8349.69140625
8074 8347.375
8134 8334.15136719
8314 8320.27734375
8374 8312.97851562
8434 8297.62988281
8495 8285.95605469
8555 8280.01464844
8855 8542.46191406
8915 8535.59960938
8976 8528.87988281
9036 8525.02539062
9096 8520.40136719
9156 8512.75585938
9216 8510.4140625
9276 8501.51953125
9336 8500.19140625
9397 8494.53808594
9457 8486.91210938
9517 8479.85058594
9577 8473.0703125
9637 8472.25585938
9697 8466.55175781
9757 8460.43457031
9817 8455.68066406
9878 8450.38378906
9938 8443.38476562
9998 8440.29882812
10058 8435.34472656
10118 8430.92675781
10178 8425.5703125
10238 8419.27636719
10298 8414.29101562
10359 8409.01464844
10419 8405.21484375
10479 8397.97753906
10539 8390.25390625
10599 8387.20410156
10659 8381.41894531
10719 8375.79492188
10779 8373.99023438
10840 8366.30664062
10900 8361.58203125
10960 8357.13085938
11020 8350.75292969
11080 8344.88964844
11140 8342.8125
11178 8340.80273438
11215 8336.00683594
11275 8326.91210938
11326 8324.30078125
11377 8320.97949219
11437 8316.953125
11497 8312.36816406
11557 8305.12109375
11617 8300.6015625
11677 8296.14355469
11738 8288.80273438
11798 8281.22851562
11858 8279.34765625
11918 8274.02636719
11978 8271.86523438
12038 8267.17480469
12098 8259.60839844
12158 8256.56835938
12219 8248.71582031
12279 8242.82617188
12339 8237.39941406
12399 8232.99316406
12434 8230.421875
12465 8228.16113281
12497 8227.43359375
12510 8223.97949219
12535 8221.90039062
12585 8220.1171875
12645 8215.21191406
12705 8209.86328125
12742 8205.72851562
12780 8199.96679688
12840 8196.14257812
12891 8190.96972656
12941 8188.60986328
13001 8185.61621094
13061 8179.42626953
13121 8173.93652344
13181 8168.15722656
13241 8161.68115234
13301 8155.44287109
13362 8148.3359375
13422 8145.82910156
13482 8140.30175781
13542 8133.99707031
13602 8129.41357422
13662 8124.60009766
13722 8119.46972656
13782 8115.76318359
13843 8109.91796875
13903 8104.46582031
13963 8097.66357422
14004 8093.61425781
14089 8091.41503906
14133 8085.19482422
14194 8079.69726562
14254 8073.90283203
14314 8069.40771484
14374 8062.0859375
14434 8061.18164062
14494 8057.06103516
14550 8053.97167969
14606 8044.89257812
14666 8043.77294922
14726 8035.54248047
14776 8031.40234375
14803 8029.69335938
14840 8025.14697266
14882 8022.20947266
14924 8017.1796875
14985 8013.60205078
15045 8005.97314453
15105 8001.4765625
15165 7998.12109375
15225 7995.38427734
15285 7988.09619141
15345 7983.89111328
15389 7980.5390625
15433 7978.34863281
15494 7972.81542969
15770 7963.45849609
15807 7958.44970703
15867 7954.234375
15927 7947.7578125
15987 7942.73779297
16048 7939.75732422
16108 7935.63720703
16168 7934.16308594
16228 7929.93798828
16288 7918.81884766
16348 7912.06787109
16408 7911.85888672
16468 7907.93945312
16529 7901.27441406
16589 7896.20996094
16649 7890.35009766
16709 7889.21826172
16769 7885.11621094
16829 7880.80175781
16889 7874.77050781
16949 7870.94677734
17009 7864.27929688
17070 7861.33105469
17130 7859.67431641
17190 7850.9609375
17250 7847.38183594
17310 7844.8359375
17370 7837.94726562
17430 7835.0546875
17491 7828.69873047
17551 7821.43359375
17611 7820.71923828
17671 7814.74511719
17731 7808.77587891
17791 7804.33203125
17833 7800.43310547
17852 7798.69824219
17874 7795.96826172
17918 7795.71142578
17978 7792.93798828
18038 7786.94189453
18098 7781.44335938
18159 7776.77539062
18219 7768.78710938
18279 7766.21923828
18339 7764.35986328
18399 7759.48779297
18459 7754.203125
18519 7753.86767578
18579 7747.95166016
18640 7742.56298828
18700 7739.54345703
18760 7734.81201172
18820 7729.80517578
18880 7724.12109375
18940 7719.12011719
19000 7715.55957031
19060 7712.51123047
19121 7706.24902344
19181 7700.60693359
19241 7696.96630859
19301 7695.10791016
19361 7690.07666016
19421 7683.83349609
19481 7681.73681641
19541 7676.84667969
19577 7673.98486328
19612 7671.12109375
19647 7666.99121094
19682 7665.70117188
19742 7659.796875
19802 7655.19677734
19862 7651.34228516
19922 7648.10302734
19983 7643.43066406
20043 7637.77246094
20103 7633.37451172
20163 7629.515625
20223 7622.82177734
20283 7617.37207031
20343 7613.25390625
20403 7609.37304688
20464 7606.17382812
20524 7601.19335938
20584 7596.15527344
20644 7593.40185547
20688 7591.41210938
20732 7587.67333984
20793 7582.77978516
20853 7578.30078125
20913 7571.7421875
20973 7568.82275391
21033 7565.14648438
21093 7560.74707031
21154 7555.53515625
21214 7551.00244141
21274 7545.68945312
21313 7543.72705078
21352 7541.01855469
21412 7535.80273438
21472 7532.76367188
21532 7526.23388672
21592 7520.76513672
21652 7516.9609375
21712 7513.18798828
21772 7509.08984375
21833 7503.16210938
21893 7499.56054688
21943 7497.14746094
21979 7494.26855469
22025 7491.00097656
22085 7486.62011719
22145 7480.39208984
22507 7453.51855469
22567 7450.40234375
22627 7447.8046875
22687 7441.01464844
22747 7437.86083984
22807 7432.93310547
22867 7428.26416016
22928 7424.62011719
22988 7420.21484375
23048 7416.54736328
23108 7412.76513672
23168 7407.89013672
23205 7404.93994141
23219 7404.73925781
23256 7399.21142578
23316 7395.59912109
23376 7388.62060547
23436 7387.05957031
23496 7384.59716797
23557 7379.13378906
23617 7372.34228516
23677 7368.04199219
23737 7361.72363281
23797 7355.23876953
23857 7353.10253906
23917 7350.99755859
23977 7345.73291016
24038 7339.55029297
24098 7334.43798828
24158 7329.65478516
24218 7325.35839844
24278 7322.15380859
24338 7317.82910156
24382 7312.40869141
24425 7308.06005859
24460 7304.56152344
24495 7301.06347656
24556 7299.83251953
24616 7292.02099609
24736 7286.04980469
24796 7281.19482422
24856 7271.43310547
24916 7268.08251953
24977 7265.59326172
25037 7264.77197266
25097 7259.56445312
25157 7257.50488281
25217 7252.41162109
25277 7245.09765625
25337 7242.52050781
25397 7239.89111328
25458 7231.06054688
25518 7228.09960938
25578 7225.17724609
25638 7218.24414062
25698 7211.78564453
25758 7209.18457031
25818 7205.77246094
25878 7199.92773438
25939 7195.85986328
25999 7190.58154297
26059 7187.92138672
26119 7182.95947266
26167 7180.80908203
26214 7178.77197266
26252 7176.15429688
26291 7170.47412109
26346 7169.41259766
26397 7164.53369141
26454 7160.12304688
26514 7154.10107422
26574 7149.33007812
26634 7148.34716797
26694 7144.57373047
26754 7139.47265625
26815 7133.90380859
26860 7131.93847656
26884 7130.29882812
26921 7125.65771484
26964 7123.58447266
26992 7122.82128906
27038 7119.10595703
27098 7113.14599609
27159 7109.80419922
27219 7103.29394531
27279 7103.04248047
27339 7096.50683594
27399 7094.1640625
27459 7088.73779297
27513 7084.04394531
27566 7081.46435547
27626 7077.07226562
27686 7072.82226562
27747 7067.06054688
27807 7065.12109375
27867 7060.82275391
27927 7057.08007812
27980 7054.73535156
28032 7046.30859375
28092 7040.23242188
28152 7035.61865234
28213 7034.74902344
28333 7031.62353516
28393 7027.45947266
28453 7022.52441406
28513 7016.68261719
28573 7013.66552734
28633 7009.00292969
28694 7005.91064453
28754 7003.78662109
28874 6998.36181641
28934 6993.41650391
28994 6991.26220703
29054 6985.87939453
29114 6982.04980469
29174 6974.82568359
29235 6971.87744141
29295 6967.99707031
29415 6965.56347656
29475 6963.62890625
29535 6959.875
29595 6955.82861328
29656 6953.38916016
29716 6950.46435547
29776 6947.75341797
29836 6945.99169922
29896 6942.08496094
29956 6937.92138672
30016 6934.8203125
30076 6930.61865234
30137 6923.15087891
30197 6920.99121094
30257 6909.18359375
30317 6908.00146484
30377 6904.62353516
30437 6903.91357422
30497 6898.7578125
30618 6895.82714844
30678 6894.10205078
30738 6884.41552734
30798 6884.33984375
30858 6882.59960938
30918 6876.72070312
30978 6871.23388672
31038 6870.61865234
31099 6862.40332031
31159 6860.10742188
31219 6858.99365234
31279 6853.52148438
31339 6846.7890625
31399 6842.73291016
31459 6841.32128906
31519 6837.33642578
31579 6836.46679688
31640 6829.70458984
31700 6825.30029297
31760 6821.11083984
31820 6818.93505859
31880 6815.76025391
31940 6811.7109375
32000 6807.40087891
32060 6806.60498047
32121 6803.19091797
32181 6800.78369141
32241 6793.11816406
32295 6788.18798828
32335 6786.89697266
32381 6786.01074219
32441 6785.68066406
32501 6781.56982422
32562 6780.15087891
32622 6774.46777344
32682 6770.8828125
32742 6765.51464844
32802 6760.55566406
32852 6759.62792969
32884 6756.75146484
32925 6753.06201172
32986 6752.03857422
33046 6749.19873047
33106 6743.52539062
33166 6740.67089844
33226 6734.53808594
33286 6732.37548828
33346 6730.46386719
33407 6725.87060547
33467 6722.21435547
33527 6719.78173828
33587 6712.37158203
33647 6708.96582031
33707 6707.23925781
33767 6701.29199219
33828 6699.40820312
33888 6693.49658203
34412 6700.38183594
34472 6687.79003906
34532 6686.02246094
34570 6685.09472656
34608 6681.92431641
34668 6677.34033203
34728 6674.19287109
34788 6669.80664062
34848 6666.76953125
34908 6663.12011719
34969 6660.28808594
35029 6657.42285156
35089 6654.50683594
35149 6648.11181641
35209 6645.52050781
35269 6642.86914062
35329 6638.18261719
35389 6635.43212891
35450 6630.29980469
35510 6628.17138672
35570 6624.89746094
35630 6620.39355469
35681 6616.84570312
35732 6613.97558594
35767 6611.98828125
35802 6610.01025391
35862 6607.33935547
35922 6603.66210938
35982 6599.82226562
36042 6596.27636719
36102 6592.03369141
36163 6589.69726562
36223 6586.37109375
36283 6582.00048828
36328 6579.80078125
36372 6576.25341797
36432 6571.56445312
36493 6568.79931641
36553 6565.46289062
36598 6563.09863281
36642 6561.03222656
36702 6557.92431641
36763 6552.55029297
36823 6549.95361328
36883 6548.04248047
36943 6543.84326172
37003 6538.30810547
37063 6535.078125
37123 6531.85693359
37183 6529.59130859
37244 6525.51171875
37304 6522.48925781
37364 6519.47216797
37424 6515.21582031
37484 6510.58984375
37544 6507.09277344
37604 6505.29492188
37664 6501.00927734
37724 6497.39990234
37785 6493.77197266
37845 6490.73291016
37905 6487.96728516
37965 6482.40087891
38025 6479.61523438
38085 6475.14208984
38145 6470.35888672
38206 6465.77685547
38266 6462.90576172
38326 6459.52539062
38386 6456.72509766
38446 6453.27490234
38506 6449.52294922
38566 6445.62304688
38626 6440.80078125
38687 6437.79199219
38747 6435.79736328
38807 6431.25097656
38867 6426.96679688
38927 6424.53173828
38987 6419.36816406
39047 6416.08642578
39108 6413.24902344
39168 6410.49951172
39228 6407.41259766
39288 6402.57373047
39348 6398.09472656
39408 6395.57568359
39468 6391.54736328
39529 6387.20605469
39589 6383.83300781
39649 6380.29345703
39709 6378.53955078
39769 6373.4140625
39827 6370.44482422
39884 6366.43603516
39945 6361.64648438
40005 6357.94628906
40065 6352.69628906
40125 6349.08544922
40185 6346.50292969
40245 6345.26464844
40305 6340.65429688
40366 6336.21582031
40426 6332.79052734
40486 6329.05957031
40786 6311.09716797
40846 6305.52001953
40907 6303.12597656
40967 6299.13232422
41027 6296.43798828
41087 6291.71044922
41147 6288.01855469
41207 6284.47607422
41267 6282.72509766
41327 6278.1875
41388 6274.53417969
41448 6270.19970703
41508 6267.5
41568 6264.54736328
41628 6259.58056641
41688 6258.40625
41748 6253.30566406
41809 6249.37548828
41869 6244.72460938
41929 6239.64404297
41989 6236.43115234
42049 6233.79492188
42109 6229.37646484
42170 6224.41162109
42230 6222.80664062
42290 6218.69042969
42410 6216.40234375
42470 6212.40234375
42530 6208.04443359
42590 6204.40576172
42651 6199.34228516
42711 6196.76611328
42771 6194.29638672
42831 6191.23828125
42891 6188.66259766
42951 6182.28076172
43011 6177.62011719
43071 6175.37792969
43132 6170.15429688
43192 6168.07714844
43252 6162.87011719
43312 6160.13574219
43372 6157.52148438
43432 6154.31445312
43492 6150.125
43527 6147.68164062
43563 6145.22851562
43623 6142.75341797
43683 6137.35107422
43742 6132.42919922
43802 6130.54541016
43862 6127.45068359
43922 6123.72509766
43982 6117.95947266
44042 6113.47949219
44102 6108.03076172
44162 6105.48388672
44222 6104.13574219
44282 6099.75292969
44343 6095.29003906
44403 6091.13085938
44463 6088.41796875
44523 6083.31298828
44583 6080.61767578
44643 6075.91210938
44703 6070.46386719
44763 6068.40234375
44824 6064.19238281
44862 6061.45605469
44901 6060.58349609
44962 6056.32910156
45022 6051.96337891
45082 6047.46386719
45142 6045.34375
45202 6041.92382812
45262 6037.64208984
45322 6034.58203125
45383 6034.06640625
45443 6030.13916016
45503 6025.88671875
45563 6021.47021484
45623 6017.29833984
45683 6014.17919922
45743 6011.66650391
45803 6007.40039062
45864 6002.66845703
45924 6000.33789062
45984 5996.95068359
46044 5992.89306641
46104 5989.27539062
46164 5987.90869141
46224 5983.90429688
46284 5983.2109375
46345 5980.83447266
46405 5977.13574219
46465 5971.63769531
46525 5971.06542969
46585 5969.18457031
46645 5965.89257812
46705 5963.74707031
46765 5961.18261719
46825 5956.85546875
46886 5953.78173828
46946 5949.23144531
47006 5946.35546875
47066 5942.28417969
47126 5938.47900391
47186 5935.51953125
47246 5930.89550781
47307 5926.74511719
47367 5924.82226562
47427 5920.59619141
47487 5917.41699219
47547 5915.68457031
47607 5911.34765625
47667 5906.50048828
47727 5902.62451172
47787 5899.46582031
47847 5896.43847656
47908 5893.85302734
47968 5891.10351562
48028 5886.04443359
48088 5884.50390625
48148 5881.54248047
48208 5876.75683594
48268 5875.34814453
48329 5871.20898438
48389 5868.02880859
48449 5864.40527344
48509 5858.62695312
48569 5856.15722656
48629 5853.74804688
48689 5850.20068359
48749 5847.01806641
48810 5844.69482422
48870 5840.02539062
48930 5836.11523438
48968 5833.56787109
49006 5833.16796875
49066 5828.91503906
49126 5824.29589844
49186 5822.23144531
49247 5819.25341797
49282 5817.51611328
49317 5815.77832031
49377 5812.02001953
49437 5808.70068359
49497 5803.26708984
49557 5801.62158203
49617 5798.83789062
49678 5795.91552734
49738 5792.18408203
49798 5788.94970703
49858 5786.22900391
49918 5782.44726562
49978 5778.31347656
50038 5776.04003906
50098 5773.77880859
50159 5769.65136719
50219 5765.99365234
50279 5761.76464844
50339 5758.65820312
50399 5756.48779297
50459 5752.83789062
50519 5749.39599609
50579 5746.52832031
50639 5741.46386719
50700 5739.60986328
50760 5737.34960938
50820 5733.20214844
50880 5729.31640625
50940 5727.49804688
51000 5723.96875
51060 5719.32080078
51121 5715.84716797
51181 5712.77539062
51241 5707.19970703
51301 5706.71044922
51361 5703.47021484
51421 5699.89355469
51475 5696.23876953
51528 5694.06787109
51649 5691.84521484
51709 5689.44091797
51769 5686.97949219
51829 5683.25830078
51889 5681.27001953
51949 5680.1953125
51997 5677.30224609
52045 5674.23095703
52106 5668.49902344
52166 5667.86474609
52226 5666.84765625
52286 5662.70800781
52346 5659.38818359
52406 5656.36230469
52466 5652.32958984
52526 5650.03369141
52587 5648.2734375
52647 5644.35644531
52707 5642.12939453
52767 5638.26074219
52827 5634.77246094
52887 5631.90966797
52947 5629.27294922
53007 5624.67871094
53068 5622.80029297
53128 5618.453125
53488 5603.16357422
53549 5598.16455078
53609 5594.81542969
53669 5591.40185547
53729 5588.69091797
53789 5585.39501953
53849 5582.81396484
53909 5578.01464844
53969 5575.69775391
54030 5572.52197266
54090 5566.98681641
54150 5562.12011719
54210 5560.68896484
54270 5555.69140625
54330 5553.69726562
54390 5552.47949219
54451 5550.89941406
54511 5546.65429688
54571 5542.23876953
54631 5540.21728516
54691 5538.23046875
54726 5537.06787109
54751 5536.23828125
54794 5531.33984375
54840 5530.13623047
54886 5528.46191406
54932 5525.33154297
54985 5520.04101562
55045 5519.10986328
55105 5516.38916016
55165 5514.49316406
55225 5508.41503906
55286 5503.95019531
55346 5501.80273438
55432 5497.37109375
55502 5495.65136719
55562 5489.07519531
55622 5487.66992188
55682 5486.52636719
55742 5481.63818359
55802 5480.31298828
55862 5476.00097656
55922 5472.8671875
55983 5470.71923828
56043 5467.12890625
56103 5466.41064453
56163 5463.07324219
56198 5461.12792969
56233 5459.18212891
56293 5457.55322266
56354 5453.17919922
56414 5449.60742188
56474 5446.80419922
56534 5444.10253906
56594 5440.69921875
56654 5436.02880859
56714 5431.92675781
56774 5430.22363281
56835 5427.50634766
56895 5424.66015625
56955 5420.16259766
57015 5418.359375
57075 5412.69335938
57135 5412.10449219
57195 5410.71582031
57255 5408.44140625
57316 5406.20361328
57376 5403.11474609
57436 5400.99316406
57496 5397.62744141
57556 5396.85498047
57616 5395.10205078
57676 5392.69824219
57712 5391.28125
57725 5390.76660156
57762 5388.12744141
57822 5387.1328125
57883 5382.84765625
57943 5381.31933594
58003 5379.6640625
58063 5377.00439453
58123 5374.33447266
58183 5373.29882812
58243 5369.24902344
58303 5368.05126953
58364 5366.57910156
58424 5362.60205078
58484 5360.04638672
58544 5357.92724609
58604 5355.16455078
58664 5353.53125
58724 5349.98388672
58784 5347.23779297
58845 5344.87548828
58905 5342.01416016
58965 5339.80908203
59025 5338.98242188
59085 5336.60009766
59126 5334.55419922
59167 5331.75439453
59227 5327.14599609
59262 5324.45898438
59307 5323.69873047
59368 5322.31445312
59428 5321.13671875
59488 5316.00097656
59548 5314.23046875
59608 5311.48730469
59668 5308.07763672
59728 5305.69921875
59848 5305.66064453
59909 5303.02587891
59969 5299.54394531
60029 5296.85888672
60089 5295.76220703
60149 5292.18896484
60209 5288.33544922
60279 5289.06640625
60319 5285.63476562
60380 5283.62353516
60440 5280.59912109
60500 5278.296875
60560 5275.61035156
60620 5272.31494141
60680 5269.64453125
60740 5266.39794922
60801 5262.18945312
60861 5260.54541016
60921 5257.10791016
60981 5254.77587891
61041 5253.32714844
61101 5249.58935547
61161 5246.39550781
61221 5242.93457031
61281 5241.21142578
61317 5240.20605469
61352 5239.19677734
61412 5236.82275391
61472 5233.69482422
61532 5230.82519531
61592 5229.75
61653 5226.21435547
61713 5223.3984375
61748 5221.75537109
61783 5220.11376953
61843 5217.06982422
61885 5215.58935547
61926 5213.07666016
61986 5212.08203125
62047 5210.29785156
62107 5206.42138672
62167 5205.57958984
62227 5202.76269531
62287 5200.21337891
62347 5197.92236328
62407 5194.14404297
62468 5190.43554688
62522 5188.43017578
62552 5187.34179688
62587 5186.05175781
62647 5183.70019531
62707 5180.59716797
62767 5179.46386719
62828 5175.67089844
62888 5173.85888672
62948 5171.56445312
63008 5168.61865234
63068 5165.76806641
63128 5164.09082031
63188 5162.66796875
63235 5159.63427734
63282 5156.69873047
63343 5154.95703125
63403 5153.07421875
63463 5150.02783203
63523 5147.96337891
63583 5145.81640625
63643 5141.88964844
63703 5138.22363281
63764 5137.75390625
63824 5135.38720703
63884 5134.00439453
63944 5130.83789062
64004 5126.88037109
64064 5124.39453125
64124 5122.43847656
64184 5118.1640625
64245 5115.92236328
64305 5113.71679688
64365 5112.34326172
64425 5110.75048828
64485 5106.08154297
64545 5102.72363281
64605 5101.93457031
64665 5099.10205078
64726 5095.57470703
64786 5093.44384766
64846 5089.55078125
64906 5085.265625
64966 5084.25683594
65026 5083.08300781
65086 5078.74365234
65146 5076.6640625
65207 5074.58300781
65327 5069.35498047
65387 5068.10498047
65447 5063.17236328
65507 5061.85644531
65567 5058.67138672
65628 5055.77929688
65688 5054.68554688
65748 5051.24658203
65808 5049.609375
65868 5045.92871094
65928 5044.78759766
65988 5040.24609375
66048 5038.59179688
66131 5039.15185547
66169 5035.24462891
66229 5032.41552734
66289 5031.29199219
66349 5028.33837891
66409 5025.26220703
66469 5021.15820312
66530 5017.97802734
66590 5016.93554688
66650 5015.40722656
66710 5012.43701172
66770 5009.84130859
66830 5006.83300781
66890 5003.66162109
66950 5000.09179688
67005 4998.7421875
67059 4997.22216797
67119 4992.85449219
67180 4991.38525391
67240 4989.36376953
67300 4985.3515625
67360 4984.53076172
67420 4981.64013672
67480 4978.12158203
67540 4977.48193359
67601 4975.47021484
67661 4971.09082031
67721 4969.83447266
67781 4968.27929688
67841 4966.37841797
67901 4964.73486328
67961 4959.70654297
68021 4956.52441406
68081 4952.85107422
68142 4950.80029297
68202 4948.82519531
68262 4943.56298828
68382 4944.11767578
68442 4944.02294922
68502 4940.72265625
68562 4939.05957031
68623 4937.98681641
68683 4936.71777344
68743 4935.13427734
68803 4933.44921875
68863 4930.35986328
68923 4927.04833984
68983 4924.29541016
69044 4922.6796875
69104 4918.63916016
69164 4917.16943359
69224 4913.61816406
69284 4913.11425781
69344 4909.81201172
69404 4907.17285156
69465 4904.74658203
69525 4902.52294922
69585 4900.24169922
69645 4899.296875
69705 4897.06152344
69765 4894.01367188
69825 4891.53369141
69886 4889.20507812
69946 4886.93896484
70006 4883.60009766
70066 4880.62744141
70126 4878.46728516
70186 4876.97167969
70246 4876.26074219
70484 4875.98876953
70544 4873.54980469
70605 4871.80810547
70665 4869.48583984
70725 4866.93505859
70785 4864.16552734
70846 4860.73632812
70906 4858.18359375
70966 4857.12548828
71026 4855.21972656
71086 4852.74267578
71146 4851.30273438
71206 4849.15380859
71266 4846.56738281
71326 4844.23193359
71387 4841.25878906
71447 4839.94824219
71507 4838.28564453
71567 4834.15087891
71627 4833.03173828
71687 4831.8359375
71747 4828.67431641
71807 4827.57617188
71868 4825.73046875
71928 4822.40625
71988 4820.30175781
72048 4818.14404297
72108 4814.51025391
72168 4812.65673828
72228 4810.29492188
72288 4808.41552734
72348 4805.87402344
72401 4803.44238281
72454 4802.015625
72514 4800.68408203
72574 4798.47021484
72634 4795.77099609
72695 4792.64453125
72755 4790.24658203
72815 4788.33007812
72875 4786.87841797
72935 4784.46435547
72995 4782.54443359
73055 4779.72363281
73115 4777.00048828
73176 4776.72021484
73236 4775.11425781
73296 4772.51171875
73356 4769.15136719
73416 4767.22802734
73476 4765.05615234
73520 4762.65332031
73565 4761.48339844
73625 4758.61328125
73685 4757.60058594
73745 4754.59912109
73805 4751.59667969
73866 4750.70507812
73926 4747.64355469
73986 4746.47460938
74046 4743.83203125
74106 4742.48339844
74166 4739.2890625
74226 4736.91357422
74286 4734.96582031
74347 4732.85205078
74407 4730.47167969
74467 4728.67138672
74527 4725.5546875
74587 4724.19921875
74647 4722.5078125
74707 4718.62744141
74767 4716.99414062
74828 4714.29101562
74888 4712.25683594
74948 4711.70556641
75008 4709.32714844
75068 4706.81201172
75128 4703.19384766
75248 4701.59960938
75308 4700.51660156
75369 4697.94433594
75411 4695.21826172
75431 4694.93603516
75469 4693.56298828
75529 4690.71582031
75589 4688.73876953
75650 4685.03369141
75710 4683.55419922
75770 4681.52197266
75830 4679.1640625
75890 4679.07617188
75950 4676.30810547
76011 4673.51318359
76071 4671.97021484
76131 4670.15332031
76191 4666.92919922
76251 4665.11914062
76311 4663.65917969
76371 4661.35839844
76431 4658.52148438
76492 4655.63232422
76552 4653.53662109
76612 4651.97753906
76672 4650.50195312
76732 4647.99853516
76792 4645.02490234
76852 4643.33886719
76912 4641.40722656
76973 4637.42675781
77033 4635.65283203
77093 4633.41601562
77153 4632.18505859
77213 4629.64355469
77273 4627.41064453
77333 4625.49121094
77393 4624.33349609
77454 4623.22167969
77514 4620.89013672
77574 4618.83300781
77634 4615.31884766
77694 4611.85644531
77754 4610.60693359
77814 4609.609375
77874 4607.16552734
77935 4604.19238281
77995 4602.44189453
78055 4599.35302734
78115 4597.73730469
78175 4593.76220703
78235 4592.45996094
78295 4591.07910156
78355 4590.08007812
78416 4588.58154297
78476 4586.20019531
78536 4583.28076172
78596 4581.0234375
78656 4578.44628906
78716 4577.63330078
78776 4575.77539062
78837 4573.68408203
78885 4572.29003906
78936 4570.51806641
78958 4569.75634766
78993 4568.27197266
79020 4567.140625
79033 4566.58789062
79062 4565.57373047
79111 4562.93359375
79200 4560.50732422
79260 4558.94482422
79320 4557.18457031
79365 4555.71337891
79411 4552.88916016
79471 4551.63037109
79531 4548.62304688
79576 4546.85888672
79597 4546.0625
79612 4545.45751953
79653 4544.56591797
79713 4542.7890625
79773 4541.08154297
79833 4539.08007812
79894 4536.52490234
79954 4533.25244141
80014 4532.47509766
80074 4530.13720703
80134 4525.96923828
80194 4523.41210938
80254 4522.98291016
80314 4522.42626953
80375 4519.69482422
80410 4518.1015625
80445 4516.50732422
80505 4515.09375
80565 4511.92822266
80625 4509.77880859
80685 4507.20898438
80745 4505.66210938
80806 4504.07666016
80866 4502.26708984
80926 4501.74853516
80986 4499.52246094
81046 4495.80517578
81106 4493.85839844
81166 4491.84375
81227 4489.89697266
81287 4488.00341797
81347 4485.92919922
81407 4483.49169922
81467 4482.61621094
81527 4478.80126953
81587 4477.42089844
81647 4476.41943359
81708 4474.49804688
81768 4472.64941406
81828 4469.99853516
81888 4467.61669922
81948 4465.43066406
82008 4463.64794922
82068 4460.57519531
82128 4458.07373047
82189 4457.0390625
82249 4455.3046875
82309 4453.13623047
82369 4451.33447266
82429 4449.63867188
82489 4446.97851562
82549 4445.46875
82609 4444.17626953
82670 4441.81542969
82730 4439.35449219
82790 4437.58398438
82850 4435.53759766
82910 4433.39306641
82970 4430.93212891
83030 4429.92480469
83090 4426.96191406
83151 4425.23779297
83211 4422.92871094
83271 4420.60644531
83331 4419.18212891
83391 4417.61572266
83451 4416.06298828
83511 4413.06591797
83631 4408.97802734
83725 4410.17822266
83785 4409.01416016
83845 4408.25195312
83905 4403.89746094
83965 4402.11914062
84025 4400.28662109
84085 4398.1015625
84146 4395.734375
84206 4394.5859375
84266 4391.57373047
84326 4389.51513672
84386 4387.46972656
84446 4385.40917969
84506 4382.87988281
84627 4381.48730469
84687 4380.80029297
84747 4377.44726562
84807 4373.76953125
84867 4371.94677734
84927 4370.01611328
84988 4367.54638672
85048 4366.38183594
85108 4364.37353516
85168 4361.94042969
85228 4361.54833984
85288 4360.19238281
85348 4357.31542969
85409 4355.55517578
85469 4352.72412109
85529 4351.67822266
85589 4349.22119141
85649 4346.56005859
85709 4345.24023438
85770 4343.62890625
85830 4341.68310547
85890 4339.23681641
85950 4337.71435547
86010 4334.63037109
86070 4331.43652344
86190 4330.23242188
86251 4328.08251953
86311 4327.13330078
86371 4325.07324219
86431 4323.20117188
86491 4320.21435547
86551 4318.51074219
86611 4316.63183594
86671 4313.10888672
86732 4312.41162109
86792 4310.53125
86852 4309.26220703
86912 4307.70556641
86972 4305.14404297
87010 4304.60546875
87049 4302.29833984
87109 4300.54052734
87169 4298.12548828
87229 4297.09619141
87289 4294.69042969
87349 4291.35449219
87391 4289.7578125
87433 4288.67236328
87493 4288.47949219
87553 4286.61523438
87589 4285.51464844
87624 4284.41601562
87684 4281.95996094
87744 4279.75439453
87805 4278.26269531
87865 4275.78125
87925 4273.93945312
87985 4270.05908203
88045 4269.04833984
88105 4268.19921875
88165 4266.57324219
88226 4264.93457031
88286 4262.91455078
88346 4260.36035156
88406 4258.31542969
88466 4257.06396484
88526 4255.62548828
88586 4253.01171875
88646 4251.28173828
88707 4247.91210938
88767 4246.21533203
88827 4244.86083984
88887 4243.21289062
88947 4239.64501953
89007 4238.81396484
89067 4237.58203125
89128 4234.72167969
89188 4232.74023438
89248 4231.19677734
89308 4229.26904297
89368 4226.40820312
89428 4224.3203125
89488 4223.91259766
89548 4221.99902344
89609 4220.93115234
89669 4218.82275391
89729 4216.21728516
89789 4214.00537109
89849 4211.10644531
89909 4210.42236328
89969 4208.75048828
90030 4205.53515625
90090 4203.31201172
90150 4202.390625
90210 4201.26464844
90270 4198.94775391
90330 4195.80810547
90390 4194.44287109
90450 4193.23779297
90511 4189.52148438
90571 4188.37451172
90631 4187.15087891
90691 4185.25830078
90751 4183.58447266
90811 4181.93017578
90871 4179.79638672
90931 4178.24072266
90991 4175.44628906
91051 4173.82763672
91112 4171.37011719
91172 4169.58398438
91232 4168.46826172
91292 4166.05419922
91352 4164.25878906
91412 4162.65820312
91472 4160.78662109
91533 4159.40917969
91593 4155.41552734
91653 4153.66748047
91713 4152.37402344
