0 9131.07519531
99 9114.734375
511 9027.66992188
1232 8876.58105469
1292 8875.359375
1612 8916.59082031
1672 8911.91796875
1732 8905.03320312
1792 8899.12207031
1912 8881.26269531
2008 8865.96191406
2043 8860.31738281
2103 8857.56152344
2163 8850.515625
2223 8843.59277344
2344 8821.390625
2404 8814.65917969
2825 8763.81835938
2885 8756.68359375
3125 8717.04492188
3185 8712.51757812
3233 8708.3359375
3280 8706.09960938
3340 8699.51757812
3401 8692.32128906
3581 8665.43457031
3761 8647.97753906
3882 8629.66992188
3942 8626.27148438
4002 8620.54199219
4242 8585.97167969
4303 8582.02929688
4423 8569.95898438
4723 8527.23535156
4784 8523.65625
4904 8509.68457031
5065 8489.38183594
5083 8485.50976562
5121 8481.62304688
5301 8454.90136719
5481 8440.1875
5662 8418.45898438
5962 8376.66503906
6022 8372.20996094
6083 8366.14648438
6143 8360.59472656
6323 8334.31933594
6383 8329.23144531
6443 8327.80957031
6525 8310.28515625
6645 8290.38867188
6765 8270.87011719
6886 8266.54296875
7006 8247.66015625
7246 8224.31738281
7367 8220.53515625
7727 8184.81201172
7871 8167.91943359
7931 8163.19384766
8051 8162.57910156
8231 8140.94189453
8412 8117.68847656
8466 8116.55712891
8874 8146.67578125
8934 8140.96679688
8994 8135.41455078
9054 8130.30859375
9235 8112.25732422
9295 8106.14355469
9355 8099.99902344
9415 8096.05175781
9475 8090.47509766
9536 8084.82421875
9596 8078.84033203
9656 8073.49414062
9716 8068.18554688
9776 8062.58056641
9896 8055.87988281
10077 8033.26074219
10137 8028.19921875
10197 8022.87939453
10238 8016.87695312
10259 8015.66943359
10299 8013.59521484
10359 8011.03417969
10420 8005.28613281
10480 8001.22900391
10660 7980.91113281
10764 7971.8125
10808 7969.43359375
10868 7965.33740234
10928 7959.57763672
11048 7946.52392578
11108 7939.18652344
11168 7933.90722656
11229 7930.85546875
11289 7924.53759766
11349 7919.88623047
11409 7914.16748047
11469 7906.84375
11529 7904.32324219
11589 7898.21533203
11650 7892.24804688
11710 7886.14746094
11770 7881.76074219
11830 7874.72753906
11890 7869.00048828
11950 7865.28271484
12010 7861.06152344
12070 7857.0234375
12251 7838.7578125
12311 7835.57568359
12371 7829.14941406
12431 7823.50390625
12491 7819.49121094
12552 7814.01025391
12672 7803.42626953
12732 7796.42626953
12792 7793.20117188
12852 7790.38916016
12972 7775.30615234
13032 7772.19238281
13093 7767.36132812
13153 7764.73681641
13213 7757.62988281
13273 7752.84082031
13333 7747.37939453
13393 7742.14160156
13453 7737.66552734
13514 7734.40771484
13574 7728.60351562
13694 7718.22070312
13754 7711.60498047
13814 7705.19287109
13875 7701.92041016
13914 7698.08203125
13953 7692.19628906
14073 7685.12988281
14133 7682.79150391
14253 7671.71875
14313 7664.68554688
14614 7642.33789062
14674 7639.02294922
14734 7632.10595703
14795 7629.53613281
14855 7625.58837891
14904 7619.40136719
14954 7615.92480469
15014 7610.52441406
15074 7604.48388672
15134 7597.87646484
15189 7597.43994141
15243 7594.47509766
15303 7587.71728516
15363 7581.37353516
15423 7577.05810547
15483 7571.65966797
15543 7567.4765625
15604 7564.1953125
15645 7561.63134766
15686 7556.89111328
15746 7554.65380859
15866 7542.37548828
15910 7539.80419922
15955 7534.07666016
16015 7527.58740234
16075 7526.23828125
16135 7521.06396484
16195 7516.02734375
16255 7515.27539062
16316 7510.73583984
16376 7506.02392578
16496 7491.78564453
16556 7488.02539062
16616 7483.87548828
16676 7477.31884766
16737 7470.02587891
16797 7467.93896484
16857 7466.40527344
16917 7459.16845703
16952 7454.94628906
16987 7450.72363281
17047 7448.22216797
17167 7440.1875
17228 7435.31591797
17288 7428.55029297
17348 7425.89746094
17408 7419.39111328
17468 7413.80908203
17528 7408.92773438
17588 7404.54052734
17648 7400.26904297
17709 7396.21826172
17769 7392.84570312
17829 7389.25439453
17889 7382.54882812
18009 7372.25292969
18069 7368.5
18129 7363.02050781
18190 7356.04199219
18250 7354.68945312
18310 7350.07373047
18370 7347.18505859
18490 7333.98535156
18551 7329.19482422
18611 7325.328125
18671 7322.09765625
18731 7320.92529297
18851 7304.86767578
18911 7298.22167969
18971 7293.10546875
19032 7289.06787109
19092 7286.64355469
19152 7284.60400391
19212 7280.3515625
19272 7273.06933594
19332 7268.81494141
19392 7265.89111328
19453 7259.03466797
19513 7256.10058594
19573 7254.14599609
19693 7239.00439453
19753 7233.75195312
19813 7226.70019531
19873 7225.79931641
19934 7223.34228516
19994 7216.30224609
20054 7212.51025391
20174 7210.77392578
20277 7201.65966797
20337 7199.05517578
20397 7192.77099609
20457 7186.63525391
20517 7179.8828125
20577 7177.94042969
20637 7176.85058594
20698 7170.73339844
20758 7169.29589844
20818 7164.34716797
20878 7157.47460938
20938 7156.82421875
20998 7151.24023438
21058 7145.2265625
21118 7142.80322266
21179 7137.64990234
21214 7134.63476562
21249 7131.60693359
21350 7125.23681641
21401 7124.09228516
21453 7122.09716797
21513 7115.25
21573 7109.8359375
21633 7104.18359375
21934 7082.11279297
21994 7076.25146484
22054 7076.0703125
22114 7071.38623047
22174 7066.11669922
22234 7060.55712891
22294 7053.46923828
22354 7048.03173828
22415 7045.68652344
22475 7045.06738281
22535 7038.92041016
22595 7032.49023438
22655 7028.80712891
22715 7025.22265625
22775 7019.90136719
22835 7014.88916016
22894 7010.03613281
22952 7003.37890625
23012 7001.16259766
23072 6998.08154297
23122 6994.96386719
23148 6993.3828125
23183 6991.17041016
23243 6988.0234375
23303 6983.97998047
23363 6977.44970703
23424 6974.02734375
23484 6969.32714844
23544 6965.07177734
23647 6958.78369141
23707 6954.98828125
23767 6949.93896484
23827 6946.86962891
23887 6943.24609375
23947 6937.98339844
24007 6932.03710938
24068 6928.390625
24128 6925.68945312
24188 6922.74658203
24248 6915.80419922
24308 6909.05712891
24368 6903.36474609
24428 6900.69580078
24489 6896.359375
24549 6890.78564453
24609 6888.49804688
24669 6884.06005859
24784 6872.29394531
24845 6868.37792969
24905 6862.22705078
24965 6860.48144531
25145 6847.05517578
25205 6843.20996094
25265 6837.40820312
25325 6833.12207031
25386 6829.765625
25446 6825.29296875
25506 6818.68701172
25626 6807.82763672
25686 6807.47705078
25746 6802.17041016
25806 6802.04199219
25867 6796.90722656
25927 6794.12841797
25987 6787.34228516
26047 6783.71972656
26107 6777.08154297
26167 6773.88964844
26227 6771.79296875
26288 6768.28222656
26348 6765.62939453
26408 6762.34179688
26468 6756.22509766
26528 6749.07470703
26588 6744.79882812
26648 6738.38867188
26708 6731.64941406
26768 6730.98779297
26829 6729.74560547
26889 6723.76367188
26938 6718.70019531
26975 6716.26269531
27035 6714.02978516
27095 6708.46630859
27155 6704.76757812
27215 6699.37695312
27265 6696.00634766
27315 6692.13574219
27435 6686.49169922
27496 6682.609375
27556 6680.24707031
27616 6675.86572266
27676 6670.74902344
27736 6666.67724609
27796 6665.38085938
27856 6659.75585938
28037 6645.5234375
28097 6639.01904297
28157 6636.58935547
28217 6633.33642578
28277 6629.16845703
28338 6624.63916016
28398 6619.39453125
28518 6605.31738281
28638 6601.06201172
28698 6599.01464844
28758 6596.12255859
28818 6592.38867188
28879 6586.46777344
28939 6579.99414062
28981 6579.34082031
29000 6578.04492188
29037 6574.89306641
29087 6573.09667969
29124 6572.29248047
29169 6568.11181641
29229 6561.58105469
29290 6559.50683594
29350 6557.19042969
29410 6550.13623047
29470 6545.14648438
29530 6542.60742188
29710 6528.41601562
29771 6525.79833984
29891 6522.15722656
29951 6520.49414062
30071 6507.73046875
30131 6505.02880859
30192 6498.8359375
30252 6496.25927734
30312 6492.72705078
30372 6487.63964844
30432 6484.17138672
30492 6482.37792969
30552 6477.35498047
30913 6484.58154297
30973 6478.76318359
31033 6474.31738281
31093 6470.56787109
31154 6468.43994141
31214 6464.69580078
31274 6460.63818359
31334 6456.38476562
31394 6452.91699219
31454 6448.75341797
31514 6445.30664062
31574 6441.41015625
31635 6436.43554688
31695 6433.53857422
31743 6432.33105469
31791 6427.00683594
31834 6425.30664062
31878 6421.55224609
31938 6416.61132812
31998 6410.95068359
32058 6406.18701172
32118 6404.45361328
32178 6400.48730469
32238 6394.82861328
32298 6391.87304688
32358 6386.36230469
32419 6384.71484375
32479 6383.29833984
32539 6379.73339844
32599 6372.48291016
32659 6369.27246094
32779 6364.48242188
32839 6362.57861328
32899 6358.44824219
32960 6354.27441406
33020 6348.96972656
33080 6345.4140625
33140 6341.43212891
33200 6336.2109375
33260 6331.18164062
33320 6329.13427734
33380 6326.24755859
33441 6321.20507812
33501 6319.26220703
33561 6316.26464844
33621 6312.14941406
33681 6309.41601562
33741 6302.62939453
33801 6297.70605469
33862 6294.8125
33922 6291.39501953
33982 6287.84619141
34042 6283.55273438
34102 6281.04150391
34162 6278.18310547
34207 6276.28417969
34230 6275.39453125
34267 6272.02050781
34327 6266.98828125
34363 6266.45214844
34399 6263.81884766
34459 6260.17529297
34519 6257.72412109
34579 6253.96484375
34639 6249.95849609
34699 6245.265625
34759 6242.30322266
34820 6238.68359375
34880 6233.51660156
34940 6229.77978516
35000 6223.60644531
35060 6219.1484375
35120 6218.07666016
35180 6214.57714844
35241 6211.38964844
35301 6207.96582031
35361 6203.64306641
35421 6201.50097656
35481 6196.78759766
35541 6196.73779297
35662 6191.81152344
35722 6190.22705078
35782 6185.90869141
35842 6180.51708984
35902 6178.59179688
36022 6167.62988281
36082 6164.48339844
36143 6158.05029297
36203 6157.90917969
36323 6151.32373047
36383 6147.45068359
36503 6141.96972656
36563 6138.2109375
36623 6134.18310547
36684 6127.87207031
36744 6123.67138672
36804 6119.25146484
36864 6116.76953125
36924 6112.16748047
36984 6108.16503906
37104 6106.22363281
37164 6103.44921875
37225 6100.62695312
37285 6097.94628906
37345 6092.86572266
37405 6089.05273438
37465 6085.30664062
37525 6082.79833984
37585 6081.00537109
37645 6077.44580078
37706 6074.3515625
37766 6070.62744141
37826 6066.44482422
37886 6063.09619141
37946 6058.15136719
38006 6056.57666016
38066 6052.99511719
38127 6050.77929688
38187 6047.57080078
38247 6044.25390625
38307 6040.54736328
38367 6038.05322266
38408 6035.25292969
38427 6034.34423828
38464 6033.44921875
38524 6029.97070312
38585 6025.39746094
38645 6023.92041016
38705 6019.63720703
38765 6016.14599609
38825 6014.31396484
38885 6010.83154297
38945 6007.03662109
39005 6005.74072266
39066 6003.10888672
39126 5998.796875
39161 5996.28076172
39177 5995.125
39193 5994.59716797
39204 5994.26513672
39251 5993.69628906
39286 5990.56103516
39347 5986.27978516
39407 5983.33642578
39467 5980.90136719
39587 5977.48486328
39973 5958.68554688
40033 5952.42822266
40167 5953.86132812
40226 5952.83544922
40275 5950.20800781
40335 5942.86083984
40396 5938.7890625
40456 5938.14892578
40516 5934.89501953
40576 5933.06542969
40636 5930.08544922
40696 5924.02197266
40756 5920.76708984
40816 5918.10791016
40876 5915.07714844
40937 5913.12841797
40997 5908.73925781
41057 5906.15380859
41117 5901.57568359
41177 5898.46191406
41237 5895.55615234
41297 5892.94580078
41357 5889.12109375
41417 5884.44482422
41478 5882.06396484
41538 5878.95703125
41598 5876.18847656
41658 5873.67285156
41718 5870.81201172
41753 5869.13769531
41766 5868.54492188
41803 5867.17431641
41863 5862.87548828
41923 5859.18505859
41984 5854.84521484
42044 5853.01953125
42104 5849.88574219
42164 5845.61181641
42224 5841.33398438
42284 5836.8515625
42344 5834.08691406
42404 5830.12890625
42465 5828.53808594
42525 5824.23632812
42585 5821.16943359
42645 5817.52246094
42705 5813.50585938
42754 5811.40625
42803 5808.48925781
42863 5804.21240234
42923 5801.82861328
42983 5799.36035156
43044 5796.45703125
43104 5793.31738281
43164 5789.54589844
43224 5786.55126953
43284 5783.53466797
43344 5779.50878906
43404 5778.10400391
43464 5773.77929688
43525 5769.33251953
43585 5766.66210938
43645 5763.32470703
43705 5759.61083984
43765 5757.21337891
43825 5754.79541016
43885 5750.35839844
43945 5747.97705078
44006 5742.38134766
44066 5738.84716797
44126 5735.31982422
44186 5733.015625
44366 5730.48583984
44486 5715.6484375
44546 5713.57275391
44582 5712.36230469
44607 5711.48974609
44639 5709.62207031
44655 5708.64746094
44690 5706.57910156
44750 5703.17382812
44811 5700.21289062
44871 5696.53759766
44931 5692.02832031
45007 5690.88183594
45045 5684.88183594
45105 5681.73291016
45140 5679.89746094
45175 5678.06054688
45235 5675.56835938
45295 5671.57421875
45355 5670.28125
45416 5664.49169922
45463 5664.39892578
45510 5660.13818359
45570 5657.75048828
45630 5654.78027344
45690 5650.87109375
45750 5648.22314453
45811 5647.24609375
45862 5641.19433594
45914 5637.53320312
45975 5634.83740234
46035 5631.60742188
46155 5633.68798828
46215 5630.87158203
46266 5628.00830078
46317 5625.61230469
46378 5625.55859375
46438 5621.66210938
46498 5618.25292969
46558 5617.70410156
46618 5613.65820312
46653 5611.29785156
46688 5608.92578125
46749 5607.58544922
46800 5604.69091797
46840 5600.97119141
46890 5599.77783203
46950 5596.91552734
47011 5592.12451172
47071 5591.40136719
47120 5589.265625
47169 5585.16552734
47229 5583.05859375
47282 5580.02636719
47335 5577.5390625
47395 5572.09960938
47507 5570.39013672
47560 5566.31933594
47620 5563.53613281
47680 5560.06298828
47724 5558.54052734
47768 5553.14941406
47828 5550.72314453
47888 5546.96435547
47948 5545.02734375
48008 5542.46386719
48068 5540.56152344
48128 5535.64208984
48189 5533.16650391
48226 5530.84863281
48264 5528.87255859
48325 5526.70019531
48385 5523.61572266
48445 5521.26220703
48505 5518.77783203
48565 5516.85205078
48685 5506.02832031
48746 5503.44482422
48806 5499.81494141
48866 5498.51416016
48926 5497.42675781
48986 5495.90576172
49046 5491.38720703
49106 5487.27441406
49167 5483.34667969
49227 5480.13623047
49287 5476.08056641
49322 5473.71435547
49357 5471.34912109
49417 5466.89013672
49477 5464.23535156
49537 5460.7734375
49597 5456.30810547
49658 5454.24853516
49718 5451.31445312
49778 5448.45751953
49838 5445.7109375
49898 5442.95800781
49958 5439.82275391
50018 5435.90966797
50078 5432.11865234
50139 5429.17871094
50199 5427.03271484
50259 5423.30175781
50319 5419.82958984
50379 5417.03271484
50439 5410.55664062
50499 5408.13037109
50559 5404.43261719
50620 5400.34179688
50680 5398.36083984
50740 5393.98242188
50800 5389.43408203
50920 5384.76806641
51217 5386.60449219
51251 5384.82861328
51270 5383.88671875
51312 5381.08203125
51372 5377.90673828
51433 5374.39306641
51493 5372.25683594
51553 5370.34033203
51613 5367.29541016
51673 5363.82080078
51733 5360.33251953
51793 5358.04833984
51853 5355.23925781
51914 5350.87060547
51974 5346.74853516
52034 5343.69091797
52094 5342.22998047
52154 5338.30664062
52214 5335.45507812
52274 5332.16894531
52334 5328.24414062
52394 5325.44970703
52455 5321.88427734
52515 5318.23339844
52575 5315.66943359
52635 5312.83447266
52695 5309.43994141
52744 5306.79931641
52794 5305.79199219
52854 5302.05273438
52914 5296.76074219
52974 5295.61425781
53034 5291.24658203
53094 5288.23046875
53155 5285.88037109
53215 5281.93457031
53264 5279.36523438
53314 5277.52490234
53349 5276.22119141
53384 5274.91552734
53444 5270.50732422
53504 5267.35595703
53564 5263.86767578
53625 5259.81689453
53685 5257.140625
53745 5254.86230469
53805 5251.98291016
53849 5248.24462891
53873 5244.68994141
53914 5243.5546875
53949 5242.58105469
53979 5241.77001953
54033 5237.91894531
54093 5236.68066406
54153 5231.04052734
54213 5229.83349609
54273 5226.38134766
54333 5222.67480469
54393 5219.18603516
54454 5216.03369141
54514 5211.71240234
54574 5207.91699219
54634 5204.83300781
54694 5201.82373047
54754 5197.63085938
54814 5193.99511719
54874 5191.61474609
54935 5188.03369141
54995 5186.16259766
55055 5182.98242188
55115 5178.99169922
55175 5175.7890625
55235 5171.96923828
55295 5169.86621094
55355 5169.73974609
55416 5167.53564453
55476 5165.81689453
55536 5163.14941406
55596 5161.87939453
55656 5157.61230469
55716 5154.44580078
55776 5152.93896484
55836 5150.80810547
55897 5147.94580078
55957 5143.82958984
56017 5140.86865234
56077 5137.05908203
56137 5135.16064453
56197 5132.05175781
56257 5128.91308594
56318 5125.55566406
56378 5122.24511719
56438 5118.57275391
56498 5115.70458984
56558 5112.30078125
56618 5108.65478516
56678 5105.39306641
56738 5102.31884766
56799 5100.13720703
56859 5096.95361328
56919 5092.75732422
56979 5090.86669922
57039 5088.07226562
57099 5083.27441406
57159 5079.96875
57220 5077.76318359
57280 5075.75537109
57340 5069.93212891
57400 5068.11523438
57460 5064.31152344
57520 5061.82861328
57580 5059.85986328
57640 5056.06982422
57700 5052.16357422
57761 5049.3515625
57821 5046.19970703
57881 5042.46972656
57941 5037.9140625
58001 5036.84179688
58061 5034.34863281
58121 5030.27783203
58181 5029.05957031
58242 5024.91015625
58302 5020.54248047
58362 5017.37353516
58422 5016.54785156
58482 5013.43115234
58542 5009.64697266
58602 5005.76513672
58662 5003.68994141
58722 4999.83691406
58783 4998.07861328
58843 4994.11914062
58903 4990.00439453
58963 4988.16210938
59023 4985.19140625
59083 4982.62597656
59118 4981.12744141
59153 4979.62939453
59214 4975.06689453
59334 4970.62841797
59454 4965.22363281
59514 4960.99023438
59634 4956.70654297
59694 4954.13378906
59755 4950.49365234
59815 4950.390625
59875 4946.57177734
59935 4940.34326172
60055 4938.62304688
60116 4936.17675781
60176 4931.54931641
60236 4927.71923828
60296 4923.90527344
60416 4918.63623047
60476 4915.45410156
60537 4912.16503906
60597 4908.34765625
60657 4905.47167969
60717 4900.76708984
60777 4898.98828125
60837 4896.390625
60897 4890.69580078
60957 4887.36816406
61017 4885.85205078
61078 4883.80859375
61138 4879.72851562
61198 4876.61669922
61258 4872.125
61318 4867.74365234
61378 4866.60546875
61438 4863.34179688
61499 4860.77148438
61559 4856.24707031
61619 4854.00292969
61679 4848.57373047
61739 4847.29882812
61799 4843.30566406
61859 4839.77587891
61919 4838.55078125
61980 4834.10400391
62040 4830.49023438
62100 4827.62695312
62160 4822.73339844
62220 4818.49169922
62280 4816.04394531
62340 4813.48876953
62400 4811.43115234
62461 4807.38818359
62521 4804.88769531
62581 4801.69042969
62641 4799.57373047
62701 4797.31396484
62761 4794.47167969
62821 4791.28076172
62881 4787.24755859
62941 4785.51660156
63002 4783.66308594
63062 4778.61962891
63122 4775.34179688
63182 4773.60888672
63242 4771.39599609
63295 4769.48681641
63528 4776.71191406
63588 4771.99853516
63648 4771.67333984
63708 4771.23144531
63768 4767.42773438
63828 4766.33642578
63888 4764.20068359
63949 4762.04736328
64009 4757.73925781
64069 4756.27636719
64129 4752.77050781
64189 4750.27587891
64249 4747.24658203
64309 4746.34960938
64369 4741.74072266
64429 4736.41064453
64490 4734.34228516
64550 4733.140625
64610 4728.09179688
64670 4728.02783203
64730 4722.98730469
64790 4720.76611328
64850 4717.52050781
64885 4715.62744141
64921 4713.73388672
64981 4710.88574219
65041 4708.92236328
65078 4707.66845703
65113 4705.89941406
65171 4702.44628906
65231 4702.04394531
65291 4696.72265625
65351 4693.95898438
65411 4692.55224609
65472 4689.63769531
65592 4684.73193359
65652 4683.80664062
65712 4680.6015625
65772 4677.60595703
65832 4674.73925781
65893 4671.06933594
65938 4669.99902344
65984 4667.02099609
66344 4653.71875
66404 4649.54980469
66645 4667.54980469
66705 4664.12939453
66765 4661.62109375
66825 4659.63037109
66885 4656.37988281
66945 4654.62304688
67006 4652.04833984
67066 4649.92041016
67126 4647.93310547
67186 4646.23730469
67246 4643.50146484
67306 4640.75537109
67366 4638.49609375
67426 4635.97949219
67487 4632.75732422
67547 4631.06494141
67607 4629.57128906
67667 4626.56591797
67727 4623.87890625
67787 4621.35498047
67847 4619.19287109
67908 4617.11914062
67968 4614.38574219
68028 4612.07421875
68088 4610.68603516
68148 4606.30712891
68268 4602.56347656
68328 4600.12695312
68388 4597.99169922
68449 4595.39941406
68509 4593.65478516
68569 4591.53271484
68629 4588.93798828
68689 4586.11523438
68735 4584.765625
68781 4582.97265625
68841 4581.75292969
68901 4578.19677734
68961 4576.29394531
69022 4573.0625
69082 4571.53369141
69142 4570.54296875
69202 4567.16162109
69262 4563.85498047
69322 4561.92724609
69382 4559.74121094
69443 4557.72119141
69503 4555.61523438
69563 4552.49414062
69623 4550.20703125
69683 4548.75830078
69743 4544.47753906
69803 4543.89794922
69863 4540.22558594
69924 4538.36328125
69984 4535.37304688
70044 4532.37695312
70104 4531.43505859
70164 4529.49316406
70224 4527.14697266
70284 4524.78271484
70344 4522.32666016
70404 4519.84423828
70465 4517.27783203
70525 4515.70214844
70585 4513.09716797
70645 4510.95556641
70705 4508.92382812
70765 4505.99951172
70825 4503.04248047
70886 4501.64404297
70946 4498.31152344
71006 4496.90527344
71066 4495.03320312
71126 4493.51171875
71186 4490.95556641
71246 4488.37939453
71306 4486.79492188
71367 4483.72558594
71427 4481.62890625
71487 4479.5859375
71547 4477.85839844
71607 4476.35253906
71667 4473.63867188
71727 4468.56494141
71787 4467.5234375
71848 4466.0078125
71908 4464.02880859
71968 4460.98681641
72028 4459.48095703
72088 4457.73339844
72148 4455.20605469
72208 4451.68798828
72268 4450.18994141
72329 4449.22998047
72389 4446.47021484
72449 4443.99658203
72509 4440.46533203
72569 4439.19970703
72629 4437.83935547
72750 4435.5234375
72810 4431.08398438
72870 4430.06445312
72930 4427.48095703
72990 4426.01269531
73050 4423.31542969
73110 4420.52490234
73171 4417.81835938
73231 4415.27197266
73291 4412.66992188
73351 4410.86230469
73411 4409.32373047
73471 4407.82910156
73531 4406.18261719
73591 4403.89453125
73651 4401.11132812
73712 4397.71484375
73772 4395.06591797
73832 4394.37744141
73892 4392.60546875
73952 4390.01904297
74012 4386.0859375
74072 4384.08691406
74132 4383.75878906
74192 4381.88183594
74253 4380.09326172
74313 4375.98730469
74373 4374.28808594
74433 4373.99658203
74493 4371.16845703
74553 4370.06640625
74613 4368.53466797
74673 4364.79199219
74734 4362.99462891
74794 4359.85791016
74854 4358.41650391
74914 4356.94726562
74974 4355.07763672
75034 4354.16699219
75094 4352.29833984
75154 4351.19824219
75215 4347.58349609
75275 4345.14404297
75335 4343.08349609
75395 4340.17480469
75455 4338.234375
75490 4337.1015625
75522 4336.07519531
75579 4334.38671875
75639 4332.28955078
75699 4329.55908203
75759 4328.57080078
75819 4327.30615234
75879 4324.07763672
75940 4322.29833984
76000 4320.44726562
76060 4318.77880859
76120 4315.10498047
76180 4311.4765625
76240 4309.16552734
76277 4308.83886719
76315 4305.61621094
76466 4304.38574219
76526 4302.14501953
76584 4298.68505859
76643 4296.39746094
76703 4293.47753906
76823 4288.28173828
76883 4287.27880859
76943 4284.20654297
77004 4282.91992188
77064 4280.37158203
77124 4278.34619141
77184 4277.18164062
77244 4273.27783203
77304 4271.77636719
77364 4270.09912109
77424 4266.35253906
77485 4266.125
77545 4263.68408203
77605 4263.0625
77665 4262.2109375
77725 4260.11035156
77785 4254.52001953
77845 4253.5234375
77905 4251.15722656
77966 4249.30566406
78086 4248.89160156
78206 4248.55566406
78507 4240.44042969
78567 4238.86621094
78627 4236.12158203
78687 4233.67578125
78747 4232.18310547
78807 4229.54638672
78867 4226.62353516
78928 4224.9921875
78988 4223.33007812
79048 4222.18652344
79108 4220.90429688
79168 4218.46044922
79228 4215.40722656
79288 4213.68212891
79348 4211.54199219
79408 4209.40429688
79469 4206.91162109
79529 4205.50927734
79589 4204.38134766
79649 4201.56396484
79709 4199.19677734
79769 4197.81689453
79829 4195.92822266
79889 4193.18115234
79949 4190.66796875
80010 4189.50732422
80305 4178.61279297
80359 4177.88476562
80419 4176.23193359
80479 4174.09765625
80539 4171.26074219
80600 4169.55810547
80660 4167.5703125
80720 4164.55908203
80780 4163.36621094
80840 4161.22265625
80900 4160.18359375
80960 4158.42626953
81020 4156.22167969
81081 4153.52099609
81141 4152.05029297
81201 4148.54394531
81261 4148.46679688
81321 4146.32373047
81381 4145.10498047
81441 4143.29394531
81501 4141.01904297
81562 4139.93994141
81622 4138.36523438
81682 4136.30517578
81742 4134.70751953
81802 4132.31982422
81862 4128.82714844
81922 4127.48242188
81983 4126.62451172
82043 4123.36767578
82082 4122.63085938
82099 4122.55615234
82136 4121.25439453
82196 4119.00634766
82257 4117.48193359
82317 4114.83642578
82377 4114.09619141
82437 4110.79443359
82497 4109.86523438
82557 4108.58886719
82617 4106.20410156
82678 4104.45751953
82738 4102.56298828
82798 4100.67138672
82858 4097.9140625
82918 4095.93823242
82978 4093.26586914
83038 4091.52563477
83098 4089.76611328
83158 4088.46313477
83219 4086.0559082
83279 4084.46899414
83339 4082.0324707
83399 4079.96411133
83459 4078.58227539
83519 4075.26806641
83579 4072.96704102
83639 4071.93652344
83699 4070.3215332
83760 4068.49853516
83820 4066.97167969
83880 4065.08105469
83940 4062.59033203
84000 4060.83349609
84060 4059.39697266
84120 4057.98339844
84180 4056.27807617
84240 4054.01928711
84301 4051.85083008
84361 4049.62915039
84421 4047.91796875
84481 4046.76464844
84541 4045.03393555
84601 4043.09667969
84661 4040.68579102
84721 4038.88037109
84782 4036.8684082
84842 4035.3581543
84902 4033.24462891
84962 4031.36694336
85022 4029.76855469
85082 4027.36987305
85142 4025.33984375
85203 4023.12670898
85263 4021.41796875
