0 9246.92773438
47 9242.70800781
288 9190.08300781
408 9187.83203125
649 9134.58398438
930 9142.57324219
1171 9103.48144531
1472 9070.52929688
1592 9046.67285156
1772 9017.20898438
1953 8986.29101562
2073 8962.48632812
2193 8946.16308594
2313 8930.98730469
2373 8926.6796875
2494 8912.40332031
2589 8893.81347656
2599 8891.85839844
2634 8885.0078125
2734 8877.70996094
2794 8870.42773438
2889 8847.796875
3069 8825.15625
3129 8818.95800781
3190 8815.29882812
3310 8796.38378906
3378 8778.36523438
3416 8772.12304688
3536 8758.01269531
3837 8725.91113281
3897 8722.73730469
3957 8721.39160156
4137 8675.22753906
4258 8663.02246094
4410 8649.75195312
4530 8636.60449219
4591 8630.22363281
4711 8612.68652344
5072 8566.39550781
5192 8560.06640625
5492 8518.16601562
5613 8499.24121094
5758 8477.68359375
5969 8450.39257812
6015 8449.04003906
6127 8442.59960938
6195 8436.28027344
6375 8418.73632812
6435 8410.88476562
6615 8378.24121094
6675 8370.86328125
6856 8358.39355469
6916 8351.98730469
7096 8333.92578125
7217 8310.48925781
7277 8304.43652344
7373 8299.49902344
7469 8280.02148438
7529 8276.59277344
7650 8260.64160156
7770 8246.78320312
7890 8243.02929688
8284 8336.578125
8344 8332.29101562
8404 8329.71386719
8525 8316.40234375
8585 8311.25097656
8645 8303.88867188
8765 8292.18457031
8825 8285.48632812
8885 8279.40039062
8946 8276.62011719
9066 8262.88964844
9186 8250.50292969
9246 8243.86035156
9306 8239.80566406
9367 8232.5859375
9487 8218.53808594
9547 8213.25585938
9607 8206.17578125
9667 8204.75390625
9968 8176.19042969
10088 8157.65478516
10148 8150.96386719
10208 8146.32666016
10329 8129.30908203
10389 8125.31542969
10449 8122.65087891
10509 8117.57617188
10629 8102.67333984
10750 8087.31542969
10810 8081.52636719
10870 8076.23388672
10930 8071.875
10990 8069.63720703
11110 8052.69384766
11170 8047.79394531
11284 8031.37451172
11338 8027.39453125
11398 8024.89599609
11518 8006.36132812
11578 8002.08984375
11613 7999.59814453
11690 7998.51904297
11857 7989.20019531
11917 7983.35888672
11977 7977.62890625
12037 7974.9296875
12098 7973.453125
12157 7971.64941406
12254 7958.91650391
12374 7944.26269531
12435 7939.20947266
12555 7927.5546875
12615 7924.32617188
12675 7920.31494141
12735 7914.76269531
12795 7910.89306641
12916 7900.44189453
12976 7900.22314453
13096 7886.70458984
13136 7884.63671875
13176 7880.70019531
13220 7878.05664062
13255 7875.94091797
13265 7875.33740234
13283 7871.68603516
13326 7864.57763672
13386 7861.43603516
13446 7859.51367188
13567 7845.45117188
13627 7842.22119141
13687 7839.51660156
13747 7832.20556641
13867 7816.8984375
13927 7816.75585938
13988 7816.109375
14048 7812.94335938
14101 7806.50878906
14192 7807.32324219
14246 7794.10302734
14306 7790.06298828
14366 7783.36669922
14426 7776.15283203
14486 7771.85839844
14538 7764.63085938
14603 7763.12548828
14638 7756.92480469
14673 7753.859375
14733 7751.40966797
14781 7746.57568359
15130 7718.10058594
15191 7711.63720703
15251 7706.86035156
15311 7700.30029297
15371 7692.55078125
15491 7688.68359375
15551 7681.92333984
15599 7678.75683594
15624 7676.86181641
15654 7672.48632812
15705 7666.36669922
15766 7658.77441406
15826 7654.32861328
15886 7652.20996094
15946 7646.28955078
16041 7631.42626953
16080 7638.01855469
16123 7634.078125
16158 7630.86767578
16193 7627.66113281
16253 7622.82373047
16373 7609.03613281
16434 7604.86523438
16494 7598.94287109
16554 7594.84326172
16614 7589.20507812
16674 7584.84228516
16734 7579.27832031
16794 7573.92480469
16854 7573.45751953
16915 7566.28076172
16975 7564.32128906
17035 7557.17236328
17155 7545.94628906
17215 7541.76660156
17275 7535.35400391
17335 7532.09472656
17396 7527.18652344
17456 7520.6640625
17516 7517.25
17576 7513.71289062
17636 7507.29443359
17696 7502.24755859
17756 7496.234375
17816 7494.17138672
17877 7488.90478516
17937 7484.34033203
17997 7478.55322266
18057 7472.63525391
18117 7468.96044922
18177 7465.01025391
18297 7451.33154297
18358 7449.28222656
18418 7443.97509766
18478 7438.65185547
18538 7432.89794922
18598 7426.59960938
18658 7421.39941406
18695 7420.24365234
18721 7418.57519531
18771 7413.81689453
18831 7410.22802734
18891 7409.04736328
18951 7401.37451172
19011 7393.96484375
19071 7388.44677734
19131 7385.73681641
19192 7380.81787109
19252 7374.25048828
19312 7367.53076172
19432 7364.32958984
19492 7356.18847656
19552 7352.43066406
19608 7351.00341797
19655 7347.87451172
19681 7346.09277344
19717 7343.74267578
19812 7330.63574219
19847 7325.78222656
19908 7320.25927734
19968 7318.39892578
20028 7313.33447266
20088 7307.44677734
20148 7302.93310547
20208 7296.52539062
20268 7291.25
20329 7287.92480469
20384 7284.48632812
20439 7278.28710938
20500 7274.01416016
20560 7272.78515625
20620 7268.59326172
20680 7261.12988281
20740 7255.53222656
20860 7249.84277344
20920 7242.35302734
20981 7241.65527344
21041 7236.75634766
21401 7214.49804688
21436 7211.69726562
21542 7216.28466797
21645 7212.04003906
21706 7209.72900391
21826 7194.47509766
21886 7190.66259766
21946 7186.13916016
22006 7180.0390625
22067 7176.99560547
22127 7169.91015625
22187 7166.09228516
22247 7161.61425781
22307 7153.85400391
22363 7152.44384766
22418 7150.36425781
22479 7146.50683594
22539 7139.88867188
22599 7139.59863281
22659 7131.75439453
22719 7125.28759766
22779 7121.20800781
22839 7119.49023438
22898 7113.45800781
22958 7109.76953125
23018 7107.05615234
23079 7101.80615234
23199 7094.13623047
23245 7087.38525391
23292 7083.81787109
23352 7082.22216797
23406 7076.03076172
23460 7071.42871094
23520 7070.46435547
23580 7066.93701172
23640 7060.68359375
23701 7056.47607422
23761 7051.18798828
23821 7048.50244141
23881 7042.55859375
23941 7038.97802734
24001 7036.90283203
24121 7022.30078125
24182 7016.6328125
24242 7015.52734375
24302 7009.90625
24340 7005.98535156
24365 7005.04101562
24410 7004.07177734
24446 7003.32470703
24461 7002.99169922
24502 6996.97949219
24548 6994.75585938
24593 6989.36230469
24653 6986.83398438
24714 6980.78320312
24749 6977.24169922
24824 6975.04638672
24884 6967.88525391
24934 6962.64208984
24984 6960.35498047
25045 6958.34912109
25105 6953.48339844
25165 6950.91748047
25285 6940.83837891
25345 6933.44238281
25405 6929.22998047
25466 6929.20263672
25526 6922.06787109
25586 6918.61132812
25646 6912.19335938
25706 6909.44726562
25766 6902.70751953
25801 6898.77832031
25850 6900.7421875
25910 6896.27978516
25970 6889.44873047
26030 6884.30664062
26091 6880.47265625
26151 6877.40820312
26211 6872.796875
26271 6868.45507812
26331 6861.55126953
26391 6857.87890625
26451 6852.31445312
26511 6848.07421875
26571 6845.95263672
26632 6843.33886719
26692 6837.49755859
26752 6837.00830078
26812 6830.39306641
26872 6827.60058594
26932 6823.02050781
26992 6816.88916016
27052 6812.16992188
27113 6808.44580078
27233 6804.84375
27293 6798.83251953
27413 6796.01855469
27594 6780.94189453
27744 6771.82714844
27796 6768.29541016
27949 6753.07910156
28069 6751.08203125
28189 6738.36083984
28249 6736.10009766
28550 6730.83935547
28610 6726.58837891
28670 6721.70166016
28731 6717.0390625
28791 6712.14599609
28851 6710.16455078
28911 6705.65917969
28946 6703.03125
28977 6700.69091797
29033 6698.12988281
29093 6695.51464844
29154 6687.40087891
29214 6685.28662109
29274 6683.89501953
29334 6677.72851562
29394 6673.34375
29454 6670.72949219
29514 6665.02929688
29574 6661.73242188
29635 6659.39892578
29695 6654.0390625
29755 6652.10742188
29815 6646.66845703
29875 6643.69628906
29935 6639.20166016
29995 6632.39257812
30056 6629.36083984
30116 6625.79638672
30176 6620.57568359
30236 6619.83007812
30296 6612.04003906
30356 6610.22119141
30416 6604.48730469
30476 6600.59326172
30537 6595.98974609
30597 6591.97558594
30657 6587.41455078
30717 6583.28417969
30777 6581.17236328
30837 6574.70068359
30958 6575.89990234
31018 6570.41552734
31079 6565.64404297
31139 6559.64794922
31200 6553.82421875
31261 6551.11767578
31321 6546.45654297
31381 6543.48535156
31442 6539.88085938
31503 6536.15332031
31563 6531.15185547
31623 6528.91650391
31683 6526.23339844
31743 6523.10546875
31803 6518.70458984
31863 6515.06054688
31924 6512.06054688
31984 6508.83056641
32044 6503.40527344
32104 6499.578125
32164 6495.80859375
32224 6491.79541016
32284 6488.58984375
32344 6485.85644531
32405 6480.20996094
32465 6478.53613281
32525 6475.62255859
32585 6471.25
32645 6465.89013672
32705 6462.21875
32765 6458.04394531
32825 6452.89648438
32886 6450.94189453
32946 6446.95214844
33006 6443.19140625
33066 6438.34960938
33126 6436.81884766
33186 6433.56982422
33246 6428.77880859
33306 6424.75878906
33367 6421.01757812
33427 6417.98828125
33487 6413.19824219
33547 6410.86083984
33607 6407.92236328
33667 6404.66845703
33727 6400.97021484
33788 6398.25195312
33848 6394.91894531
33908 6389.6640625
33968 6387.08447266
34028 6381.92578125
34088 6379.36621094
34148 6375.96533203
34208 6370.63037109
34268 6367.28662109
34329 6364.640625
34389 6361.07275391
34449 6357.04101562
34509 6351.33105469
34569 6348.18603516
34627 6345.23779297
34684 6339.87060547
34744 6338.43994141
34805 6336.17480469
34865 6330.16552734
34925 6326.18994141
34985 6324.12890625
35045 6320.92919922
35105 6319.24023438
35165 6313.10839844
35225 6308.25976562
35286 6306.01855469
35338 6304.03564453
35390 6301.06835938
35451 6297.05761719
35511 6293.26513672
35571 6288.38867188
35631 6284.34521484
35691 6280.31396484
35751 6276.5078125
35811 6273.64013672
35871 6271.49365234
35932 6267.00976562
35992 6260.3125
36052 6260.12109375
36112 6257.50537109
36172 6253.62548828
36232 6249.95654297
36292 6247.93066406
36352 6242.24951172
36413 6240.67919922
36467 6236.6796875
36536 6233.71240234
36582 6231.02001953
36628 6227.26074219
36668 6223.61425781
36709 6222.35791016
36769 6219.00976562
36829 6215.80908203
36889 6211.82324219
37250 6188.69482422
37370 6187.8984375
37430 6186.15478516
37490 6184.93017578
37550 6177.34912109
37611 6173.27197266
37671 6170.42724609
37731 6166.30078125
37791 6163.62744141
37851 6159.93261719
37911 6156.53173828
37971 6154.34179688
38032 6151.78125
38092 6148.88818359
38152 6145.07910156
38212 6140.42089844
38272 6138.15673828
38332 6133.95898438
38392 6128.36914062
38452 6125.20068359
38513 6122.61572266
38573 6117.90283203
38633 6114.51171875
38693 6111.05908203
38753 6104.35400391
38813 6103.49511719
38861 6100.35888672
38889 6099.54052734
38929 6099.26855469
38990 6095.84179688
39050 6090.89794922
39110 6086.98974609
39170 6083.99169922
39230 6081.01269531
39290 6076.94042969
39350 6074.35546875
39410 6072.31201172
39471 6066.39306641
39522 6064.92724609
39574 6058.78320312
39634 6056.12646484
39694 6050.59130859
39754 6048.48583984
39815 6042.94433594
39875 6037.71191406
39935 6035.13134766
39995 6034.72412109
40055 6027.7265625
40115 6025.09326172
40175 6023.88476562
40236 6019.31591797
40296 6016.70751953
40356 6014.69287109
40536 6007.69921875
40656 6004.42285156
40717 6000.92382812
40777 5995.28320312
40837 5994.13183594
40897 5991.90576172
40957 5985.85449219
41017 5983.35205078
41077 5981.22460938
41137 5977.63769531
41198 5974.84570312
41258 5970.79492188
41318 5964.30419922
41378 5963.63476562
41438 5961.59179688
41498 5958.68359375
41558 5954.62597656
41618 5948.79150391
41679 5946.91357422
41739 5942.375
41799 5939.91064453
41859 5934.49023438
41919 5933.1953125
41979 5930.28662109
42039 5927.39599609
42099 5923.92578125
42160 5919.73046875
42220 5916.38427734
42280 5911.64453125
42337 5910.63183594
42394 5906.91992188
42429 5904.62841797
42464 5902.33935547
42524 5899.15722656
42584 5897.17431641
42646 5893.71337891
42707 5890.52099609
42767 5884.99023438
42827 5882.30859375
42887 5880.875
42948 5875.87451172
43008 5872.24951172
43068 5869.578125
43128 5865.96582031
43188 5864.13232422
43248 5861.12744141
43308 5858.79443359
43368 5852.18603516
43429 5849.19384766
43489 5846.72021484
43549 5842.24462891
43609 5841.078125
43669 5837.00146484
43729 5833.90869141
43789 5832.41552734
43849 5829.28759766
43910 5825.69775391
43970 5820.88183594
44030 5819.08642578
44090 5816.32226562
44150 5811.40722656
44210 5807.42382812
44270 5805.38183594
44330 5802.61767578
44391 5797.32617188
44451 5793.50634766
44511 5791.33496094
44571 5789.31445312
44631 5786.25292969
44691 5782.72412109
44751 5778.84619141
44812 5774.7578125
44872 5772.89941406
44932 5768.39257812
44992 5764.2578125
45052 5759.86816406
45112 5757.87011719
45156 5755.71337891
45201 5754.32714844
45261 5751.81347656
45321 5748.72802734
45381 5746.48681641
45441 5745.55908203
45501 5741.15869141
45562 5738.62011719
45622 5733.36767578
45682 5730.00292969
45742 5728.60107422
45802 5726.54052734
45862 5719.71386719
45922 5719.27441406
45982 5715.11914062
46043 5709.95751953
46103 5708.90429688
46163 5704.35009766
46223 5703.48144531
46283 5700.28955078
46343 5696.25634766
46403 5693.17089844
46464 5691.22265625
46524 5688.8046875
46584 5683.01416016
46644 5681.12695312
46704 5675.03515625
46764 5672.92285156
46824 5670.50878906
46884 5668.04296875
46935 5665.77490234
46986 5662.31445312
47021 5659.92333984
47056 5657.53662109
47116 5653.77294922
47176 5647.72167969
47237 5645.328125
47297 5641.93164062
47357 5639.52099609
47417 5635.34423828
47477 5631.46728516
47537 5629.75292969
47598 5627.32519531
47658 5622.65283203
47704 5619.27832031
47725 5617.72460938
47760 5615.15917969
47820 5610.82470703
47881 5609.58789062
47941 5604.85546875
48001 5602.72998047
48061 5599.20214844
48121 5597.82519531
48181 5593.7265625
48241 5591.54589844
48301 5586.67871094
48361 5582.44970703
48422 5579.89404297
48482 5576.48583984
48542 5572.95800781
48602 5569.80566406
48662 5567.64648438
48722 5563.66259766
48782 5559.44384766
48840 5555.02929688
48897 5551.27246094
48957 5547.93701172
49017 5544.40820312
49077 5540.70898438
49138 5537.60058594
49198 5534.94042969
49258 5529.75927734
49378 5529.11962891
49438 5522.29003906
49498 5518.63623047
49558 5516.42626953
49619 5512.87207031
49799 5513.77197266
49859 5511.60742188
49919 5510.24365234
49979 5506.16699219
50039 5501.91308594
50100 5501.60839844
50160 5499.24462891
50220 5494.25439453
50280 5490.609375
50340 5486.90429688
50400 5484.28808594
50460 5480.76660156
50520 5476.6328125
50581 5474.35009766
50641 5471.80957031
50701 5468.06298828
50736 5466.99072266
50772 5463.93994141
50832 5461.65527344
50892 5457.67626953
50952 5453.86279297
51012 5450.62988281
51073 5447.33447266
51133 5445.60644531
51193 5441.04541016
51253 5439.23486328
51313 5438.16015625
51373 5431.79296875
51433 5428.89501953
51493 5426.20361328
51553 5422.40917969
51614 5417.88232422
51674 5415.54052734
51734 5410.92089844
51794 5407.51220703
51854 5405.13232422
51914 5402.16894531
51974 5399.56005859
52034 5395.05859375
52335 5392.63232422
52395 5391.97900391
52455 5387.39794922
52515 5383.54589844
52575 5380.19335938
52636 5376.00195312
52696 5372.89208984
52756 5372.72363281
52816 5369.74707031
52876 5367.13574219
52936 5361.6796875
52996 5358.71337891
53057 5357.97998047
53117 5352.92529297
53177 5350.36425781
53237 5346.12744141
53297 5340.76757812
53357 5337.15820312
53417 5334.90917969
53477 5331.79003906
53537 5329.04589844
53598 5324.39355469
53658 5322.38134766
53718 5319.74707031
53778 5315.15185547
53838 5312.40966797
53898 5309.84716797
53958 5307.92480469
54019 5302.61669922
54079 5299.46240234
54139 5296.29589844
54199 5294.70654297
54259 5290.87255859
54319 5289.34863281
54379 5283.70507812
54439 5281.89453125
54499 5278.53369141
54560 5274.69824219
54620 5271.87158203
54665 5268.81347656
54710 5268.47705078
54771 5265.27685547
54831 5259.24902344
54891 5258.01318359
54951 5254.97753906
55011 5250.13623047
55071 5247.61376953
55131 5244.21533203
55191 5240.79541016
55252 5236.60302734
55312 5232.48242188
55372 5230.3359375
55432 5227.13769531
55492 5223.43164062
55552 5221.43603516
55612 5217.1484375
55673 5213.71875
55733 5209.84033203
55793 5206.75927734
55853 5202.98632812
55913 5201.23388672
55973 5196.8984375
56033 5195.28076172
56093 5191.38574219
56153 5186.53857422
56214 5184.68457031
56274 5182.20654297
56334 5179.03515625
56394 5174.18310547
56514 5174.96289062
56574 5172.53613281
56631 5169.4453125
56687 5165.17919922
56748 5162.16357422
56808 5158.61767578
56868 5153.66503906
56903 5150.77490234
56948 5150.53369141
57008 5149.12304688
57068 5146.73046875
57128 5143.27490234
57188 5140.97753906
57249 5136.51708984
57309 5131.21191406
57369 5127.17724609
57429 5123.50244141
57489 5122.73193359
57549 5120.57763672
57609 5117.6015625
57669 5114.55908203
57730 5110.80419922
57790 5108.23632812
57850 5104.04492188
57910 5101.95068359
57970 5100.48876953
58030 5096.41162109
58090 5093.05126953
58151 5090.12109375
58211 5087.61035156
58271 5085.16894531
58331 5080.73730469
58391 5078.1015625
58451 5074.54980469
58511 5071.85595703
58571 5068.31689453
58632 5065.17773438
58692 5062.57128906
58752 5059.16064453
58812 5056.27441406
58872 5052.91992188
58932 5049.92431641
58992 5048.68554688
59052 5044.97314453
59112 5041.15332031
59173 5036.74658203
59233 5034.38623047
59293 5032.20410156
59353 5031.26074219
59413 5025.96972656
59473 5021.29736328
59533 5020.38964844
59593 5016.18212891
59654 5012.33789062
59714 5010.9609375
59774 5007.74511719
59834 5005.58984375
59894 5002.56396484
59954 4998.37744141
60014 4993.31298828
60074 4992.72070312
60135 4988.43701172
60195 4985.03515625
60255 4980.55126953
60315 4978.78515625
60375 4977.23632812
60435 4970.37548828
60495 4969.41845703
60555 4966.7890625
60616 4964.57714844
60676 4962.36035156
60727 4958.98339844
60754 4957.24316406
60789 4954.93798828
60849 4950.89306641
60909 4949.30908203
60969 4946.13378906
61029 4943.98095703
61089 4939.93847656
61150 4937.73730469
61270 4932.24853516
61330 4928.73876953
61390 4926.79003906
61450 4923.46484375
61510 4921.4140625
61570 4919.34667969
61630 4916.01904297
61691 4913.80908203
61751 4910.25390625
61811 4909.14013672
61871 4905.23291016
61931 4903.25097656
61991 4900.25878906
62051 4896.52880859
62112 4895.36621094
62172 4893.80175781
62232 4890.22363281
62292 4884.5703125
62352 4882.23535156
62412 4880.15234375
62459 4876.87988281
62505 4874.51904297
62565 4870.90283203
62625 4866.57275391
62685 4863.57080078
62746 4862.05322266
62806 4858.83251953
62866 4855.5078125
62926 4854.90625
62986 4852.04003906
63046 4848.89794922
63107 4845.76123047
63167 4843.30419922
63227 4840.38330078
63287 4837.81445312
63347 4835.61572266
63407 4834.27832031
63467 4829.15771484
63527 4828.25048828
63588 4824.73242188
63648 4822.63818359
63708 4822.14453125
63768 4818.72753906
63828 4815.17089844
63888 4813.00146484
63984 4795.81005859
64269 4812.24121094
64329 4809.30371094
64389 4805.67431641
64450 4803.88232422
64510 4800.50537109
64570 4798.51513672
64630 4795.85839844
64667 4793.51904297
64705 4793.12402344
64765 4791.58642578
64825 4785.4375
64885 4782.08642578
64946 4780.28808594
65006 4776.66845703
65066 4774.51855469
65112 4772.89599609
65158 4769.38330078
65288 4767.48046875
65348 4765.20068359
65408 4762.21191406
65469 4760.15966797
65529 4757.80419922
65589 4752.30078125
65649 4750.74804688
65709 4747.79101562
65769 4745.37841797
65821 4744.57080078
65873 4741.15722656
65933 4739.37011719
65993 4737.50634766
66054 4734.72705078
66114 4733.52294922
66174 4729.67138672
66234 4727.62158203
66294 4724.83105469
66354 4722.328125
66415 4720.82373047
66475 4719.28320312
66535 4716.08056641
66595 4715.1171875
66655 4712.80371094
66715 4707.890625
66775 4704.92529297
66835 4704.02734375
66896 4701.82128906
66956 4698.57275391
67016 4697.63964844
67076 4693.8046875
67136 4691.19042969
67175 4688.58740234
67213 4686.33984375
67273 4685.78808594
67333 4682.34082031
67393 4680.75976562
67454 4679.00683594
67514 4675.63037109
67574 4673.38378906
67634 4670.5
67694 4668.42773438
67754 4665.40039062
67814 4662.16503906
67874 4659.20800781
67915 4657.60302734
67955 4655.90722656
68016 4652.24511719
68076 4651.09667969
68136 4650.46679688
68196 4646.578125
68256 4645.66259766
68316 4642.30371094
68376 4640.171875
68437 4638.45996094
68497 4635.70214844
68557 4632.65429688
68617 4629.75097656
68677 4628.22216797
68737 4626.56494141
68797 4624.44726562
68857 4620.03125
68918 4618.11279297
68978 4615.82861328
69038 4613.77636719
69098 4611.15673828
69158 4608.20654297
69218 4605.34619141
69278 4602.13134766
69338 4599.81103516
69398 4598.05859375
69459 4596.06689453
69519 4594.08251953
69579 4592.26367188
69639 4588.90625
69699 4586.65869141
69759 4582.88964844
69819 4580.82226562
69880 4578.91455078
69940 4576.34570312
70000 4575.06054688
70060 4572.23828125
70120 4570.38818359
70180 4565.82861328
70240 4563.03369141
70301 4561.49169922
70361 4559.28369141
70421 4558.69580078
70481 4555.32763672
70541 4553.64990234
70601 4550.19775391
70661 4548.49658203
70721 4545.95605469
70782 4541.74121094
70842 4540.49365234
70902 4536.53125
71022 4532.41503906
71082 4530.47753906
71142 4526.56494141
71202 4525.52734375
71262 4522.06542969
71323 4519.83789062
71383 4519.39599609
71443 4517.40283203
71503 4515.9609375
71563 4514.37011719
71623 4511.58203125
71683 4508.08007812
71744 4507.03271484
71804 4504.66357422
71864 4502.51416016
71924 4499.36474609
71984 4499.0
72044 4497.69775391
72104 4494.36181641
72165 4491.42626953
72225 4489.15527344
72285 4486.35107422
72345 4484.67724609
72405 4481.93066406
72465 4481.55126953
72525 4478.35107422
72585 4475.71191406
72645 4473.10693359
72706 4471.11669922
72766 4469.14697266
72826 4466.02734375
72873 4464.09033203
72898 4463.13378906
72936 4461.58935547
72996 4459.2109375
73056 4458.20800781
73116 4457.84228516
73176 4454.72460938
73236 4451.20458984
73296 4448.76025391
73357 4447.80957031
73417 4445.42285156
73477 4443.23730469
73537 4441.10253906
73597 4439.54443359
73657 4435.53613281
73717 4434.18847656
73777 4433.10839844
73838 4429.90087891
73898 4427.96679688
73958 4425.50732422
74018 4423.23339844
74078 4422.07568359
74138 4419.60693359
74198 4416.75634766
74258 4416.18505859
74318 4412.17480469
74379 4411.10791016
74439 4408.12451172
74559 4405.18261719
74613 4404.04833984
74643 4402.82226562
74681 4400.20019531
74741 4398.48046875
74801 4397.72558594
74861 4396.99121094
74921 4394.26367188
74981 4390.67724609
75041 4389.31591797
75102 4386.51708984
75162 4386.02099609
75222 4382.02490234
75282 4379.89648438
75342 4379.45019531
75402 4377.57519531
75462 4374.61865234
75522 4370.32373047
75583 4367.60742188
75643 4366.0703125
75703 4364.12109375
75763 4363.11767578
75823 4358.60351562
76128 4354.02246094
76188 4351.96826172
76248 4350.69824219
76308 4348.76660156
76368 4344.61767578
76428 4343.33154297
76463 4342.58105469
76475 4342.34423828
76511 4342.03417969
76571 4339.41064453
76631 4336.77636719
76691 4333.84082031
76751 4331.44384766
76811 4330.32714844
76865 4329.87255859
76919 4328.82177734
76979 4325.85888672
77039 4323.50976562
77099 4321.04980469
77159 4318.69189453
77219 4315.75732422
77279 4314.35009766
77340 4311.77832031
77400 4310.88476562
77460 4308.73828125
77520 4306.11376953
77580 4303.34521484
77640 4303.27685547
77700 4301.45947266
77760 4298.328125
77821 4295.85302734
77881 4292.7578125
77941 4291.05078125
78001 4290.12939453
78061 4286.92236328
78121 4284.41601562
78181 4283.87402344
78241 4281.41015625
78301 4279.83203125
78361 4278.24072266
78422 4274.66943359
78482 4272.50732422
78542 4272.15527344
78602 4271.10058594
78662 4268.39306641
78722 4264.32617188
78782 4262.92138672
78842 4261.30712891
78903 4259.86328125
78963 4257.01171875
79023 4255.51464844
79083 4251.73046875
79143 4249.22558594
79203 4248.86474609
79263 4248.4140625
79323 4246.29394531
79384 4243.59472656
79444 4241.41455078
79504 4238.74853516
79564 4238.14013672
79624 4235.48974609
79684 4233.16992188
79744 4232.02490234
79804 4230.07958984
79864 4227.234375
79924 4224.88720703
79985 4223.47363281
80045 4221.98486328
80105 4218.79980469
80165 4218.65625
80225 4215.38183594
80285 4211.81738281
80345 4211.00341797
80406 4208.81787109
80466 4205.55078125
80526 4204.46484375
80586 4201.74365234
80646 4200.90478516
80706 4199.37744141
80766 4196.32373047
80826 4194.52978516
80886 4193.37402344
80947 4190.84960938
81007 4188.64160156
81067 4186.10644531
81127 4184.67578125
81187 4181.74658203
81247 4179.77441406
81307 4178.08203125
81367 4175.04345703
81427 4173.74365234
81488 4173.12353516
81548 4170.17822266
81608 4167.84179688
81668 4164.96484375
81728 4164.95800781
81848 4161.99121094
81908 4159.64404297
82029 4154.22216797
82089 4151.69335938
82149 4151.140625
82209 4149.79394531
82269 4146.32910156
82329 4145.25585938
82390 4142.38867188
82450 4140.70703125
82510 4139.25976562
82570 4135.52783203
82630 4134.58398438
82667 4133.19873047
82681 4132.61914062
82718 4130.97705078
82778 4128.45898438
82838 4126.16845703
82899 4124.17431641
82959 4122.27587891
83019 4119.36572266
83079 4119.03808594
83139 4116.1640625
83199 4113.25585938
83259 4112.20410156
83319 4108.40185547
83380 4107.03271484
83440 4105.79394531
83500 4103.88671875
83560 4100.82519531
83620 4097.57177734
83680 4094.79248047
83740 4093.41113281
83800 4092.24023438
83861 4087.29663086
83921 4086.24438477
83981 4083.18505859
84041 4082.53466797
84101 4080.62866211
84221 4078.56030273
84281 4075.29101562
84342 4073.53955078
84402 4072.78955078
84462 4068.28857422
84522 4066.83496094
84582 4065.11254883
84642 4061.06689453
84762 4058.99316406
84822 4057.20996094
84883 4053.14526367
84943 4051.80444336
85003 4050.7878418
85123 4046.12573242
85183 4043.34033203
85243 4040.99829102
85304 4038.18164062
85364 4036.58618164
85424 4036.18920898
85544 4035.98046875
85604 4032.19604492
85664 4031.04907227
85724 4028.72363281
85785 4026.91333008
85845 4024.67504883
85905 4022.98974609
85965 4021.74780273
86025 4021.15063477
86085 4018.28466797
86145 4017.60620117
86205 4015.1574707
86266 4012.74780273
86326 4011.17553711
86386 4009.45068359
86446 4008.97753906
86506 4006.05517578
86566 4002.96069336
86626 4001.89111328
86686 3999.63012695
86747 3997.84985352
86807 3994.92895508
86867 3994.15307617
86927 3993.08032227
86987 3991.99902344
87047 3991.0925293
87107 3989.6953125
87167 3986.57543945
87288 3985.33691406
87348 3982.16943359
87408 3980.72973633
87468 3979.26586914
87528 3976.63085938
87588 3974.90795898
87648 3974.11499023
87709 3971.99194336
87769 3971.08886719
87829 3969.34692383
87889 3966.94458008
87949 3964.67651367
87984 3963.35351562
88019 3962.0300293
88079 3960.57617188
88140 3957.85571289
88200 3956.82373047
88260 3953.94433594
88320 3953.21044922
88380 3950.91333008
88440 3948.47094727
88500 3947.17773438
88560 3943.37768555
88621 3943.32348633
88666 3942.36938477
88712 3941.08691406
88773 3939.70288086
88833 3936.25390625
88953 3935.0078125
89013 3933.53051758
89073 3931.02490234
89133 3929.14331055
89193 3926.23046875
89254 3924.49926758
89314 3924.16259766
89374 3921.99829102
89434 3921.28613281
89494 3918.72802734
89554 3917.02392578
89614 3916.70043945
89674 3914.47753906
89734 3912.34814453
89795 3910.24829102
89855 3910.08325195
89915 3908.00048828
89975 3906.9909668
90035 3905.7487793
90095 3903.70361328
90396 3901.36230469
90456 3897.16748047
90516 3895.24121094
90576 3893.07324219
90636 3891.60009766
90696 3889.49462891
90757 3887.34106445
90877 3885.12695312
