0 9495.25976562
311 9419.71582031
449 9391.49121094
461 9388.78222656
477 9386.71582031
496 9384.19238281
524 9379.34375
636 9359.09667969
756 9338.80957031
816 9331.42089844
1495 9277.37402344
1556 9272.09277344
1653 9272.34570312
1751 9265.29101562
1846 9245.40625
1858 9242.3515625
1895 9237.55957031
2015 9225.03320312
2135 9209.4453125
2195 9202.85058594
2256 9195.48535156
2436 9168.53320312
2496 9161.43847656
2556 9154.0546875
2676 9132.93261719
2797 9114.57128906
2911 9101.06738281
2943 9099.22851562
2971 9095.41210938
3080 9080.72558594
3258 9050.390625
3336 9033.56835938
3373 9029.46679688
3493 9009.4140625
3554 9004.52636719
3614 8996.734375
3658 8988.72265625
3718 8983.51757812
3778 8976.50585938
3958 8944.75488281
4078 8928.61328125
4199 8910.60058594
4379 8893.515625
4559 8860.40527344
4620 8855.14941406
4680 8852.80175781
4740 8847.3359375
4800 8840.62402344
5040 8811.55859375
5101 8805.20996094
5341 8785.31445312
5401 8782.4765625
5522 8763.27734375
5582 8757.22070312
5642 8749.20117188
5702 8742.49316406
6063 8697.42089844
6123 8693.04882812
6443 8755.50976562
6503 8750.26171875
6563 8745.96191406
6623 8739.32910156
6667 8734.82324219
6712 8729.85449219
6772 8725.31542969
6832 8719.45507812
6892 8711.11816406
6952 8704.74902344
7012 8698.96386719
7072 8693.95507812
7133 8687.72167969
7247 8675.39746094
7301 8670.94140625
7361 8663.30859375
7410 8658.20117188
7436 8653.94628906
7473 8653.62207031
7533 8647.91503906
7594 8641.04980469
7654 8634.33300781
7714 8625.84863281
7774 8623.27050781
7834 8617.94140625
7880 8611.43847656
7925 8607.27148438
7984 8602.05859375
8044 8597.02246094
8087 8589.84082031
8130 8586.04882812
8190 8579.25390625
8250 8575.28320312
8310 8569.56835938
8371 8563.21484375
8431 8557.08007812
8466 8551.79492188
8501 8547.34667969
8561 8543.1796875
8621 8538.54296875
8681 8534.13867188
8742 8527.57226562
8802 8519.36621094
8862 8513.67675781
8922 8509.00097656
9042 8503.5546875
9163 8489.23046875
9223 8481.1171875
9283 8474.03613281
9343 8468.73339844
9396 8462.65917969
9449 8458.265625
9509 8450.05566406
9563 8442.56445312
9616 8439.56445312
9676 8437.89648438
9736 8431.92675781
10208 8397.28613281
10268 8388.72167969
10328 8382.70800781
10388 8377.08496094
10449 8371.20214844
10509 8367.29199219
10569 8361.83007812
10629 8357.45019531
10689 8351.81152344
10749 8343.18261719
10809 8337.66113281
10869 8332.67578125
10990 8322.65917969
11037 8318.515625
11084 8313.01757812
11126 8309.1953125
11169 8305.33496094
11229 8300.98339844
11290 8292.30859375
11350 8289.89648438
11410 8288.40039062
11530 8272.52929688
11590 8268.20996094
11650 8262.70019531
11710 8256.01757812
11771 8253.25
11831 8249.6875
11891 8242.59667969
11951 8238.04882812
12011 8232.90917969
12071 8224.1796875
12131 8220.41796875
12192 8214.34179688
12252 8210.95019531
12312 8206.44824219
12372 8199.65039062
12432 8195.34667969
12492 8188.91113281
12552 8183.75537109
12612 8176.97412109
12673 8170.89941406
12733 8168.671875
12768 8167.37158203
12778 8167.00048828
12813 8163.63525391
12873 8156.32861328
12933 8148.59375
12993 8145.75341797
13053 8141.55761719
13114 8137.01513672
13174 8132.96191406
13234 8128.82861328
13294 8122.49804688
13354 8116.55615234
13655 8094.77783203
13835 8080.22558594
13895 8074.41357422
13955 8072.89599609
14016 8071.42138672
14076 8068.05126953
14136 8065.69091797
14171 8064.30908203
14206 8062.92773438
14257 8057.01269531
14308 8052.23388672
14368 8047.04345703
14428 8044.26220703
14488 8036.94921875
14859 7878.61181641
15160 7759.63671875
15220 7755.62304688
15280 7750.89501953
15340 7745.83740234
15392 7738.74072266
15444 7731.00341797
15531 7731.11767578
15591 7729.90380859
15651 7728.81445312
15712 7728.54345703
15832 7730.19921875
15892 7723.37646484
15952 7716.921875
16012 7711.59521484
16072 7705.03125
16133 7699.52539062
16193 7694.51708984
16253 7691.95996094
16313 7689.06445312
16373 7680.82666016
16433 7676.140625
16493 7672.66845703
16554 7669.20410156
16614 7665.28564453
16674 7658.29980469
16734 7653.56494141
16794 7648.03320312
16854 7643.9921875
16914 7641.28808594
16974 7635.58007812
17035 7629.11083984
17095 7626.64648438
17155 7621.48193359
17215 7619.95898438
17275 7613.15966797
17335 7608.28955078
17395 7602.84423828
17456 7599.10253906
17516 7596.11230469
17576 7592.22900391
17636 7587.89111328
17671 7585.35644531
17706 7582.81591797
17767 7577.17089844
17827 7573.68603516
17888 7568.97363281
17948 7565.36181641
18009 7563.41357422
18069 7557.04150391
18130 7550.22558594
18190 7546.00488281
18251 7541.15136719
18311 7537.6875
18372 7534.86767578
18433 7528.59521484
18493 7523.51660156
18554 7520.21582031
18735 7506.82666016
18796 7504.10986328
18856 7496.515625
18917 7494.02587891
18976 7490.98974609
19035 7488.25537109
19095 7482.91894531
19155 7474.1953125
19216 7470.6015625
19276 7465.484375
19336 7462.34082031
19396 7458.234375
19456 7451.84179688
19516 7449.45751953
19576 7445.09082031
19631 7439.10302734
19686 7434.61572266
19746 7430.24804688
19781 7427.70117188
19816 7425.15625
19874 7418.90527344
20176 7399.83300781
20236 7395.82275391
20271 7393.48291016
20306 7391.14013672
20362 7386.62255859
20393 7384.20068359
20410 7382.26806641
20451 7379.79003906
20492 7375.63525391
20534 7374.35400391
20641 7367.58251953
20688 7364.69287109
20748 7357.80029297
20868 7347.93945312
20926 7344.34814453
20984 7342.12939453
21045 7337.22558594
21466 7327.16748047
21526 7326.03027344
21586 7320.94628906
21646 7316.91943359
21706 7312.32128906
21766 7309.58935547
21812 7305.28759766
21858 7302.95605469
21918 7298.06591797
21978 7297.90380859
22038 7293.09863281
22098 7289.57275391
22158 7284.32080078
22219 7278.46630859
22279 7274.94433594
22339 7273.53759766
22399 7268.48339844
22459 7262.42675781
22519 7258.74072266
22579 7252.33300781
22639 7248.75927734
22700 7248.4296875
22760 7244.51953125
22820 7240.35986328
22880 7234.53466797
22940 7229.78417969
23000 7226.95556641
23060 7223.74169922
23120 7220.45263672
23181 7215.69970703
23241 7208.51757812
23301 7203.88867188
23361 7202.01611328
23421 7198.27880859
23481 7194.76611328
23516 7192.71679688
23550 7190.73828125
23609 7186.93115234
23669 7179.77246094
23729 7175.74707031
23790 7172.7421875
23910 7166.38916016
23970 7162.63232422
24030 7159.47216797
24090 7155.84765625
24150 7151.85058594
24210 7144.20117188
24271 7138.44042969
24331 7137.50683594
24391 7131.81835938
24451 7130.06396484
24511 7125.02880859
24571 7120.15136719
24631 7113.29589844
24691 7110.90332031
24751 7109.61767578
24812 7107.53710938
24856 7102.87207031
24901 7098.68066406
24961 7093.45605469
25021 7090.74267578
25082 7089.14550781
25142 7084.82177734
25202 7078.12304688
25262 7073.27294922
25322 7072.24072266
25382 7069.76269531
25443 7065.46582031
25503 7062.42773438
25623 7048.140625
25683 7046.51269531
25743 7043.83544922
25803 7039.30175781
25863 7036.89404297
25923 7033.21142578
25984 7028.68896484
26041 7021.99169922
26099 7019.11572266
26159 7016.55126953
26202 7013.46875
26245 7012.94140625
26305 7006.76074219
26366 7002.62304688
26426 7000.16503906
26471 6999.2890625
26515 6995.05273438
26576 6991.21435547
26636 6988.57470703
26696 6985.94873047
26756 6980.96435547
26816 6973.42382812
26876 6973.16064453
26936 6969.36669922
26996 6965.60693359
27057 6960.38330078
27117 6955.21044922
27177 6954.48193359
27237 6950.77832031
27297 6945.25244141
27357 6943.30664062
27417 6942.48388672
27477 6940.73242188
27538 6937.71777344
27598 6931.84570312
27657 6929.83007812
27717 6924.20654297
27777 6918.16796875
27873 6904.16357422
27908 6899.00488281
27968 6891.86914062
28028 6891.02050781
28079 6889.14160156
28190 6884.88867188
28250 6880.89160156
28310 6877.46484375
28370 6875.77197266
28490 6872.74023438
28551 6869.3828125
28611 6862.1796875
28671 6859.38623047
28791 6853.28222656
28851 6850.48535156
28911 6844.33984375
28971 6843.49169922
29032 6837.62939453
29092 6835.04736328
29152 6830.43945312
29212 6824.11328125
29272 6822.16015625
29332 6817.94970703
29392 6813.11621094
29513 6809.78613281
29573 6805.01513672
29633 6802.25244141
29693 6797.43798828
29753 6790.42773438
29813 6788.42236328
29874 6783.27197266
29934 6780.35400391
29994 6779.32714844
30054 6773.57226562
30114 6768.54931641
30174 6767.34082031
30234 6766.38330078
30475 6760.7578125
30535 6754.96533203
30595 6753.0546875
30655 6750.74072266
30715 6745.81738281
30776 6740.11425781
30836 6735.92431641
30896 6733.59375
30956 6730.34423828
31016 6727.16064453
31076 6725.71044922
31136 6723.77099609
31196 6716.54394531
31256 6711.28710938
31317 6709.85351562
31377 6705.38183594
31437 6701.14013672
31497 6697.11523438
31532 6694.76416016
31544 6693.95947266
31564 6692.72363281
31607 6691.40527344
31665 6689.02539062
31723 6684.95214844
31783 6680.92285156
31843 6677.13476562
31903 6674.91064453
31963 6672.05761719
32023 6666.05664062
32084 6662.06933594
32144 6657.49951172
32204 6656.38964844
32264 6653.53759766
32324 6650.015625
32384 6645.56494141
32444 6641.23535156
32504 6638.21435547
32565 6632.47851562
32625 6629.79492188
32685 6628.65185547
32745 6624.84326172
32805 6619.99609375
32865 6614.40527344
32925 6611.77490234
32985 6609.19384766
33046 6604.19970703
33106 6599.46826172
33166 6598.56835938
33226 6595.36767578
33286 6592.93408203
33346 6587.45751953
33406 6582.74707031
33466 6579.21386719
33508 6575.77294922
33540 6575.85986328
33568 6575.08056641
33621 6571.96826172
33656 6569.92382812
33691 6567.87744141
33752 6564.6953125
33812 6559.76660156
33872 6556.78027344
33932 6553.55322266
33992 6551.08935547
34052 6548.17285156
34112 6548.01953125
34173 6542.07958984
34233 6538.40185547
34276 6536.01611328
34319 6532.47851562
34380 6525.84228516
34440 6522.4453125
34500 6520.29638672
34560 6514.53808594
34620 6512.56787109
34680 6507.54248047
34740 6506.71630859
34800 6506.35009766
34860 6499.796875
34921 6496.85791016
34981 6490.72119141
35041 6487.05224609
35101 6486.78076172
35221 6480.65332031
35281 6473.32080078
35342 6470.16748047
35402 6465.82958984
35462 6463.07666016
35522 6462.86083984
35582 6456.06982422
35702 6455.54003906
35762 6450.28369141
35822 6443.92919922
35883 6440.24121094
35943 6437.69726562
36003 6433.93359375
36063 6430.29443359
36123 6427.57470703
36243 6422.44921875
36304 6421.35595703
36364 6416.69970703
36424 6412.05029297
36484 6405.79882812
36544 6403.53222656
36604 6400.16748047
36664 6393.85693359
36785 6391.42822266
36845 6389.42626953
36905 6384.32421875
36965 6379.87597656
37025 6378.22705078
37085 6373.78271484
37145 6371.62304688
37205 6367.49902344
37266 6362.33642578
37326 6353.9921875
37386 6353.62744141
37446 6353.44580078
37506 6349.74658203
37566 6344.53173828
37626 6342.41210938
37687 6339.97851562
37747 6337.55224609
37807 6332.71142578
37867 6327.17041016
37927 6321.99316406
37987 6321.46728516
38047 6319.95263672
38107 6316.32275391
38167 6310.28808594
38228 6309.12402344
38288 6306.65917969
38348 6304.97265625
38408 6298.67138672
38468 6291.20703125
38528 6291.125
38588 6288.65478516
38649 6287.52880859
38709 6280.84423828
38769 6279.94775391
38829 6279.17333984
38889 6273.74853516
38949 6272.43701172
39009 6265.67333984
39130 6261.95410156
39190 6258.36230469
39250 6256.92822266
39310 6252.24023438
39370 6247.80224609
39430 6245.60791016
39490 6243.05322266
39551 6239.95947266
39611 6236.20703125
39671 6233.36962891
39731 6230.07519531
39791 6224.99560547
39851 6222.70654297
39911 6219.83544922
39972 6218.65771484
40032 6215.65283203
40092 6213.234375
40152 6209.36914062
40212 6207.62939453
40272 6204.89941406
40332 6200.49414062
40392 6197.77441406
40452 6195.33544922
40513 6190.43847656
40813 6176.72070312
40867 6171.96240234
40921 6169.02246094
40982 6163.85058594
41102 6161.94287109
41162 6158.60107422
41222 6154.07421875
41282 6152.01025391
41342 6149.08056641
41377 6147.37207031
41413 6145.66259766
41473 6141.68554688
41533 6138.16308594
41593 6134.82568359
41653 6133.42382812
41713 6130.55566406
41773 6126.35693359
41834 6122.35742188
41894 6120.77392578
41954 6115.43798828
42014 6113.23388672
42074 6110.93505859
42134 6107.63964844
42194 6104.21289062
42254 6102.62939453
42315 6098.3984375
42375 6093.81591797
42471 6089.87939453
42508 6086.23730469
42568 6080.71386719
42628 6077.65771484
42688 6074.41357422
42748 6070.26074219
42809 6068.28271484
42869 6062.90771484
42929 6060.34130859
42989 6058.21923828
43049 6054.33398438
43109 6051.94921875
43169 6049.86083984
43229 6044.765625
43290 6043.39599609
43350 6040.02636719
43410 6037.87011719
43470 6034.98730469
43530 6033.56542969
43590 6029.77148438
43650 6026.06835938
43710 6023.35302734
43771 6019.98339844
43831 6017.49658203
43891 6013.47851562
43951 6010.49267578
44071 6006.79150391
44131 6003.35009766
44191 5999.39453125
44252 5997.21923828
44312 5993.33984375
44372 5990.85742188
44432 5986.56298828
44492 5982.78662109
44552 5981.38818359
44612 5978.82324219
44673 5975.8203125
44733 5972.35791016
44793 5968.66503906
44853 5966.41064453
44913 5963.94628906
44973 5960.38623047
45033 5956.72558594
45093 5955.39208984
45154 5951.68603516
45214 5947.08935547
45274 5946.60644531
45333 5940.86962891
45393 5939.28222656
45454 5934.60644531
45514 5931.50537109
45574 5926.99902344
45634 5924.05029297
45694 5921.76416016
45754 5919.84277344
45814 5919.51611328
45874 5917.37890625
45935 5912.34814453
45995 5908.10595703
46055 5905.30908203
46115 5902.40722656
46174 5900.10791016
46233 5896.56689453
46268 5894.45703125
46303 5892.34912109
46363 5890.32519531
46423 5886.72216797
46483 5884.34814453
46543 5880.86816406
46603 5877.50439453
46664 5875.94482422
46724 5871.05078125
46784 5866.71630859
46844 5864.36572266
46904 5861.09082031
46946 5860.3125
46988 5856.77539062
47048 5853.43457031
47108 5850.33496094
47168 5847.55664062
47228 5844.11962891
47288 5840.96044922
47348 5838.17236328
47409 5835.27880859
47469 5831.58056641
47529 5830.18066406
47589 5828.27880859
47649 5823.18212891
47709 5822.23925781
47769 5819.93994141
47830 5817.7421875
47890 5814.40771484
47950 5811.28613281
48010 5809.32763672
48070 5804.54101562
48130 5800.89501953
48190 5796.5546875
48250 5794.00292969
48311 5792.72949219
48371 5787.07861328
48431 5784.32128906
48466 5782.70458984
48501 5781.08935547
48561 5778.37451172
48621 5776.59375
48682 5775.08154297
48742 5769.14404297
48802 5768.32470703
48862 5767.21777344
48922 5764.33398438
48982 5762.52880859
49042 5760.47363281
49103 5755.85400391
49223 5752.38378906
49283 5745.64160156
49403 5742.66503906
49463 5738.23876953
49523 5734.53955078
49584 5733.42089844
49644 5729.26220703
49704 5726.16210938
49764 5724.56835938
49824 5721.58105469
49884 5719.12402344
49944 5716.85009766
50004 5713.47998047
50065 5710.89550781
50122 5706.96582031
50180 5704.71142578
50240 5702.14208984
50300 5697.90332031
50360 5695.14111328
50420 5693.44482422
50480 5689.82177734
50539 5688.07373047
50599 5685.06640625
50659 5682.77294922
50719 5680.25927734
50779 5675.55761719
50840 5673.52148438
50900 5670.81103516
50960 5668.39648438
51020 5665.52539062
51080 5661.53955078
51140 5657.43115234
51200 5655.14990234
51260 5651.07666016
51321 5648.12939453
51381 5644.80126953
51441 5642.80664062
51491 5640.36669922
51542 5635.75683594
51602 5630.82568359
51662 5626.53271484
51722 5623.97167969
51842 5617.30029297
51902 5612.93994141
51963 5609.51220703
52023 5609.41357422
52143 5605.22314453
52203 5604.03710938
52263 5599.65966797
52323 5595.41894531
52383 5591.09960938
52444 5588.49316406
52504 5587.44580078
52564 5584.53710938
52624 5580.61865234
52684 5576.63232422
52744 5573.20898438
52804 5572.24414062
52865 5569.20166016
52925 5565.68359375
52985 5562.00195312
53045 5559.42089844
53105 5555.62158203
53165 5553.16064453
53225 5551.02099609
53285 5547.11425781
53345 5543.87939453
53406 5540.72021484
53466 5539.20898438
53586 5537.44042969
53646 5531.60742188
53706 5527.35400391
53766 5526.74658203
53824 5525.83154297
53862 5522.46533203
53922 5518.43261719
53982 5517.96435547
54042 5517.14794922
54102 5515.27490234
54162 5510.76416016
54223 5507.87548828
54283 5503.99121094
54343 5501.65283203
54403 5498.10498047
54463 5495.49755859
54523 5491.64501953
54583 5489.48876953
54643 5483.73974609
54703 5481.6953125
54764 5480.97900391
54824 5480.55126953
54884 5477.92236328
54944 5475.97216797
55004 5472.89941406
55064 5470.95947266
55124 5466.61816406
55184 5465.61572266
55245 5460.52685547
55305 5458.74853516
55365 5458.16699219
55461 5457.15185547
55473 5456.34716797
55493 5455.39306641
55515 5453.04541016
55532 5452.85205078
55570 5448.26513672
55630 5442.61474609
55690 5440.265625
55750 5436.11865234
55871 5431.21435547
55931 5427.55566406
55991 5425.80566406
56051 5422.10107422
56106 5421.38525391
56193 5417.68017578
56253 5414.78125
56313 5412.140625
56373 5409.26025391
56433 5404.40722656
56493 5402.61962891
56614 5399.68896484
56734 5396.06005859
56776 5394.86230469
56818 5393.703125
56878 5390.75927734
56938 5384.68554688
56998 5383.1640625
57059 5381.01367188
57119 5378.24951172
57179 5377.00878906
57239 5373.29833984
57299 5370.62988281
57359 5369.50488281
57419 5368.16845703
57539 5365.92089844
57600 5359.25
57660 5358.20019531
57720 5357.98144531
57840 5352.78027344
57900 5351.13134766
58020 5345.64208984
58081 5342.49902344
58141 5341.3515625
58201 5341.30371094
58261 5338.82421875
58321 5333.06738281
58381 5330.69580078
58441 5327.89453125
58501 5325.89648438
58561 5324.91259766
58622 5320.47753906
58682 5316.94824219
58742 5316.30908203
58802 5314.71679688
58862 5312.63330078
58922 5309.2890625
58982 5305.77929688
59042 5303.58740234
59102 5301.08251953
59163 5298.79589844
59223 5296.91699219
59283 5294.14648438
59343 5290.9453125
59403 5288.58789062
59463 5284.88330078
59524 5283.48730469
59584 5281.47753906
59644 5278.578125
59704 5276.30908203
59764 5273.89550781
59824 5271.11279297
59884 5269.11035156
59944 5266.11962891
60005 5263.28857422
60065 5261.52490234
60125 5258.63037109
60185 5254.95800781
60245 5252.87255859
60305 5250.21679688
60366 5248.00292969
60426 5245.82763672
60486 5243.65429688
60546 5241.25488281
60606 5237.67822266
60666 5235.19384766
60726 5233.5078125
60787 5230.11523438
60847 5227.55273438
60907 5224.51855469
61027 5223.91162109
61087 5220.67871094
61148 5218.66113281
61208 5216.39111328
61268 5214.75683594
61328 5212.85839844
61388 5211.50878906
61448 5209.47509766
61508 5206.51074219
61568 5202.42333984
61629 5199.61328125
61689 5197.36376953
61749 5195.03076172
62050 5182.40966797
62108 5182.08935547
62287 5181.78613281
62347 5173.78955078
62407 5173.01708984
62467 5171.37255859
62527 5168.74023438
62587 5164.75830078
62646 5162.69189453
62690 5160.95019531
62735 5159.21533203
62796 5157.09667969
62856 5154.85839844
62916 5153.88574219
62976 5151.22705078
63036 5149.77246094
63096 5148.69775391
63156 5144.4140625
63216 5141.60888672
63277 5138.86376953
63337 5136.98632812
63397 5133.54833984
63457 5128.69091797
63517 5128.15039062
63577 5126.33056641
63637 5125.34765625
63697 5123.22412109
63758 5120.71240234
63818 5116.95410156
63878 5114.40429688
63938 5112.72802734
63998 5107.44628906
64118 5106.00878906
64178 5101.86083984
64238 5099.33789062
64299 5096.78076172
64359 5093.50927734
64419 5090.74658203
64479 5086.94970703
64599 5083.27978516
64659 5080.58935547
64780 5077.09033203
64840 5072.27490234
64900 5070.22509766
64943 5067.71337891
64987 5065.41064453
65047 5063.29394531
65107 5060.84277344
65168 5056.18457031
65228 5055.33251953
65288 5051.83789062
65348 5046.71728516
65408 5046.38623047
65468 5041.09912109
65528 5041.0546875
65589 5037.23876953
65709 5032.97167969
65829 5028.73095703
65889 5025.38671875
65949 5021.74707031
66069 5019.16943359
66190 5014.37109375
66250 5013.59765625
66310 5008.77001953
66370 5008.31835938
66430 5004.67382812
66671 5003.35546875
66731 4999.86621094
66791 4997.78955078
66852 4994.37548828
66912 4992.81835938
66972 4990.37207031
67032 4987.76855469
67092 4984.97314453
67152 4982.23779297
67212 4980.71289062
67272 4979.06054688
67332 4975.65917969
67393 4972.09033203
67453 4970.28466797
67513 4967.76904297
67573 4965.42041016
67633 4961.76416016
67693 4960.49609375
67753 4958.30957031
67813 4956.53613281
67874 4954.03222656
67934 4951.58740234
67994 4948.57324219
68054 4946.13476562
68114 4944.40625
68174 4941.06835938
68234 4939.08154297
68294 4937.46289062
68355 4934.37255859
68415 4932.35058594
68475 4929.52050781
68535 4926.31738281
68595 4924.34130859
68655 4922.66650391
68715 4918.88427734
68757 4917.84326172
68799 4916.57568359
68859 4913.63476562
68919 4911.49365234
68979 4908.89990234
69039 4906.32177734
69100 4902.70458984
69160 4901.10791016
69220 4898.42382812
69280 4896.39453125
69340 4895.74804688
69400 4892.01611328
69460 4889.85791016
69520 4886.53613281
69581 4884.93261719
69641 4883.27587891
69701 4880.05664062
69761 4877.2734375
69821 4875.87402344
69881 4871.24121094
69941 4868.54736328
70001 4866.57470703
70062 4864.70117188
70107 4861.67285156
70213 4858.15380859
70273 4856.74267578
70333 4853.29736328
70393 4851.74023438
70453 4848.78857422
70514 4846.51953125
70574 4844.04882812
70634 4840.40625
70694 4838.47412109
70754 4836.90625
70814 4833.92578125
70874 4831.34277344
70934 4830.60302734
70995 4828.48388672
71055 4826.53222656
71092 4825.32519531
71129 4824.01123047
71189 4819.68115234
71249 4818.24121094
71309 4812.98535156
71369 4812.30322266
71429 4811.18359375
71490 4809.40039062
71550 4808.39257812
71610 4804.31298828
71670 4799.828125
71790 4797.22558594
71831 4795.32470703
71872 4793.95019531
71932 4792.38037109
71992 4789.93261719
72052 4788.15332031
72113 4785.83984375
72173 4783.62353516
72233 4779.33056641
72293 4777.62060547
72353 4776.38916016
72413 4774.57177734
72473 4773.67480469
72534 4769.13427734
72594 4767.26171875
72654 4765.35742188
72714 4762.91308594
72774 4760.4921875
72834 4759.6796875
72894 4756.58056641
72954 4754.38037109
73015 4750.26904297
73075 4748.98193359
73127 4747.31347656
73180 4745.1953125
73240 4744.26806641
73300 4740.72363281
73361 4739.68359375
73421 4738.22412109
73481 4735.65576172
73541 4734.03222656
73601 4729.88671875
73646 4729.12792969
73677 4728.95605469
73708 4726.22167969
73739 4725.58251953
73785 4724.52929688
73845 4721.3984375
73905 4719.83251953
73966 4717.14453125
74018 4715.30664062
74070 4713.54003906
74130 4709.3828125
74191 4708.03076172
74251 4706.50585938
74311 4704.18505859
74371 4701.56835938
74431 4699.08789062
74491 4697.32470703
74551 4696.4296875
74612 4694.49316406
74672 4691.00048828
74732 4689.75390625
74792 4686.60546875
74852 4684.70849609
74912 4682.85400391
74972 4680.41796875
75032 4678.29833984
75093 4675.02197266
75153 4672.37695312
75213 4670.31933594
75273 4669.02685547
75333 4666.71630859
75393 4663.33789062
75453 4661.44238281
75513 4659.67382812
75574 4657.42626953
75634 4655.8359375
75694 4653.14990234
75754 4651.14306641
75814 4648.76367188
75874 4643.68847656
75925 4643.21240234
75976 4641.54541016
76037 4639.50537109
76097 4637.59228516
76157 4634.48388672
76217 4633.08886719
76277 4629.83056641
76337 4626.95263672
76397 4625.453125
76458 4622.30664062
76518 4619.82373047
76578 4617.68554688
76638 4616.49267578
76698 4613.41894531
76758 4611.58544922
76818 4609.15917969
76879 4607.98193359
76939 4605.30322266
76999 4604.48681641
77059 4601.03857422
77119 4598.56689453
77179 4597.77783203
77239 4595.63574219
77300 4592.79003906
77360 4590.81152344
77420 4589.95068359
77480 4587.83251953
77540 4585.38476562
77575 4583.95166016
77610 4582.51806641
77671 4580.99658203
77731 4579.27978516
77791 4576.93603516
77851 4574.26318359
77911 4572.22070312
77971 4570.25878906
78031 4567.36376953
78085 4565.72558594
78125 4563.61962891
78156 4562.5234375
78202 4562.13964844
78262 4559.41894531
78297 4557.83447266
78328 4556.43310547
78385 4554.31494141
78445 4552.54882812
78505 4550.06152344
78566 4548.31884766
78611 4546.37109375
78657 4543.60986328
78692 4541.47021484
78783 4540.60791016
78839 4539.04492188
78899 4536.02099609
78960 4533.42089844
79020 4530.75097656
79080 4528.08984375
79140 4525.50976562
79200 4523.37060547
79260 4521.2890625
79320 4518.60888672
79380 4515.99707031
79441 4514.61328125
79501 4512.92138672
79561 4510.92822266
79621 4508.328125
79681 4506.55322266
79741 4503.28710938
79801 4501.52539062
79862 4499.4375
79907 4497.41064453
79952 4496.84179688
80012 4494.62158203
80072 4492.39453125
80132 4490.62255859
80192 4488.61669922
80252 4485.72460938
80313 4482.72753906
80373 4480.48535156
80433 4478.59570312
80493 4477.53417969
80553 4475.0703125
80613 4472.12646484
80673 4469.39941406
80718 4468.95019531
80763 4466.23681641
80824 4464.32617188
80869 4461.46337891
80915 4460.42236328
80975 4457.00097656
81036 4455.00390625
81071 4453.83837891
81106 4452.671875
81167 4450.21533203
81227 4447.59082031
81287 4446.01953125
81347 4443.71533203
81407 4442.17236328
81467 4438.48486328
81527 4435.38378906
81562 4433.57275391
81591 4432.11962891
81644 4431.59863281
81824 4434.03857422
81884 4427.92285156
81944 4425.88867188
82005 4423.84472656
82065 4421.26318359
