0 8237.96191406
374 8259.40820312
425 8251.84570312
526 8237.57226562
567 8230.41113281
628 8222.171875
768 8196.62304688
785 8192.58203125
824 8188.62597656
885 8181.35107422
1005 8162.93017578
1065 8153.93408203
1245 8123.23291016
1305 8115.12744141
1365 8108.13867188
1546 8073.39550781
1606 8064.76464844
1666 8055.84082031
1835 8032.86572266
1874 8027.34765625
1986 8008.71386719
2046 8003.69335938
2106 8002.13427734
2166 7995.22363281
2347 7967.26855469
2467 7950.28857422
2707 7915.78564453
2828 7899.74169922
3248 7937.93652344
3347 7936.01220703
3450 7920.09863281
3483 7913.78564453
3515 7911.73144531
3553 7908.38183594
3611 7902.47998047
3671 7896.04833984
3731 7888.82714844
3791 7883.49707031
3851 7878.57470703
3912 7870.93017578
3972 7867.17480469
4010 7863.77197266
4049 7859.95068359
4110 7851.19628906
4170 7844.56689453
4230 7838.55419922
4290 7835.59375
4339 7829.85400391
4378 7823.38867188
4429 7818.29492188
4489 7812.95361328
4549 7807.09228516
4609 7804.18115234
4970 7768.46240234
5091 7753.91601562
5126 7750.96191406
5148 7749.09130859
5195 7746.13916016
5255 7741.17822266
5315 7734.67871094
5375 7727.17529297
5435 7720.96630859
5495 7717.01464844
5556 7712.17041016
5616 7705.29638672
5676 7698.42333984
5736 7692.90771484
5796 7683.92773438
5856 7677.79150391
5917 7673.67773438
5977 7670.74511719
6037 7667.55810547
6097 7658.38037109
6132 7653.00488281
6167 7647.63183594
6227 7644.62207031
6288 7639.88525391
6348 7636.77587891
6384 7634.85986328
6420 7628.89160156
6480 7620.16748047
6540 7612.18945312
6600 7604.03710938
6660 7601.03759766
6720 7597.18945312
6757 7593.99414062
6793 7587.328125
6914 7573.47265625
6959 7567.32666016
7005 7562.99560547
7065 7555.28759766
7125 7549.73779297
7185 7546.88378906
7245 7540.00244141
7305 7533.54394531
7366 7527.41894531
7426 7525.22363281
7486 7521.19433594
7546 7518.67431641
7666 7501.7421875
7726 7497.07470703
7786 7492.60400391
7847 7486.81640625
7907 7479.43359375
7967 7478.45507812
8027 7470.24023438
8087 7467.47558594
8147 7467.16210938
8207 7458.69775391
8268 7451.41699219
8328 7448.06835938
8388 7440.68554688
8448 7439.50292969
8568 7424.16064453
8688 7419.80371094
8809 7404.53564453
8869 7399.1796875
8929 7392.73291016
8989 7391.01660156
9049 7384.42578125
9090 7378.7421875
9107 7377.91064453
9138 7376.68408203
9192 7375.5078125
9230 7374.75048828
9246 7372.80126953
9402 7355.29345703
9462 7351.37207031
9522 7345.82763672
9739 7316.20751953
9754 7315.71484375
9791 7313.34179688
9852 7310.59375
9912 7306.54052734
10002 7298.77636719
10182 7282.6640625
10543 7288.93701172
10603 7281.1328125
10663 7278.19482422
10723 7271.55761719
10783 7268.00878906
10843 7263.4453125
10903 7257.54003906
10963 7253.21337891
11024 7247.22802734
11084 7243.26171875
11144 7239.59326172
11204 7236.59912109
11264 7230.08349609
11324 7226.50732422
11384 7220.86669922
11445 7217.09326172
11505 7211.91748047
11565 7206.38085938
11625 7201.93066406
11685 7198.29980469
11727 7197.05859375
11758 7192.41064453
11808 7186.68505859
11868 7183.09912109
11928 7178.68310547
11988 7173.34912109
12049 7168.03369141
12105 7163.81542969
12140 7160.57373047
12170 7159.81494141
12214 7157.13525391
12265 7153.70605469
12326 7148.5
12386 7143.06884766
12446 7136.84375
12506 7133.60351562
12566 7131.80371094
12626 7124.44091797
12686 7117.74609375
12746 7113.90869141
12807 7108.49023438
12867 7103.71386719
12927 7098.73046875
12987 7095.69042969
13047 7091.046875
13107 7088.015625
13167 7081.57958984
13227 7076.75830078
13288 7073.28515625
13348 7068.96435547
13408 7064.80224609
13468 7059.07763672
13528 7056.27587891
13588 7051.02539062
13648 7044.35742188
13708 7038.9765625
13768 7034.95019531
13829 7031.71728516
13889 7028.10107422
13949 7021.84765625
14009 7016.63916016
14069 7013.78417969
14129 7010.70214844
14189 7005.69384766
14250 7000.83691406
14310 6996.43945312
14370 6990.97558594
14430 6987.81982422
14490 6981.04296875
14550 6973.87402344
14610 6970.86230469
14670 6967.75341797
14730 6963.72802734
14791 6956.80566406
14851 6949.64892578
14911 6945.953125
14971 6944.55712891
15031 6940.86279297
15091 6934.03808594
15143 6933.21240234
15195 6925.57910156
15230 6920.38818359
15241 6918.70166016
15338 6913.75537109
15398 6907.97119141
15458 6903.78564453
15518 6899.97509766
15578 6898.20703125
15638 6892.75537109
15699 6888.41796875
15759 6881.95605469
15819 6876.640625
15879 6872.49462891
15939 6868.27441406
15999 6865.30029297
16059 6861.88134766
16120 6853.29101562
16180 6848.59521484
16284 6843.87646484
16329 6837.24902344
16389 6833.73291016
16449 6832.17529297
16509 6828.42285156
16569 6820.18994141
16629 6818.34033203
16689 6814.90283203
16737 6814.09765625
16762 6810.63818359
16800 6808.21679688
16860 6802.19042969
16920 6794.64355469
16980 6787.45898438
17040 6785.91992188
17100 6782.10351562
17160 6776.70068359
17220 6775.40332031
17281 6771.00195312
17341 6765.03955078
17401 6758.84326172
17461 6751.79248047
17521 6749.83789062
17581 6744.43310547
17641 6739.25976562
17701 6737.79296875
17762 6733.59521484
17822 6728.60644531
17882 6726.765625
17942 6719.01855469
18002 6714.46777344
18062 6709.37451172
18122 6705.30761719
18182 6699.26464844
18243 6697.66748047
18303 6694.48535156
18363 6686.30273438
18423 6686.09082031
18603 6670.09814453
18723 6659.78759766
18904 6650.95751953
18964 6641.68212891
19024 6637.26171875
19064 6634.83496094
19104 6630.32421875
19164 6625.50390625
19465 6632.89501953
19525 6628.80371094
19585 6623.62939453
19645 6620.48876953
19706 6617.05908203
19766 6614.05664062
19826 6609.65332031
19886 6604.78222656
19939 6602.11181641
19969 6599.82568359
20007 6597.81689453
20067 6593.34179688
20127 6588.89257812
20162 6586.29541016
20172 6585.54394531
20208 6581.9140625
20259 6578.60791016
20310 6577.33984375
20370 6574.37011719
20430 6569.19921875
20490 6565.22460938
20550 6559.00195312
20603 6557.05908203
20642 6556.13427734
20688 6551.68945312
20748 6547.87646484
20808 6542.11035156
20868 6538.33105469
20928 6534.19677734
20989 6529.89257812
21049 6527.41943359
21109 6523.95996094
21169 6518.81738281
21229 6516.66064453
21289 6514.29785156
21349 6510.10839844
21409 6503.74121094
21469 6499.56787109
21529 6495.77490234
21589 6492.14160156
21650 6486.60009766
21697 6482.92236328
21723 6482.07617188
21743 6480.83642578
21773 6478.70166016
21821 6475.58300781
21881 6473.62060547
21941 6468.43212891
22002 6463.43554688
22062 6460.16992188
22122 6454.56005859
22182 6449.74560547
22242 6446.69580078
22302 6444.36181641
22362 6443.171875
22422 6437.00683594
22483 6431.26513672
22543 6428.30419922
22603 6424.48388672
22663 6420.33740234
22723 6416.89013672
22783 6412.56689453
22843 6408.29150391
22903 6404.62548828
22963 6398.02636719
23024 6394.29003906
23084 6390.99853516
23144 6387.78222656
23204 6380.95068359
23264 6375.90332031
23325 6372.98632812
23385 6366.61425781
23445 6360.03320312
23505 6355.79394531
23565 6351.64257812
23625 6345.14208984
23685 6342.70849609
23745 6340.19824219
23926 6328.23828125
23986 6325.87988281
24046 6323.61767578
24106 6319.96533203
24166 6312.36523438
24226 6311.90869141
24286 6306.63085938
24347 6302.18847656
24407 6299.79296875
24467 6297.20654297
24527 6293.64355469
24587 6290.78369141
24647 6288.64648438
24707 6284.34765625
24768 6281.20751953
24828 6275.39208984
24888 6270.73242188
24948 6267.2890625
25008 6259.29882812
25068 6257.01806641
25123 6256.17138672
25192 6255.46533203
25252 6251.70849609
25313 6247.99707031
25373 6243.68164062
25433 6240.71923828
25493 6238.10595703
25553 6236.77734375
25613 6230.96630859
25673 6226.15820312
25733 6225.87988281
25794 6221.13769531
25854 6214.28759766
25914 6210.56054688
25974 6208.06298828
26034 6207.06884766
26094 6202.56884766
26154 6201.02148438
26215 6195.00439453
26275 6189.18261719
26335 6186.46191406
26395 6182.50830078
26455 6178.68115234
26515 6177.62939453
26575 6171.70117188
26635 6171.00146484
26695 6167.56396484
26756 6162.19091797
26816 6158.93261719
27116 6146.21679688
27176 6143.66162109
27236 6139.05322266
27297 6136.70849609
27357 6134.37597656
27413 6131.13134766
27469 6126.44726562
27530 6122.75585938
27590 6117.95068359
27650 6114.02294922
27710 6110.88037109
27770 6107.66455078
27830 6104.81982422
27890 6102.25244141
27950 6096.44287109
28011 6094.74023438
28071 6088.83349609
28131 6083.48535156
28191 6081.36572266
28251 6078.31787109
28304 6076.47021484
28357 6073.15039062
28417 6069.42871094
28477 6063.15673828
28537 6060.9140625
28597 6056.55078125
28658 6054.06298828
28718 6051.91992188
28778 6048.89355469
28838 6045.47509766
28898 6040.26318359
28958 6036.01318359
29018 6034.06005859
29075 6029.30078125
29132 6027.81494141
29193 6025.18115234
29253 6023.04248047
29313 6019.41845703
29373 6016.52099609
29433 6013.33447266
29493 6008.53564453
29553 6003.66894531
29613 6000.65673828
29668 5998.38183594
29722 5994.74365234
29782 5992.70849609
29843 5988.26953125
29903 5984.50244141
29963 5982.52294922
30023 5979.87890625
30083 5975.20800781
30143 5969.82910156
30203 5967.48730469
30264 5963.63232422
30324 5958.26708984
30384 5955.40771484
30444 5953.72265625
30504 5950.61425781
30564 5947.43017578
30624 5944.3125
30684 5941.17675781
30745 5935.82373047
30805 5933.04931641
30865 5929.45410156
30925 5925.37597656
30985 5923.3828125
31045 5917.71289062
31105 5915.28417969
31165 5913.24755859
31226 5910.95263672
31286 5908.87695312
31346 5906.12402344
31406 5901.39648438
31466 5897.60693359
31526 5893.27734375
31586 5889.67236328
31647 5887.39648438
31707 5884.85791016
31767 5880.55517578
31827 5877.94238281
31887 5872.79589844
31947 5868.19824219
32007 5864.27392578
32067 5862.14453125
32128 5862.04541016
32188 5859.65673828
32248 5855.63964844
32308 5850.90966797
32368 5847.49462891
32428 5844.72119141
32488 5839.4765625
32548 5836.25878906
32609 5833.6640625
32729 5830.09863281
32789 5825.02880859
32849 5823.13574219
32909 5820.76464844
32969 5815.04785156
33029 5810.21972656
33090 5807.25097656
33150 5804.38623047
33210 5801.01367188
33270 5797.46044922
33330 5797.16308594
33390 5792.79443359
33451 5788.47802734
33511 5785.78466797
33571 5779.76416016
33691 5778.53564453
33751 5772.71826172
33811 5770.56689453
33872 5765.85644531
33932 5762.91064453
33992 5759.74707031
34052 5755.05615234
34112 5751.48291016
34172 5749.47998047
34232 5747.82519531
34292 5745.03564453
34353 5741.22509766
34413 5738.04394531
34473 5733.97265625
34533 5731.02880859
34593 5727.66259766
34653 5723.04199219
34713 5719.80761719
34773 5717.99316406
34833 5714.84423828
34894 5710.12402344
34954 5706.77832031
35014 5703.87207031
35074 5701.20703125
35134 5697.22998047
35194 5695.02880859
35254 5693.45849609
35314 5690.16113281
35375 5687.38964844
35435 5684.74755859
35495 5680.40771484
35555 5676.25830078
35615 5672.41308594
35675 5669.61035156
35735 5666.16308594
35795 5661.24560547
35856 5659.21533203
35916 5655.17041016
35976 5650.70947266
36036 5648.59716797
36096 5642.01416016
36156 5638.66650391
36216 5635.08203125
36277 5630.88916016
36337 5627.59814453
36397 5626.47509766
36457 5621.04443359
36517 5619.78515625
36565 5619.23242188
36614 5615.14355469
36674 5609.95507812
36734 5607.24072266
36794 5603.32568359
36854 5599.76171875
36915 5596.93505859
37155 5597.75341797
37215 5594.54199219
37396 5595.75341797
37456 5589.26074219
37516 5585.17529297
37576 5582.609375
37636 5580.77636719
37696 5577.21630859
37757 5572.2265625
37817 5569.00146484
37877 5567.20361328
37937 5563.58837891
37997 5560.30908203
38057 5556.72900391
38117 5554.42675781
38177 5552.70751953
38238 5548.91699219
38298 5545.64892578
38358 5543.00439453
38418 5540.74658203
38478 5538.28955078
38538 5534.55175781
38598 5531.09521484
38658 5526.97949219
38718 5525.08886719
38779 5523.87402344
38839 5520.11962891
38899 5516.70458984
38959 5511.79882812
39019 5510.18945312
39059 5509.30908203
39077 5508.49658203
39115 5506.79199219
39176 5502.69140625
39218 5500.58300781
39261 5497.75634766
39315 5496.31445312
39368 5492.95556641
39428 5491.43554688
39488 5488.08691406
39548 5484.93505859
39608 5481.39892578
39669 5477.78125
39729 5476.00878906
39789 5474.67285156
39849 5471.50830078
39909 5468.45751953
39969 5463.95117188
40029 5460.81005859
40089 5457.55029297
40141 5454.64990234
40170 5453.24121094
40208 5450.63085938
40260 5448.43505859
40290 5446.32226562
40305 5444.39013672
40342 5443.06933594
40403 5440.64404297
40463 5438.87060547
40523 5435.11914062
40583 5433.67822266
40643 5432.56054688
40703 5429.79101562
40763 5424.61865234
40823 5420.37207031
40884 5418.93554688
40944 5415.68017578
41004 5411.87939453
41064 5409.1875
41124 5406.25830078
41184 5403.25878906
41244 5401.38916016
41304 5398.06445312
41363 5395.10791016
41412 5391.93603516
41462 5390.72070312
41522 5386.72070312
41582 5383.3671875
41642 5381.56933594
41702 5376.39208984
41762 5373.90136719
41822 5371.35839844
41878 5370.03857422
41933 5368.77050781
41994 5364.83056641
42054 5360.73291016
42114 5357.83740234
42174 5355.83984375
42234 5352.11816406
42294 5348.56152344
42354 5346.56152344
42415 5344.29638672
42475 5341.24951172
42535 5338.7578125
42595 5335.61669922
42655 5332.4453125
42715 5330.54443359
42775 5326.671875
42835 5322.72509766
42896 5321.88378906
42956 5319.22949219
43016 5317.42724609
43076 5312.47998047
43136 5310.56884766
43196 5307.86376953
43232 5306.95800781
43267 5303.88916016
43327 5300.98828125
43388 5296.87402344
43448 5292.41455078
43508 5291.61816406
43568 5287.93701172
43628 5286.79833984
43688 5283.58447266
43748 5279.56738281
43808 5276.63818359
43868 5275.24902344
43928 5271.95800781
43989 5269.41357422
44049 5265.99072266
44109 5262.82861328
44169 5259.62890625
44229 5256.68603516
44276 5255.5703125
44323 5252.35839844
44383 5250.65380859
44443 5247.65820312
44503 5243.40917969
44563 5240.22558594
44624 5236.86962891
44684 5234.09521484
44744 5233.52441406
44804 5231.19287109
44864 5227.22558594
44924 5223.49365234
44984 5221.45019531
45045 5218.36914062
45105 5216.06347656
45165 5213.12988281
45225 5209.40625
45285 5207.22900391
45345 5203.98535156
45405 5201.87451172
45465 5200.88623047
45526 5197.60693359
45586 5192.36669922
45646 5188.72900391
45706 5187.41357422
45766 5183.62304688
45826 5181.62548828
45886 5177.03808594
45947 5175.55175781
46007 5173.89794922
46067 5171.45507812
46127 5167.96191406
46187 5163.88671875
46232 5162.20605469
46278 5159.04589844
46338 5157.53466797
46398 5153.38525391
46458 5151.12890625
46518 5148.22119141
46578 5145.59912109
46638 5142.89892578
46699 5140.23925781
46759 5137.98779297
46819 5134.38574219
46879 5131.51367188
46939 5128.98828125
46999 5124.83398438
47059 5124.78662109
47119 5121.7109375
47180 5118.37841797
47300 5115.76855469
47360 5109.859375
47420 5108.47753906
47480 5105.42382812
47540 5101.79882812
47600 5098.10107422
47660 5095.57666016
47781 5091.12695312
47841 5089.77636719
47901 5087.20166016
47961 5085.05419922
48021 5080.74121094
48081 5077.99560547
48117 5076.38818359
48152 5074.78125
48212 5072.19238281
48272 5069.94482422
48332 5066.76367188
48392 5062.51318359
48452 5060.65136719
48512 5058.09863281
48573 5055.33398438
48633 5052.37841797
48693 5050.07177734
48753 5046.57861328
48813 5043.66699219
48873 5042.76416016
48932 5040.4921875
48991 5036.38720703
49051 5034.56152344
49381 5018.83349609
49441 5015.33886719
49501 5011.61328125
49562 5011.24511719
49622 5009.34570312
49682 5005.87304688
49742 5002.26123047
49802 4998.67675781
49862 4996.01464844
49922 4995.57958984
49982 4992.60449219
50043 4988.18994141
50103 4986.21044922
50163 4984.61816406
50223 4982.70996094
50283 4978.73339844
50343 4974.55322266
50403 4972.18945312
50463 4971.91357422
50524 4969.41357422
50584 4966.15234375
50644 4962.953125
50704 4961.48583984
50764 4958.10449219
50884 4954.64013672
50944 4950.30712891
51005 4947.92578125
51065 4946.33984375
51125 4942.56689453
51185 4939.75
51220 4938.10595703
51255 4936.46191406
51315 4932.62597656
51375 4929.33740234
51436 4928.00097656
51496 4925.18896484
51556 4922.82861328
51616 4919.64550781
51676 4916.57373047
51736 4915.51416016
51796 4913.45898438
51856 4908.61279297
51916 4907.00439453
51977 4903.61328125
52066 4901.68212891
52104 4898.97509766
52164 4896.69287109
52224 4892.81494141
52284 4887.23583984
52344 4887.09619141
52404 4886.75048828
52464 4884.16015625
52524 4879.27587891
52585 4877.12646484
52645 4874.6015625
52705 4871.78564453
52765 4869.34375
52825 4865.89208984
52885 4863.95166016
52945 4860.29492188
53005 4858.55712891
53066 4856.02734375
53126 4853.79492188
53186 4850.43164062
53247 4846.91210938
53307 4844.68017578
53368 4842.95019531
53428 4841.42333984
53489 4839.52636719
53549 4835.79541016
53610 4832.87548828
53671 4831.34130859
53731 4828.64746094
53792 4826.03320312
53852 4822.46826172
53913 4818.34619141
53973 4817.10693359
54034 4812.11132812
54094 4809.42675781
54155 4805.40039062
54215 4802.42919922
54276 4799.78027344
54337 4797.41992188
54397 4794.22167969
54458 4791.70605469
54518 4788.98583984
54579 4785.02099609
54639 4783.77587891
54700 4780.34667969
54760 4778.05957031
54821 4776.09765625
54881 4773.42382812
54942 4771.35693359
55003 4768.33496094
55063 4765.63330078
55124 4761.52294922
55184 4761.16064453
55245 4759.04833984
55305 4754.56054688
55366 4752.12304688
55426 4749.98730469
55487 4747.01416016
55547 4743.86767578
55608 4742.16845703
55668 4739.8359375
55729 4736.54199219
55789 4732.48486328
55849 4730.85693359
55909 4729.07275391
55969 4726.56005859
56029 4724.66552734
56089 4722.90039062
56149 4720.21386719
56210 4719.08984375
56259 4716.19970703
56308 4713.76123047
56368 4712.26074219
56428 4709.85351562
56489 4706.68017578
56549 4704.14746094
56609 4701.52294922
56696 4699.29296875
56733 4696.95214844
56793 4694.66064453
56854 4691.14257812
56902 4689.53417969
56951 4688.09033203
57011 4685.05712891
57046 4683.29296875
57081 4681.52832031
57141 4679.30029297
57201 4679.19042969
57261 4676.72802734
57321 4673.13134766
57382 4670.85693359
57442 4668.47949219
57502 4666.59863281
57562 4662.90527344
57622 4659.83154297
57682 4659.47851562
57742 4655.25244141
57802 4653.05908203
57863 4650.75439453
57923 4648.51367188
57983 4646.50341797
58043 4645.24755859
58103 4642.79248047
58163 4639.10253906
58223 4635.67333984
58283 4634.72460938
58343 4630.79882812
58404 4627.39794922
58464 4627.27783203
58524 4625.13720703
58584 4624.12304688
58644 4620.83544922
58704 4617.02197266
58764 4615.20849609
58824 4613.03222656
58885 4609.52392578
58945 4605.99072266
59005 4602.70703125
59065 4601.12207031
59125 4599.66503906
59185 4595.71044922
59305 4592.80322266
59365 4589.78222656
59426 4587.61621094
59486 4585.03759766
59546 4583.03808594
59606 4581.07275391
59666 4578.33984375
59726 4576.14794922
59786 4573.55273438
59846 4571.78466797
59907 4569.69238281
59967 4567.01855469
60027 4565.52929688
60087 4563.06445312
60147 4559.65966797
60207 4558.29199219
60267 4556.03466797
60328 4552.63134766
60388 4551.60742188
60448 4548.99365234
60508 4547.140625
60568 4543.32080078
60628 4541.65087891
60688 4539.62939453
60749 4537.3828125
60809 4535.02832031
60869 4532.53955078
60929 4531.11962891
60989 4528.33203125
61049 4527.14794922
61109 4523.65283203
61169 4521.3828125
61230 4519.1875
61290 4516.10009766
61350 4515.02294922
61410 4512.29345703
61470 4511.09667969
61530 4508.61279297
61590 4505.06933594
61650 4501.92822266
61711 4500.03857422
61771 4498.89111328
61831 4496.41943359
61891 4495.03271484
61951 4492.54394531
62011 4491.02832031
62071 4488.54248047
62131 4484.93017578
62192 4481.33398438
62252 4479.74853516
62372 4477.97509766
62432 4474.47900391
62492 4471.15234375
62552 4469.58935547
62612 4469.0
62672 4465.71435547
62733 4463.71435547
62793 4461.41796875
62853 4459.57128906
62913 4456.43212891
62973 4454.05517578
63033 4452.39257812
63093 4449.56396484
63153 4447.32861328
63214 4444.79931641
63274 4441.63671875
63334 4440.83105469
63394 4439.62255859
63454 4437.4609375
63514 4434.23242188
63574 4431.06738281
63634 4428.93603516
63694 4427.08642578
63755 4424.53662109
63815 4422.13867188
63875 4419.56054688
63935 4416.57226562
63995 4414.08691406
64055 4411.75439453
64115 4408.83154297
64176 4407.85107422
64236 4405.53271484
64296 4401.45263672
64356 4398.33056641
64416 4396.51220703
64476 4396.20947266
64536 4393.87890625
64597 4390.82714844
64657 4388.46240234
64717 4384.29882812
64777 4380.30371094
64837 4379.15429688
64894 4376.83007812
64951 4374.59228516
65011 4373.56835938
65071 4369.78955078
65131 4369.62060547
65191 4365.67675781
65251 4363.57763672
65311 4362.24951172
65372 4359.73779297
65432 4356.36425781
65492 4356.01513672
65552 4353.46289062
65612 4349.66699219
65672 4349.42773438
65732 4343.77001953
65792 4341.72949219
65853 4337.79003906
65913 4335.8515625
65973 4334.15380859
66093 4332.46630859
66144 4329.20019531
66173 4328.31982422
66210 4327.29980469
66270 4326.26806641
66330 4323.48583984
66390 4318.25390625
66451 4317.30322266
66751 4316.4609375
66811 4313.94433594
66871 4311.96435547
66931 4309.63574219
66992 4307.19873047
67052 4305.13037109
67112 4303.46728516
67172 4301.41845703
67232 4299.67480469
67292 4297.31591797
67352 4295.171875
67413 4292.66601562
67473 4290.50878906
67533 4289.65039062
67593 4287.60888672
67653 4284.21630859
67713 4282.40234375
67773 4280.94580078
67833 4277.30859375
67893 4274.28027344
67953 4272.22412109
68014 4270.31347656
68074 4268.71533203
68134 4266.89355469
68194 4264.83251953
68254 4262.203125
68314 4261.91894531
68374 4258.09423828
68434 4255.328125
68494 4253.31298828
68555 4250.98388672
68615 4250.24951172
68675 4249.17041016
68735 4246.20800781
68795 4243.92480469
68855 4242.11669922
68915 4240.33984375
68975 4238.31787109
69010 4237.13818359
69046 4235.95410156
69106 4233.62597656
69166 4231.38085938
69226 4229.4296875
69286 4225.82714844
69346 4222.46337891
69406 4222.17089844
69467 4220.72265625
69527 4219.34521484
69587 4217.40380859
69647 4216.0390625
69707 4213.43359375
69767 4210.40966797
69827 4208.04785156
69888 4205.60107422
69948 4203.28955078
70008 4201.73925781
70068 4200.17822266
70128 4197.93994141
70188 4195.38427734
70248 4193.58544922
70308 4191.08251953
70368 4188.67724609
70429 4186.19433594
70489 4184.38916016
70549 4182.79785156
70609 4180.24511719
70669 4178.50097656
70732 4177.03857422
70770 4176.29101562
70830 4173.46728516
70890 4171.16601562
70950 4169.35400391
71010 4167.65625
71070 4164.98095703
71130 4163.05908203
71191 4161.09082031
71251 4159.99414062
71311 4156.04541016
71371 4155.64599609
71431 4153.60058594
71491 4151.86035156
71551 4150.18359375
71612 4148.15185547
71672 4146.22705078
71732 4143.09082031
71792 4141.43994141
71852 4139.61767578
71912 4137.37890625
71972 4134.87304688
72032 4132.53710938
72092 4130.3828125
72153 4129.01904297
72213 4127.77294922
72273 4125.14160156
72333 4123.13134766
72393 4120.78320312
72453 4118.56396484
72513 4116.81787109
72574 4114.35742188
72634 4112.61230469
72694 4110.28173828
72754 4107.95751953
72814 4106.49072266
72874 4104.03222656
72934 4102.44824219
72994 4100.08837891
73055 4098.33984375
73115 4096.59423828
73175 4093.50195312
73235 4092.046875
73284 4090.72753906
73333 4088.58007812
73393 4087.10449219
73428 4086.24487305
73455 4085.58935547
73506 4083.8293457
73566 4080.89892578
73627 4078.28295898
73685 4077.18725586
73743 4074.57666016
73863 4072.72119141
73923 4070.04614258
73983 4067.99414062
74043 4065.76269531
74104 4063.63671875
74152 4062.05737305
74201 4059.20410156
74261 4056.9934082
74322 4055.90380859
74382 4054.73120117
74442 4053.1784668
74502 4051.53540039
74562 4048.94335938
74622 4046.66137695
74682 4043.64672852
74742 4041.84155273
74803 4040.12084961
74863 4037.67358398
74923 4036.1887207
74983 4034.18676758
75043 4032.83398438
75103 4031.16601562
75163 4030.19360352
75223 4027.03588867
75284 4024.48681641
75404 4023.56347656
75464 4019.59423828
75524 4016.97827148
75584 4015.03637695
75644 4013.3828125
75704 4011.78076172
75764 4008.4440918
75824 4006.6328125
75885 4005.32006836
75945 4004.19775391
76005 4001.9831543
76065 3997.85717773
76125 3997.57714844
76185 3995.44091797
76245 3994.30224609
76305 3991.64160156
76366 3989.30712891
76426 3987.34326172
76486 3984.90722656
76546 3982.22875977
76606 3981.31958008
76666 3979.11083984
76726 3977.98046875
76786 3976.08666992
76847 3973.66357422
76907 3971.04174805
76967 3968.79833984
77027 3966.88183594
77087 3965.75268555
77147 3964.04052734
77207 3961.23144531
77268 3958.74926758
77328 3956.66430664
77448 3953.74658203
77508 3950.79052734
77568 3948.69262695
77628 3947.57470703
77688 3945.47827148
77809 3942.49536133
77989 3943.05029297
78049 3938.36645508
78109 3935.29785156
78169 3933.89111328
78229 3931.13623047
78290 3928.8815918
78350 3928.10742188
78410 3925.09375
78470 3924.26831055
78530 3922.81152344
78590 3920.89770508
78650 3918.54052734
78710 3917.2253418
78771 3915.93115234
78831 3911.85668945
78891 3911.69384766
78951 3909.41552734
79011 3907.72314453
79071 3905.74536133
79132 3904.65722656
79192 3902.43505859
79252 3900.26855469
79312 3897.45385742
79372 3895.94360352
79432 3893.00830078
79492 3892.69604492
79552 3891.50854492
79612 3888.88842773
79673 3888.0871582
79733 3885.43701172
79793 3883.18164062
79853 3881.5769043
79913 3880.23291016
79973 3879.35229492
80033 3876.75756836
80093 3874.65600586
80154 3873.60668945
80214 3871.77075195
80274 3869.78979492
80334 3869.49023438
