0 9311.34863281
60 9302.86816406
245 9263.625
261 9262.8359375
449 9198.46386719
487 9192.21191406
607 9170.12011719
847 9098.08203125
968 9077.18261719
1028 9072.26757812
1132 9045.75976562
1228 9019.49609375
1346 8993.54589844
1388 8993.296875
1406 8987.95898438
1443 8982.04589844
1744 8909.40625
1804 8907.1484375
2286 9010.13476562
2346 9008.55273438
2589 8968.00878906
2649 8960.9453125
2770 8944.16308594
2891 8925.49707031
2996 8911.50097656
3046 8904.40429688
3107 8896.51269531
3167 8888.52734375
3204 8883.15332031
3231 8877.69921875
3281 8871.96484375
3341 8866.28417969
3495 8844.55273438
3555 8837.82519531
3675 8820.07910156
3795 8803.12695312
3855 8795.09863281
4096 8756.0078125
4141 8752.2265625
5499 8417.85839844
5540 8410.47070312
5591 8403.78515625
5711 8387.10351562
5772 8380.40820312
5832 8373.07128906
5952 8360.29003906
6012 8354.33300781
6072 8346.97167969
6132 8338.69628906
6192 8332.29003906
6253 8324.50878906
6373 8307.39453125
6512 8292.09472656
6572 8287.27050781
6684 8272.13867188
6736 8266.82226562
6856 8249.03027344
6977 8231.3359375
7037 8226.30371094
7097 8217.80566406
7217 8205.67675781
7277 8205.37695312
7337 8200.15429688
7397 8197.07617188
7578 8170.33105469
7638 8165.90234375
7698 8158.0703125
7758 8153.69970703
7818 8145.61767578
7939 8126.42529297
7999 8124.35644531
8059 8121.84570312
8119 8115.50830078
8239 8099.53222656
8299 8097.36035156
8480 8073.74511719
8540 8067.69433594
8600 8060.26953125
8720 8047.203125
8780 8041.47802734
8840 8039.18554688
8901 8033.50048828
8961 8025.13232422
9081 8008.04199219
9141 8002.65429688
9201 7995.16455078
9261 7989.66503906
9321 7988.28417969
9382 7982.57763672
9442 7978.69287109
9502 7970.97119141
9562 7963.85888672
9682 7952.06689453
9742 7948.75195312
9802 7943.72460938
9863 7935.53173828
9923 7928.75244141
9983 7923.59277344
10043 7918.84375
10103 7912.53320312
10432 7891.99951172
10492 7890.54003906
10552 7882.44628906
10613 7873.77734375
10673 7869.16650391
10733 7863.67285156
10793 7859.25341797
10853 7853.43554688
10913 7848.02099609
10973 7842.20703125
11033 7834.03759766
11093 7826.81787109
11154 7823.76269531
11214 7817.07617188
11274 7813.62060547
11394 7799.37890625
11454 7795.56542969
11514 7787.7734375
11574 7782.83447266
11634 7778.37011719
11695 7773.59375
11755 7766.90917969
11815 7760.23925781
11875 7755.92236328
11935 7748.64160156
11995 7743.67382812
12055 7736.81591797
12116 7733.15332031
12176 7726.55126953
12236 7722.00048828
12296 7715.35107422
12356 7710.53271484
12416 7707.52734375
12476 7699.91210938
12536 7694.99511719
12596 7688.72998047
12657 7682.18164062
12777 7666.83935547
12837 7663.48535156
12897 7660.18505859
12957 7654.28466797
13017 7648.57373047
13077 7642.57910156
13137 7637.32568359
13198 7632.07910156
13258 7626.39453125
13318 7622.19384766
13378 7614.22705078
13438 7609.49023438
13498 7602.41162109
13558 7597.875
13619 7591.92578125
13679 7587.69677734
13739 7580.07763672
13799 7573.38183594
13859 7568.65332031
13919 7564.39794922
13979 7559.41845703
14100 7542.18701172
14160 7537.39892578
14220 7536.04736328
14280 7529.61474609
14340 7524.10888672
14400 7518.41064453
14460 7513.12744141
14520 7509.10791016
14934 7476.98144531
14987 7473.58105469
15047 7467.75488281
15107 7460.23388672
15167 7453.58837891
15227 7447.48876953
15287 7443.65576172
15347 7439.20898438
15408 7433.08496094
15468 7429.54833984
15528 7424.25244141
15588 7418.09375
15648 7412.97900391
15708 7408.71679688
15768 7403.03515625
15828 7398.85693359
15888 7391.57714844
15949 7386.99511719
16009 7382.98291016
16069 7378.25976562
16129 7371.66894531
16189 7364.91699219
16249 7359.66064453
16309 7354.83544922
16370 7350.87744141
16430 7345.44970703
16490 7340.69384766
16535 7337.59570312
16580 7333.97607422
16640 7328.83398438
16700 7323.36865234
16760 7316.75585938
16821 7312.06982422
16881 7306.39501953
16941 7298.76953125
17001 7291.94433594
17061 7288.82177734
17121 7283.42138672
17181 7277.16552734
17242 7274.04296875
17302 7270.21826172
17362 7264.8203125
17422 7259.66845703
17482 7254.01318359
17542 7246.58496094
17602 7244.17041016
17663 7239.49462891
17723 7231.640625
17783 7230.84667969
17843 7223.13769531
17903 7218.56982422
17963 7215.37792969
18023 7210.63330078
18083 7207.16943359
18204 7195.45605469
18264 7192.02050781
18324 7184.89892578
18384 7179.86914062
18444 7176.18017578
18504 7170.62988281
18564 7163.59472656
18624 7157.66015625
18685 7154.46972656
18745 7148.44824219
18805 7147.421875
18865 7141.22265625
18900 7137.60595703
18911 7136.41943359
18948 7136.00048828
19008 7130.63720703
19068 7124.83837891
19128 7120.12841797
19189 7114.70947266
19249 7110.63232422
19309 7107.11328125
19730 7063.84130859
19790 7061.51708984
19850 7059.84765625
19910 7056.55859375
19970 7050.02587891
20030 7043.09765625
20091 7041.69091797
20151 7034.27392578
20211 7030.24755859
20271 7021.765625
20331 7015.44775391
20391 7010.31542969
20451 7004.44335938
20511 6999.40771484
20571 6994.37353516
20623 6991.22607422
20674 6986.89599609
20734 6984.85449219
20855 6970.31542969
20915 6965.33056641
20975 6962.125
21035 6954.89941406
21095 6951.17089844
21155 6948.19873047
21276 6944.09082031
21316 6936.93115234
21348 6932.2890625
21383 6931.98876953
21428 6926.63085938
21470 6926.11132812
21511 6918.11132812
21571 6910.28613281
21631 6906.90917969
21691 6901.49804688
21751 6895.99462891
21811 6890.45361328
21871 6886.08105469
21932 6882.56298828
21992 6876.93652344
22052 6868.81103516
22112 6865.85351562
22172 6860.06005859
22232 6857.39990234
22473 6839.24951172
22533 6835.73681641
22593 6832.92431641
22653 6827.12744141
22713 6822.30566406
22773 6817.85839844
22834 6813.20898438
22894 6810.42285156
22954 6804.00585938
23014 6800.68457031
23074 6794.18017578
23134 6791.28076172
23194 6786.61523438
23254 6784.12011719
23435 6767.10449219
23495 6766.38183594
23555 6758.8984375
23615 6754.54248047
23675 6753.91894531
23735 6749.58007812
23796 6746.86083984
23856 6745.77929688
23916 6745.29980469
23976 6738.9140625
24036 6733.55566406
24096 6726.15429688
24156 6718.37792969
24217 6714.98730469
24337 6698.37109375
24397 6694.53271484
24517 6689.41601562
24578 6687.91796875
24638 6682.59179688
24758 6674.26416016
24818 6667.06591797
24878 6663.96972656
24938 6659.48193359
24998 6655.63330078
25058 6651.59326172
25119 6646.43212891
25239 6639.93701172
25299 6631.30273438
25660 6632.52148438
25720 6626.83154297
25780 6623.86376953
25840 6617.97070312
25900 6615.41259766
25960 6609.80615234
26020 6604.40966797
26080 6600.30175781
26141 6596.34814453
26201 6590.3203125
26261 6588.18359375
26321 6584.39599609
26381 6580.16943359
26441 6574.93408203
26501 6571.71191406
26561 6567.20166016
26622 6560.11425781
26682 6556.50439453
26717 6554.39794922
26752 6552.27490234
26813 6546.45507812
26873 6544.12207031
26933 6540.18798828
26993 6536.76123047
27053 6533.09960938
27114 6528.67333984
27174 6524.03027344
27234 6522.37353516
27295 6517.54785156
27355 6515.70410156
27415 6509.00488281
27475 6502.53417969
27535 6498.5234375
27595 6492.40820312
27656 6489.93945312
27716 6485.62402344
27776 6482.4453125
27837 6479.10888672
27898 6473.10009766
27958 6470.25195312
28019 6465.45458984
28079 6461.43896484
28140 6458.06347656
28200 6452.76953125
28261 6446.38134766
28321 6443.84619141
28382 6440.66796875
28442 6436.1484375
28503 6432.36621094
28563 6427.53955078
28623 6423.84033203
28684 6421.30712891
28744 6416.75537109
28805 6411.97753906
28866 6407.52783203
28926 6403.91455078
28987 6400.35888672
29047 6396.32421875
29108 6392.28564453
29168 6387.36962891
29229 6382.73974609
29289 6380.19482422
29349 6377.33691406
29410 6373.50292969
29470 6368.65869141
29530 6364.81689453
29590 6360.68945312
29650 6355.64306641
29710 6352.7734375
29770 6348.65283203
29830 6343.94921875
29891 6340.81738281
29936 6338.56494141
29973 6334.64746094
30025 6331.32714844
30085 6327.69335938
30145 6323.75488281
30205 6320.26074219
30265 6314.53320312
30326 6308.74707031
30386 6303.97753906
30446 6303.03662109
30506 6301.64208984
30566 6296.79882812
30626 6291.85351562
30686 6288.60742188
30746 6286.83496094
30807 6281.87744141
30867 6274.12890625
30927 6271.02929688
30987 6269.88427734
31047 6266.47753906
31107 6263.20751953
31167 6259.92822266
31227 6255.98730469
31288 6252.16308594
31348 6244.20507812
31408 6242.1171875
31468 6239.35253906
31528 6236.66552734
31581 6233.34619141
31610 6232.07763672
31624 6231.00390625
31650 6229.19482422
31680 6226.41259766
31721 6224.37744141
31781 6220.58056641
31841 6215.73388672
31901 6210.52539062
31961 6209.85644531
32021 6206.79199219
32082 6203.14111328
32142 6200.18066406
32202 6194.79833984
32237 6191.64892578
32247 6190.74121094
32282 6187.23535156
32342 6184.96142578
32402 6181.54150391
32463 6177.42724609
32502 6174.66357422
32542 6172.88476562
32602 6168.05859375
32662 6164.84960938
32722 6160.09082031
32782 6157.93701172
32842 6152.38818359
32902 6147.921875
32962 6145.33300781
33263 6128.85205078
33323 6124.01318359
33383 6119.70117188
33443 6116.62109375
33503 6112.32470703
33564 6107.99511719
33624 6104.87744141
33675 6099.69287109
33726 6095.89648438
33787 6094.18603516
33847 6090.35253906
33907 6086.83691406
33967 6081.80859375
34027 6077.41015625
34087 6072.58349609
34147 6071.46484375
34208 6068.30419922
34268 6064.78466797
34328 6059.41650391
34388 6054.96191406
34448 6052.67773438
34508 6050.12011719
34568 6044.61181641
34628 6040.46679688
34689 6036.06298828
34749 6031.59619141
34809 6028.77880859
34869 6025.78027344
34929 6023.65820312
34989 6019.95117188
35049 6014.81396484
35109 6012.22900391
35170 6006.61230469
35230 6003.23339844
35290 6000.2109375
35350 5995.87988281
35410 5990.81201172
35470 5986.70703125
35530 5983.74072266
35590 5980.20214844
35651 5975.23779297
35711 5974.59130859
35771 5970.73388672
35831 5967.28222656
35891 5964.33642578
35951 5960.30761719
36011 5955.27783203
36071 5950.78662109
36132 5947.54882812
36192 5945.36425781
36252 5941.68017578
36312 5939.59521484
36372 5937.23583984
36432 5932.89697266
36492 5927.42431641
36552 5922.44628906
36613 5921.53417969
36673 5917.51318359
36733 5914.93066406
36793 5910.63671875
36853 5906.23974609
36913 5901.42871094
36973 5898.45800781
37033 5895.24462891
37094 5892.9765625
37154 5888.45947266
37214 5886.30175781
37274 5883.07128906
37334 5877.7578125
37394 5875.07275391
37454 5871.49951172
37515 5868.51074219
37575 5864.95214844
37635 5862.16796875
37695 5859.79882812
37755 5855.86621094
37815 5851.45996094
37875 5846.02441406
37935 5842.55566406
37996 5838.90429688
38056 5835.34375
38116 5834.7109375
38176 5831.45605469
38236 5827.31542969
38296 5823.77832031
38356 5819.453125
38417 5816.54296875
38477 5812.74658203
38537 5809.0546875
38597 5806.82128906
38657 5803.28759766
38717 5799.79931641
38777 5796.34130859
38837 5792.76123047
38897 5790.0234375
38958 5786.60839844
39018 5781.63232422
39078 5779.18701172
39138 5776.76464844
39198 5769.34912109
39258 5766.90234375
39318 5762.19140625
39379 5759.05908203
39439 5754.13183594
39499 5750.3671875
39559 5749.11279297
39920 5732.96191406
39980 5730.15283203
40040 5725.09814453
40100 5722.7890625
40281 5723.30712891
40341 5716.25097656
40401 5712.16796875
40461 5707.67431641
40521 5704.68945312
40581 5701.98632812
40641 5697.97851562
40702 5696.81201172
40762 5692.55224609
40822 5688.61474609
40882 5685.47167969
40942 5680.04248047
41002 5677.53271484
41062 5673.72216797
41122 5671.63085938
41183 5668.3828125
41303 5660.66845703
41363 5657.48535156
41423 5655.58691406
41483 5651.33496094
41543 5646.45996094
41603 5643.953125
41664 5638.859375
41724 5637.09179688
41767 5636.02685547
41811 5633.375
41871 5629.66064453
41932 5624.39697266
41987 5621.32666016
42042 5617.60009766
42102 5612.32080078
42162 5610.58398438
42222 5608.61572266
42282 5605.28320312
42342 5600.37060547
42402 5596.71728516
42463 5593.84912109
42523 5591.33154297
42583 5587.49609375
42643 5585.06591797
42703 5581.1171875
42763 5578.56298828
42823 5576.46289062
42883 5572.01025391
42944 5568.15429688
43004 5566.921875
43064 5563.59326172
43124 5559.69970703
43184 5556.390625
43244 5553.11523438
43304 5549.18652344
43365 5547.21826172
43425 5542.53515625
43485 5539.26416016
43545 5537.07714844
43605 5533.56542969
43665 5530.41308594
43725 5526.54394531
43785 5523.67089844
43846 5520.78808594
43906 5516.88232422
43966 5515.62402344
44026 5511.40234375
44086 5509.43164062
44146 5506.74072266
44206 5501.03857422
44267 5496.99169922
44327 5492.50732422
44387 5489.92578125
44447 5487.83984375
44507 5484.37353516
44567 5481.74804688
44627 5478.6484375
44687 5476.11230469
44748 5469.20605469
44808 5465.88085938
44868 5464.48339844
44928 5462.91308594
44988 5461.70458984
45048 5456.69726562
45108 5452.91162109
45168 5449.2578125
45229 5445.15234375
45289 5441.78320312
45349 5438.75878906
45409 5435.88085938
45469 5433.95458984
45529 5430.07421875
45589 5424.48583984
45650 5422.44775391
45710 5420.04443359
45770 5418.39355469
45830 5415.58789062
45890 5411.36230469
45950 5405.69775391
46010 5402.73876953
46071 5399.97119141
46131 5398.30371094
46191 5393.38427734
46251 5389.68164062
46311 5387.55810547
46371 5383.64257812
46431 5379.64794922
46491 5378.68603516
46552 5371.81152344
46612 5368.36523438
46672 5367.08154297
46732 5361.82617188
46852 5359.21875
46912 5355.83740234
46973 5352.56298828
47033 5349.02099609
47093 5343.14501953
47213 5340.70751953
47273 5336.97607422
47333 5333.03466797
47393 5329.47314453
47454 5323.75878906
47514 5320.98779297
47574 5317.90478516
47634 5314.20361328
47694 5311.51757812
47754 5307.7421875
47814 5305.20556641
47874 5303.07373047
47935 5300.37255859
47995 5295.33105469
48055 5291.41064453
48115 5286.65185547
48175 5282.96582031
48235 5279.01318359
48295 5275.1953125
48355 5270.77392578
48416 5269.28222656
48476 5263.72363281
48536 5262.90380859
48596 5257.21533203
48656 5255.45800781
48716 5252.53466797
48776 5250.6796875
48836 5247.6171875
48957 5242.42626953
49005 5238.81298828
49052 5237.82275391
49087 5237.09619141
49122 5236.36914062
49243 5230.859375
49303 5227.8671875
49363 5221.16113281
49423 5218.61962891
49483 5214.30078125
49543 5208.79931641
49603 5207.75585938
49663 5205.40771484
49724 5202.88378906
49784 5200.0859375
49844 5196.75244141
49904 5193.73193359
49964 5192.79003906
50025 5187.29492188
50085 5185.57470703
50308 5189.24609375
50369 5188.37207031
50429 5185.38623047
50489 5182.59814453
50549 5179.54833984
50609 5176.64746094
50669 5173.69091797
50730 5170.94091797
50790 5167.28613281
50850 5163.92626953
50910 5161.06884766
50970 5159.13720703
51030 5154.41113281
51090 5150.984375
51184 5147.35791016
51244 5145.23388672
51304 5143.14794922
51364 5139.60595703
51424 5135.67138672
51484 5133.51513672
51544 5129.78417969
51605 5126.85693359
51665 5123.67089844
51725 5122.23144531
51785 5118.64404297
51845 5115.31445312
51905 5112.21777344
51965 5109.05419922
52026 5105.93017578
52086 5103.24804688
52146 5100.35839844
52206 5095.88183594
52266 5093.56689453
52326 5089.88232422
52386 5087.57763672
52446 5084.60498047
52506 5081.21435547
52567 5077.75537109
52627 5073.18212891
52687 5070.18505859
52747 5069.39404297
52807 5067.60351562
52867 5064.75
52927 5061.11816406
52988 5054.52734375
53048 5053.06689453
53108 5048.89404297
53168 5045.24365234
53228 5044.52148438
53282 5042.14306641
53333 5039.04492188
53391 5036.53466797
53451 5033.82080078
53511 5031.78955078
53571 5028.04345703
53631 5025.35986328
53691 5022.53027344
53751 5019.77783203
53812 5016.81787109
53872 5014.13085938
53932 5009.31884766
53992 5007.50097656
54052 5005.31445312
54112 5003.1171875
54172 4999.80322266
54225 4997.40625
54263 4996.43847656
54309 4993.36669922
54369 4988.02050781
54490 4986.12548828
54550 4983.18359375
54610 4981.60546875
54670 4978.24853516
54730 4974.38183594
54790 4971.71923828
54850 4969.31103516
54911 4964.86376953
55031 4960.27636719
55091 4957.61816406
55151 4954.33251953
55211 4951.48144531
55271 4949.44189453
55331 4946.67919922
55392 4944.63964844
55452 4941.43798828
55512 4939.33447266
55572 4935.46630859
55632 4934.63427734
55752 4927.78857422
55812 4924.23046875
55872 4920.85498047
55933 4917.79638672
55993 4916.66845703
56053 4910.93554688
56113 4909.57275391
56173 4904.88476562
56233 4902.32275391
56293 4896.56005859
56353 4896.43798828
56474 4896.69873047
56534 4894.87792969
56594 4892.23046875
56654 4888.48095703
56714 4887.03808594
56774 4884.29199219
56834 4882.27587891
56894 4877.81005859
57015 4874.30517578
57075 4871.60253906
57135 4867.35107422
57195 4865.39453125
57255 4864.17138672
57315 4860.3828125
57376 4857.84033203
57436 4854.74072266
57496 4852.65332031
57556 4850.46289062
57616 4845.31152344
57676 4844.63818359
57736 4841.890625
57796 4839.02783203
57857 4835.9140625
57917 4832.62353516
57977 4831.07958984
58037 4828.75683594
58097 4825.13427734
58157 4822.86376953
58217 4819.93359375
58278 4816.86181641
58338 4814.67089844
58398 4811.55224609
58458 4809.40234375
58518 4806.38525391
58578 4805.18408203
58638 4801.70117188
58698 4798.55517578
58758 4795.40136719
58819 4794.21386719
58879 4791.828125
58939 4790.1796875
58999 4787.25
59059 4782.2421875
59119 4781.28515625
59179 4778.79589844
59236 4776.37060547
59293 4773.41943359
59328 4771.6015625
59363 4769.77978516
59423 4767.32910156
59484 4764.59277344
59544 4762.14990234
59604 4759.98632812
59664 4756.51513672
59724 4753.48291016
59784 4749.76318359
59844 4748.58544922
59882 4747.21923828
59920 4744.8828125
59981 4742.29394531
60041 4740.57763672
60077 4738.03564453
60114 4736.87695312
60174 4734.59863281
60234 4732.44970703
60294 4728.83740234
60355 4728.10351562
60415 4726.37451172
60475 4721.16699219
60535 4717.98828125
60588 4717.49707031
60641 4715.20507812
60685 4714.00634766
60727 4711.35986328
60785 4706.85205078
60845 4705.01660156
60906 4704.08398438
60965 4701.43505859
61023 4699.06884766
61082 4696.76123047
61142 4693.67333984
61202 4690.30371094
61262 4688.63037109
61322 4684.64746094
61382 4682.70751953
61442 4681.11425781
61503 4676.40820312
61563 4674.01269531
61623 4670.2421875
61683 4667.74121094
61743 4664.85205078
61803 4662.08935547
61863 4659.99511719
61923 4655.23730469
61984 4652.18310547
62044 4649.63769531
62104 4648.83544922
62164 4647.45849609
62224 4643.56591797
62284 4641.05664062
62344 4638.03808594
62404 4635.97753906
62464 4632.14550781
62525 4632.0625
62585 4628.55615234
62645 4626.58447266
62705 4623.37841797
62765 4620.36425781
62825 4618.45410156
62885 4616.89697266
62946 4615.66455078
63006 4611.81054688
63066 4608.73046875
63126 4606.68164062
63186 4603.24121094
63246 4599.22216797
63306 4598.70117188
63366 4593.24609375
63487 4592.57861328
63547 4589.53564453
63667 4586.56787109
63727 4581.16064453
63847 4577.79101562
63908 4574.87646484
63968 4571.4453125
64003 4569.44287109
64098 4567.95019531
64158 4561.86279297
64218 4560.19287109
64278 4559.47363281
64338 4554.9609375
64398 4550.79248047
64459 4550.5234375
64519 4549.72509766
64579 4545.65771484
64639 4543.72509766
64699 4543.41308594
64759 4540.52929688
64819 4536.50292969
64879 4535.56347656
64940 4533.03710938
65000 4531.76660156
65060 4528.11572266
65120 4525.36376953
65180 4525.13476562
65240 4522.94091797
65300 4519.45898438
65360 4516.11621094
65421 4513.73583984
65481 4511.56103516
65541 4508.95947266
65601 4507.33251953
65661 4503.96777344
65721 4502.68798828
65781 4499.31640625
65842 4497.50390625
65902 4495.02099609
65962 4492.16113281
66022 4489.31982422
66082 4486.35986328
66137 4485.43115234
66193 4482.85302734
66253 4479.77246094
66313 4477.17431641
66373 4474.04541016
66434 4471.59375
66614 4473.85742188
66674 4471.47363281
66734 4468.19287109
66794 4465.01025391
66855 4463.65722656
66915 4461.54003906
66975 4459.87304688
67035 4457.70263672
67095 4455.12353516
67155 4452.61230469
67215 4449.56982422
67276 4447.15917969
67336 4443.61279297
67396 4443.56738281
67456 4438.96972656
67516 4437.70703125
67576 4436.48583984
67636 4433.53173828
67696 4430.99267578
67757 4428.22460938
67817 4426.91943359
67877 4424.19042969
67937 4421.34814453
67997 4419.0234375
68057 4417.21777344
68117 4413.69287109
68177 4412.98388672
68238 4411.15478516
68298 4409.8046875
68358 4407.74755859
68418 4404.40087891
68478 4402.29052734
68538 4398.44042969
68598 4396.51171875
68659 4394.20068359
68719 4391.76220703
68779 4389.49755859
68839 4387.26904297
68899 4386.14306641
68959 4385.83154297
69019 4381.29199219
69079 4379.06787109
69139 4376.15527344
69199 4373.61279297
69260 4371.65576172
69320 4369.11376953
69380 4368.73828125
69440 4364.40917969
69500 4361.83984375
69560 4359.61572266
69620 4356.69042969
69681 4354.95507812
69741 4351.99658203
69801 4349.09228516
69861 4347.57226562
69921 4345.671875
69981 4343.34960938
70041 4342.33544922
70102 4338.81152344
70186 4335.94677734
70224 4334.18115234
70284 4330.62011719
70344 4330.36865234
70384 4329.07421875
70424 4327.24804688
70545 4323.17529297
70605 4320.74414062
70665 4318.67236328
70725 4315.60644531
70785 4314.09228516
70845 4312.25976562
70905 4309.58105469
70965 4307.63769531
71025 4305.53125
71086 4303.87402344
71146 4301.59082031
71206 4299.12646484
71266 4297.19238281
71326 4295.35791016
71386 4293.88134766
71446 4291.4609375
71506 4289.13964844
71567 4286.40136719
71627 4284.58789062
71687 4282.47412109
71747 4281.05371094
71807 4278.46533203
71867 4275.58105469
71927 4273.26416016
72228 4262.84863281
72288 4260.34521484
72346 4257.71972656
72404 4255.48583984
72464 4253.33984375
72524 4251.97021484
72584 4250.00439453
72644 4247.52099609
72704 4245.11376953
72765 4244.14990234
72825 4242.17138672
72885 4239.79394531
72945 4237.64453125
73005 4235.07763672
73065 4232.39013672
73125 4231.08154297
73186 4228.14892578
73246 4225.23632812
73306 4224.20263672
73366 4222.08007812
73426 4219.65722656
73486 4217.26416016
73546 4216.06689453
73607 4214.23486328
73667 4212.14941406
73727 4209.25634766
73787 4206.70068359
73847 4201.36914062
73907 4200.93164062
73967 4199.09472656
74027 4196.21679688
74087 4194.72363281
74148 4193.6875
74208 4190.53369141
74268 4187.89648438
74328 4185.23046875
74388 4183.73583984
74448 4181.35742188
74508 4178.79199219
74568 4177.66552734
74628 4175.40136719
74689 4173.00488281
74749 4169.79833984
74869 4170.69775391
74929 4168.77880859
74989 4167.15673828
75049 4166.1640625
75110 4163.96484375
75170 4160.69384766
75230 4158.25390625
75290 4156.73876953
75350 4155.21582031
75410 4152.49755859
75470 4150.39306641
75529 4147.95751953
75587 4145.26464844
75647 4143.57128906
75707 4140.91748047
75767 4138.68847656
75828 4136.26123047
75888 4133.65283203
75948 4133.35107422
76008 4131.1171875
76068 4128.82177734
76128 4126.86328125
76188 4124.12158203
76248 4121.43994141
76309 4118.51757812
76369 4117.24804688
76429 4114.35986328
76489 4111.95166016
76549 4110.78076172
76609 4107.87109375
76669 4105.08642578
76729 4103.95214844
76790 4102.55761719
76850 4098.97998047
76910 4096.38916016
76954 4094.15527344
76997 4092.98974609
77058 4091.90405273
77118 4090.13598633
77178 4086.60668945
77238 4083.96264648
77298 4081.28857422
77358 4079.43847656
77418 4077.12060547
77478 4075.11425781
77539 4071.99414062
77599 4071.10742188
77659 4067.83032227
77719 4067.42700195
77779 4064.57397461
77839 4062.24975586
77899 4060.6171875
77960 4057.95825195
78020 4056.26391602
78080 4053.61743164
78140 4051.5234375
78200 4050.46191406
78260 4048.91088867
78320 4046.55541992
78380 4042.77026367
78440 4040.78613281
78501 4040.68383789
78561 4038.08520508
78621 4035.21923828
78681 4032.26367188
78741 4031.31518555
78801 4029.99755859
78861 4028.63696289
78922 4026.61230469
78982 4023.22363281
79042 4021.01831055
79102 4018.84765625
79162 4015.67407227
79222 4014.37792969
79282 4011.75073242
79342 4008.09326172
79403 4007.578125
79463 4005.24829102
79523 4002.67138672
79583 4000.50439453
79643 3998.47753906
79703 3997.15283203
79763 3994.57983398
79823 3992.22436523
79884 3990.58056641
79944 3986.89355469
80064 3987.11523438
80115 3986.14868164
80166 3985.26293945
80226 3982.68603516
80286 3980.79858398
80346 3979.38061523
80406 3977.66918945
80466 3976.03759766
