0 8966.56347656
35 8959.50390625
62 8952.75097656
97 8944.59570312
128 8937.57128906
170 8930.66210938
411 8877.71875
531 8853.82519531
591 8843.42089844
647 8832.81933594
704 8821.46386719
824 8803.1484375
945 8779.92578125
1005 8771.90527344
1065 8760.53710938
1245 8725.48046875
1426 8683.67089844
1486 8673.49804688
1546 8669.61425781
1647 8662.44628906
1803 8620.6875
1819 8616.66699219
1876 8613.81347656
2116 8578.57421875
2237 8548.60449219
2357 8522.20117188
2417 8512.91796875
2552 8506.19042969
2650 8480.12890625
2830 8445.67089844
2890 8436.19824219
3011 8412.45507812
3071 8408.83398438
3106 8405.17382812
3141 8396.58691406
3201 8386.35058594
3321 8382.46582031
3442 8375.32617188
3562 8344.52929688
3898 8459.32714844
3958 8451.80957031
4018 8444.66601562
4078 8436.90429688
4139 8433.51074219
4199 8426.25292969
4253 8414.45214844
4288 8412.5078125
4329 8408.7421875
4389 8402.35839844
4438 8396.49414062
4487 8392.87890625
4547 8384.85449219
4607 8376.29589844
4667 8370.96289062
4728 8361.11425781
4788 8352.98144531
4848 8351.46679688
4908 8344.51269531
4968 8339.640625
5028 8332.98339844
5088 8321.33886719
5134 8320.26953125
5180 8316.64160156
5240 8307.65722656
5300 8301.76855469
5360 8295.92871094
5395 8292.52148438
5405 8291.54785156
5440 8285.05175781
5501 8277.59082031
5561 8273.74902344
5621 8266.05566406
5681 8259.78515625
5741 8252.36328125
5801 8247.96777344
5861 8239.20800781
5921 8235.90820312
5982 8228.46679688
6042 8219.07128906
6102 8213.78808594
6162 8204.01757812
6222 8198.0546875
6282 8189.15380859
6342 8184.13964844
6402 8176.86035156
6463 8171.51220703
6523 8160.95117188
6583 8155.4453125
6639 8149.93896484
6696 8144.34814453
6756 8136.68261719
6816 8130.81787109
6936 8123.63232422
6997 8113.42529297
7050 8106.05419922
7084 8103.33544922
7100 8102.07324219
7135 8099.26513672
7195 8096.09765625
7255 8089.06347656
7315 8082.39111328
7375 8079.66210938
7435 8069.98925781
7495 8065.81201172
7555 8061.98535156
7616 8055.47412109
7676 8046.61962891
7736 8042.94726562
7796 8035.48876953
7856 8031.07128906
7916 8026.77880859
7977 8021.13525391
8037 8014.00439453
8097 8007.28955078
8399 7983.5
8459 7975.96142578
8519 7969.97167969
8567 7967.74169922
8600 7965.74365234
8646 7959.05029297
8707 7950.94921875
8767 7945.09765625
8827 7940.00976562
8862 7936.99365234
8898 7933.97167969
8958 7927.1015625
9019 7922.12841797
9079 7916.47216797
9139 7907.29199219
9199 7903.06054688
9259 7898.00439453
9319 7892.140625
9379 7887.46679688
9439 7880.84863281
9476 7878.73681641
9513 7873.90722656
9573 7865.57373047
9633 7857.88427734
9693 7855.08154297
9753 7851.43164062
9813 7844.19335938
9874 7840.37353516
9934 7833.78076172
9994 7828.09619141
10054 7820.78808594
10114 7816.83056641
10174 7810.34960938
10234 7802.68457031
10295 7799.71875
10355 7794.43505859
10415 7788.52001953
10475 7781.32763672
10535 7774.47216797
10595 7770.18798828
10655 7763.40625
10715 7760.98730469
10776 7751.49755859
10836 7744.69384766
10896 7743.92333984
10933 7741.74951172
10959 7738.96777344
11010 7734.08789062
11070 7725.88818359
11130 7720.90283203
11190 7714.63232422
11239 7709.43554688
11328 7703.18066406
11389 7697.61523438
11449 7691.203125
11510 7686.91503906
11570 7678.16064453
11631 7671.02441406
11691 7668.68212891
11752 7661.50097656
11812 7657.62939453
11873 7653.50634766
12409 7648.26806641
13005 7546.48339844
13065 7543.00830078
13100 7538.07128906
13135 7532.94970703
13196 7528.86425781
13238 7526.22509766
13280 7519.88867188
13327 7508.20898438
13374 7507.32519531
13435 7500.72998047
13495 7499.32421875
13555 7494.58349609
13615 7490.45166016
13675 7485.35449219
13735 7476.12744141
13795 7473.14550781
13855 7466.13378906
13916 7458.05664062
13976 7457.74853516
14036 7451.34472656
14096 7441.52929688
14156 7437.01708984
14216 7434.94873047
14276 7429.31201172
14336 7421.37890625
14396 7421.03955078
14456 7413.83642578
14517 7403.93994141
14577 7402.11083984
14637 7397.37158203
14697 7390.61181641
14757 7380.19580078
15300 7376.48144531
15904 7288.58105469
15965 7281.40185547
16002 7278.55761719
16014 7277.04003906
16039 7273.59033203
16069 7266.55566406
16100 7264.94433594
16150 7258.5390625
16210 7256.33154297
16270 7252.70068359
16330 7251.34521484
16451 7242.88916016
16511 7236.765625
16546 7233.19384766
16571 7230.671875
16621 7227.32080078
16658 7223.10107422
16695 7218.75195312
16755 7209.41650391
16913 7205.46191406
17072 7199.76171875
17356 7200.97998047
17416 7198.01123047
17476 7193.26708984
17536 7187.93505859
17596 7182.17480469
17656 7177.32666016
17717 7172.73535156
17777 7169.41259766
17837 7163.18017578
17897 7157.43212891
17957 7153.52294922
18017 7149.6015625
18077 7143.92089844
18137 7136.73925781
18198 7133.50244141
18258 7127.93310547
18318 7122.59082031
18378 7121.68554688
18438 7118.68554688
18498 7112.45019531
18558 7107.59765625
18618 7101.42285156
18679 7096.55712891
18739 7091.98876953
18799 7085.81884766
18859 7081.72753906
18919 7075.35644531
18979 7071.57470703
19039 7071.22998047
19099 7064.35107422
19160 7059.50195312
19220 7053.42871094
19280 7045.43164062
19334 7041.48681641
19388 7039.89892578
19448 7034.15136719
19509 7030.79150391
19569 7026.12304688
19629 7021.15332031
19689 7017.921875
19749 7012.76123047
19809 7007.48046875
19869 6999.90673828
19930 6996.20703125
19990 6992.74023438
20050 6986.93164062
20110 6981.67382812
20170 6979.13232422
20230 6973.93505859
20290 6968.23925781
20346 6965.86767578
20401 6961.03808594
20462 6955.56640625
20522 6950.18457031
20582 6948.59619141
20642 6943.78417969
20702 6937.95898438
20762 6934.27294922
20822 6928.59179688
20883 6922.07373047
20943 6915.80566406
21003 6912.92871094
21063 6908.61230469
21123 6901.55273438
21183 6898.01269531
21243 6891.89013672
21303 6890.84619141
21364 6888.63818359
21424 6882.06494141
21484 6877.31494141
21544 6871.76513672
21604 6865.23925781
21664 6860.99560547
21724 6857.07421875
21784 6850.88769531
21845 6842.51806641
21905 6842.47412109
21965 6839.24511719
22025 6835.64599609
22085 6831.51953125
22145 6826.49804688
22205 6819.73339844
22265 6813.57226562
22326 6809.31542969
22386 6806.57666016
22446 6802.43945312
22506 6797.13330078
22566 6793.39794922
22626 6788.28955078
22686 6785.60986328
22747 6782.17285156
22807 6774.10449219
22867 6769.06298828
22927 6764.515625
22987 6759.53857422
23047 6755.25830078
23107 6752.75195312
23167 6746.37353516
23227 6742.75146484
23277 6738.28369141
23327 6734.06201172
23387 6729.93603516
23447 6726.99072266
23808 6718.859375
23868 6713.95410156
23928 6709.28271484
23988 6704.25976562
24049 6699.97851562
24109 6696.3515625
24169 6691.26757812
24229 6687.60009766
24289 6686.55957031
24349 6681.73242188
24409 6676.06298828
24469 6672.04785156
24530 6668.22216797
24590 6662.98925781
24650 6659.22753906
24710 6658.09716797
24770 6653.10791016
24830 6647.27490234
24890 6642.90869141
24951 6638.21826172
25011 6634.14453125
25067 6631.97363281
25101 6628.09667969
25138 6626.72998047
25198 6623.87402344
25258 6617.08837891
25311 6612.72070312
25363 6608.84423828
25424 6605.48095703
25484 6602.82763672
25536 6599.51660156
25589 6593.28027344
25649 6588.78027344
25709 6585.88232422
25761 6582.01318359
25812 6577.70898438
25873 6574.48535156
25933 6570.96386719
25993 6567.76416016
26053 6564.87548828
26113 6559.83447266
26173 6553.14550781
26233 6551.39160156
26294 6547.57617188
26354 6542.15527344
26414 6538.86181641
26474 6535.74804688
26534 6531.17236328
26594 6526.27685547
26655 6521.80957031
26715 6518.46972656
26775 6514.22851562
26835 6510.80078125
26895 6506.49511719
26945 6503.74707031
26994 6497.52001953
27055 6495.51171875
27115 6492.22900391
27164 6489.27539062
27214 6486.32958984
27274 6482.12988281
27334 6477.36767578
27394 6469.87695312
27455 6469.64990234
27515 6466.70849609
27575 6461.68457031
27635 6456.92041016
27695 6453.00390625
27755 6448.75585938
27815 6444.97412109
27876 6442.23681641
27936 6437.78564453
27996 6431.68115234
28056 6428.83447266
28116 6428.421875
28176 6422.14453125
28236 6415.81054688
28296 6413.00488281
28357 6411.09521484
28417 6406.00878906
28477 6401.88427734
28537 6396.39208984
28591 6391.59326172
28627 6391.31054688
28667 6388.80322266
28727 6385.36914062
28788 6382.52685547
28848 6378.29931641
28908 6372.11230469
28968 6367.77587891
29028 6364.08886719
29088 6359.578125
29148 6356.59228516
29208 6353.43505859
29269 6348.39990234
29319 6344.23046875
29369 6342.94775391
29430 6338.63085938
29490 6333.31201172
29550 6331.79541016
29610 6325.86767578
29670 6321.41796875
29730 6316.92089844
29791 6314.56494141
29851 6310.54443359
29911 6308.15478516
29971 6303.07714844
30031 6300.60400391
30091 6296.5
30151 6293.43603516
30212 6290.04931641
30257 6286.27197266
30283 6284.94091797
30323 6283.91796875
30383 6279.27783203
30443 6275.72460938
30503 6273.50830078
30563 6266.89453125
30623 6261.20556641
30684 6258.50732422
30744 6257.56103516
30804 6254.51660156
30864 6251.91748047
30924 6247.32275391
30984 6243.67431641
31044 6240.0546875
31105 6233.3984375
31165 6230.42236328
31225 6225.93115234
31285 6222.17041016
31345 6218.36962891
31405 6215.89111328
31465 6213.16064453
31526 6207.73242188
31586 6204.68945312
31646 6200.93261719
31703 6197.15625
31760 6192.76367188
31795 6190.06347656
31830 6187.36669922
31890 6185.76611328
31951 6182.77539062
32011 6179.92822266
32071 6173.44628906
32131 6169.29638672
32191 6166.34228516
32251 6165.94873047
32311 6162.52587891
32371 6156.24511719
32432 6154.40966797
32935 6122.79101562
32995 6117.05957031
33051 6113.17431641
33081 6112.14746094
33092 6111.80419922
33127 6110.62597656
33187 6104.83007812
33247 6101.76708984
33307 6096.19677734
33367 6091.49902344
33423 6087.37548828
33479 6086.16455078
33539 6083.98828125
33599 6079.43847656
33659 6076.59277344
33719 6071.859375
33759 6067.86181641
33799 6065.71777344
33859 6064.12402344
33919 6059.06494141
33980 6056.51171875
34024 6053.73583984
34069 6050.38818359
34129 6047.24511719
34164 6046.17480469
34206 6044.83789062
34243 6043.45898438
34303 6037.87207031
34363 6035.51757812
34423 6031.45654297
34483 6029.19677734
34543 6026.54980469
34603 6023.51904297
34638 6021.75097656
34674 6019.97998047
34734 6014.92871094
34794 6011.66308594
34854 6008.1875
34914 6004.87646484
34974 6002.08398438
35034 5997.81494141
35095 5992.91210938
35155 5989.69140625
35215 5984.55126953
35275 5983.38574219
35335 5979.26855469
35395 5975.10205078
35455 5973.05566406
35515 5968.86181641
35560 5967.38183594
35605 5964.38378906
35663 5962.87353516
35720 5958.71289062
35755 5956.18847656
35791 5953.66455078
35851 5950.78564453
35886 5949.10644531
35921 5947.42675781
35981 5943.53759766
36041 5939.46582031
36101 5935.17480469
36161 5933.16552734
36221 5929.43847656
36282 5925.79199219
36342 5922.09179688
36402 5918.37890625
36462 5914.89746094
36522 5911.65332031
36582 5910.45654297
36642 5908.23681641
36702 5902.34814453
36763 5898.50976562
36823 5894.40527344
36883 5891.75537109
36943 5889.21582031
37003 5883.43896484
37063 5881.01220703
37123 5875.85693359
37181 5873.31347656
37217 5871.24462891
37254 5870.42041016
37314 5866.65185547
37374 5862.19384766
37434 5859.07763672
37494 5855.85595703
37554 5851.41357422
37614 5847.77197266
37675 5845.65283203
37735 5844.20068359
37795 5839.88720703
37855 5836.05322266
37915 5832.24511719
37975 5829.20166016
38035 5825.62158203
38095 5821.64160156
38156 5818.83154297
38216 5816.31835938
38276 5808.72851562
38336 5806.71435547
38396 5804.41552734
38456 5800.69726562
38516 5796.48535156
38576 5794.37304688
38636 5789.64013672
38697 5786.30224609
38757 5782.15087891
38817 5777.81005859
38877 5775.56347656
38937 5773.6953125
38997 5770.53808594
39057 5765.15478516
39118 5761.72460938
39178 5757.77490234
39238 5756.20605469
39298 5752.06884766
39358 5746.38623047
39418 5742.86914062
39478 5742.35009766
39539 5736.796875
39599 5734.94042969
39659 5730.03173828
39719 5729.39257812
39779 5723.51904297
39839 5719.38037109
39899 5715.37402344
39959 5713.54638672
40019 5711.45117188
40080 5708.9765625
40140 5705.15625
40200 5701.47802734
40260 5696.46533203
40320 5695.71484375
40380 5692.10546875
40440 5688.53710938
40500 5685.66650391
40561 5678.81933594
40621 5675.07617188
40681 5673.86083984
40741 5669.58984375
40801 5666.35498047
40921 5662.04199219
40981 5656.66552734
41042 5653.46728516
41102 5651.15283203
41162 5646.90527344
41222 5642.89746094
41282 5639.47021484
41342 5637.81445312
41390 5636.49462891
41438 5632.96582031
41498 5627.50048828
41533 5625.10058594
41569 5622.45263672
41629 5621.79443359
41689 5618.82470703
41749 5617.26416016
41809 5612.43994141
41869 5607.81982422
41930 5602.71875
41990 5601.99267578
42050 5600.58447266
42110 5598.46679688
42170 5594.46386719
42230 5591.28466797
42290 5586.63769531
42350 5583.52636719
42411 5581.26806641
42471 5578.54736328
42531 5575.94384766
42591 5571.15136719
42651 5566.29492188
42711 5560.87548828
42771 5558.47460938
42831 5554.63378906
42892 5551.40771484
42952 5547.86230469
43012 5541.80859375
43072 5541.21582031
43132 5534.46533203
43192 5533.05371094
43252 5527.36328125
43373 5526.95361328
43433 5522.20166016
43493 5519.75341797
43553 5517.80517578
43613 5513.8671875
43651 5510.73193359
43750 5508.43505859
43810 5507.23974609
43870 5504.06542969
43930 5499.70703125
43990 5496.05712891
44050 5492.28222656
44111 5490.43896484
44171 5486.54541016
44231 5484.31152344
44291 5480.72851562
44351 5478.32763672
44411 5476.28076172
44471 5472.80224609
44531 5467.35302734
44592 5463.06103516
44652 5459.41308594
44712 5459.34472656
44772 5453.40136719
44832 5448.34765625
44892 5445.67382812
44952 5441.34423828
45013 5438.66308594
45073 5435.91796875
45193 5429.10595703
45253 5424.6875
45313 5421.82958984
45373 5420.71679688
45433 5416.06933594
45493 5414.68701172
45614 5409.52929688
45674 5407.68945312
45734 5406.78955078
45794 5404.09863281
45854 5401.80908203
45914 5398.53857422
45974 5396.70800781
46035 5393.54052734
46095 5391.56933594
46155 5384.50488281
46215 5381.17382812
46335 5380.37402344
46384 5378.03271484
46411 5376.78759766
46448 5376.23779297
46509 5371.4921875
46569 5368.18798828
46629 5364.40429688
46689 5361.89111328
46749 5359.65966797
46829 5356.90820312
46867 5355.17578125
46927 5350.71728516
46987 5345.88574219
47047 5345.19677734
47107 5342.69433594
47167 5338.21630859
47228 5336.42822266
47288 5334.20458984
47348 5330.78222656
47408 5328.96533203
47468 5324.35986328
47528 5321.63085938
47588 5319.20117188
47648 5314.75390625
47709 5312.03271484
47769 5309.66992188
47829 5307.22900391
47889 5303.37890625
47949 5300.78613281
47996 5298.52539062
48022 5297.91357422
48060 5295.58300781
48120 5292.76220703
48180 5288.94384766
48240 5283.7578125
48300 5281.99511719
48360 5279.60205078
48421 5276.82568359
48481 5274.50097656
48541 5271.07519531
48576 5269.07617188
48611 5267.07568359
48671 5264.39550781
48731 5263.36376953
48791 5259.13085938
48852 5256.08349609
48912 5252.89160156
48972 5250.328125
49032 5247.76611328
49092 5244.03466797
49152 5242.19189453
49212 5239.58642578
49273 5237.54492188
49333 5235.29980469
49393 5232.54101562
49453 5228.72021484
49513 5225.77148438
49573 5223.20556641
49633 5219.55859375
49693 5216.99902344
49754 5214.01660156
49814 5211.12841797
49874 5207.88574219
49934 5203.95605469
49981 5201.74609375
50028 5198.21679688
50088 5196.06201172
50148 5194.01953125
50449 5179.33447266
50509 5177.51416016
50569 5175.11083984
50629 5174.14208984
50667 5170.04736328
50706 5169.27441406
50766 5166.15527344
50827 5163.42919922
50882 5161.95605469
50938 5157.984375
50973 5156.59326172
51008 5154.36865234
51068 5152.14648438
51128 5149.00292969
51189 5146.49365234
51249 5143.05322266
51309 5140.05615234
51369 5137.23876953
51429 5133.46582031
51489 5132.72460938
51549 5129.82763672
51670 5126.91308594
51730 5122.60693359
51790 5119.44238281
51850 5115.77929688
51910 5113.15234375
51970 5111.14160156
52030 5107.82226562
52091 5106.03076172
52151 5101.8828125
52211 5099.33789062
52271 5097.23974609
52331 5093.90673828
52391 5089.07568359
52451 5087.34765625
52511 5084.00341797
52572 5080.16357422
52632 5079.50830078
52692 5075.55224609
52752 5072.85058594
52812 5070.49951172
52847 5068.76953125
52857 5068.27539062
52892 5066.54541016
52952 5064.08496094
53012 5061.8359375
53073 5058.92333984
53133 5056.2109375
53193 5053.17724609
53253 5050.5390625
53313 5048.64160156
53373 5045.55371094
53433 5042.38232422
53493 5040.29931641
53554 5036.69335938
53614 5035.77099609
53674 5031.70898438
53734 5028.22460938
53794 5025.83203125
53854 5022.22998047
53914 5020.82519531
53974 5017.65380859
54034 5014.64746094
54095 5012.63183594
54155 5011.00732422
54215 5008.60888672
54275 5005.11523438
54335 5001.32373047
54395 4997.13476562
54455 4993.98095703
54516 4993.66796875
54576 4991.21484375
54636 4987.36767578
54696 4984.15087891
54756 4981.35449219
54816 4978.91992188
54876 4975.1328125
54937 4971.75195312
54997 4967.60693359
55057 4967.05957031
55117 4966.39990234
55177 4962.29589844
55237 4959.15527344
55297 4956.45605469
55357 4953.24121094
55418 4950.39599609
55478 4946.97802734
55538 4945.01757812
55598 4940.97851562
55658 4938.08789062
55718 4936.35498047
55778 4934.72851562
55833 4932.78369141
55888 4929.73925781
55932 4927.58837891
55967 4925.05859375
56007 4922.96386719
56033 4920.96240234
56071 4919.88476562
56131 4918.17529297
56191 4914.66259766
56251 4911.31494141
56311 4909.10009766
56372 4905.87744141
56492 4905.92285156
56612 4903.84228516
56672 4900.40087891
56732 4895.75927734
56792 4892.28808594
56853 4888.57666016
56913 4887.52978516
56973 4883.83691406
57033 4880.44970703
57093 4879.29101562
57153 4876.96435547
57213 4874.76220703
57273 4871.47558594
57334 4866.43798828
57394 4863.77929688
57454 4861.38232422
57514 4856.93066406
57569 4855.45214844
57624 4853.12353516
57684 4850.83642578
57745 4848.40576172
57805 4845.36572266
57865 4843.09033203
57925 4838.65527344
57985 4835.81640625
58045 4833.09863281
58105 4831.24023438
58165 4826.62353516
58226 4824.58740234
58286 4821.43603516
58346 4818.65820312
58406 4817.38183594
58466 4814.06835938
58526 4811.14013672
58586 4808.48583984
58646 4805.55664062
58706 4802.71728516
58767 4799.17871094
58827 4797.51513672
58887 4795.42333984
58947 4790.84375
59007 4788.57666016
59067 4785.09082031
59127 4782.48828125
59187 4780.06298828
59223 4778.64306641
59233 4778.23095703
59268 4776.55810547
59328 4773.43212891
59388 4769.75244141
59448 4768.91796875
59509 4765.66015625
59569 4762.78222656
59689 4758.69580078
59749 4756.02001953
59809 4753.11279297
59869 4748.29492188
59929 4744.31542969
59990 4744.12841797
60050 4739.77099609
60110 4737.61621094
60170 4735.60253906
60237 4731.46240234
60335 4727.12011719
60395 4722.17871094
60515 4718.89111328
60575 4715.01611328
60636 4709.49707031
60696 4708.75634766
60756 4706.35107422
60816 4702.94970703
60876 4701.58935547
60936 4697.40478516
60996 4696.89160156
61056 4694.51806641
61117 4691.27099609
61177 4689.76171875
61218 4687.35449219
61260 4685.00097656
61320 4684.85058594
61380 4683.46191406
61440 4679.05224609
61500 4674.92236328
61561 4670.91601562
61621 4669.85839844
61681 4663.57226562
61741 4663.48925781
61801 4659.73876953
61861 4656.12792969
61922 4654.25927734
61982 4650.75976562
62042 4645.48681641
62102 4645.22216797
62162 4642.046875
62222 4640.50878906
62282 4637.10839844
62342 4634.58886719
62403 4629.86572266
62463 4628.11181641
62523 4626.02392578
62583 4622.46191406
62703 4626.93164062
62763 4626.46875
62810 4625.82617188
62899 4622.17431641
62959 4617.68847656
63019 4616.02929688
63079 4614.64404297
63440 4617.84863281
63500 4615.68164062
63560 4611.14990234
63620 4609.67236328
63681 4606.05419922
63741 4603.42236328
63776 4601.65283203
63793 4600.46240234
63835 4599.84912109
63895 4597.25439453
63955 4594.41210938
64015 4592.66162109
64075 4588.69335938
64135 4586.21582031
64195 4585.84570312
64256 4582.61572266
64316 4579.61181641
64376 4576.12353516
64436 4573.64404297
64496 4572.15820312
64556 4568.74707031
64601 4568.08740234
64632 4566.84130859
64678 4566.40527344
64738 4562.04345703
64798 4558.85546875
64858 4556.10693359
64918 4554.54150391
64978 4551.91796875
65039 4548.8515625
65099 4546.56152344
65159 4542.95019531
66412 4542.57324219
67726 4443.19580078
67786 4443.07470703
67835 4439.73583984
67850 4437.74560547
67885 4436.33789062
67945 4434.77929688
68005 4432.46728516
68065 4429.20556641
68125 4425.53076172
68186 4423.20458984
68246 4421.62695312
68306 4419.54443359
68366 4416.73535156
68401 4415.09130859
68436 4413.44628906
68497 4411.76708984
68557 4408.52294922
68617 4407.46679688
68677 4405.67431641
68737 4402.09228516
68797 4401.10009766
68857 4400.14892578
68917 4396.31591797
68978 4395.203125
69038 4393.13232422
69098 4389.43603516
69158 4387.06884766
69218 4384.90283203
69278 4381.13525391
69338 4378.69824219
69398 4377.76904297
69459 4373.79003906
69519 4370.82958984
69579 4369.32324219
69639 4366.94482422
69699 4364.37792969
69759 4362.86035156
69819 4361.02783203
69879 4356.95263672
69940 4353.73779297
70000 4353.69726562
70060 4351.25439453
70120 4349.00390625
70180 4347.25048828
70240 4343.83544922
70300 4340.57861328
70360 4339.125
70421 4336.88183594
70481 4334.23193359
70541 4331.06884766
70601 4326.98632812
70661 4326.03466797
70721 4321.50195312
70781 4320.93554688
70842 4316.84326172
70902 4313.47412109
70962 4311.27441406
71022 4310.390625
71082 4306.68066406
71142 4306.67626953
71202 4301.82617188
71262 4299.42480469
71383 4302.47509766
71443 4300.47607422
71503 4299.7109375
71563 4298.37695312
71623 4295.45019531
71683 4294.03173828
71718 4293.20166016
71754 4292.37158203
71814 4289.34863281
71874 4286.04931641
71934 4285.46484375
71994 4285.44287109
72054 4282.15234375
72114 4279.25292969
72174 4278.06884766
72235 4274.92529297
72355 4274.14404297
72415 4271.68212891
72535 4268.25048828
72595 4265.90136719
72656 4263.40722656
72716 4261.24365234
72776 4259.15722656
72836 4256.68115234
72896 4253.65380859
72956 4251.97119141
73017 4250.48730469
73077 4247.35839844
73137 4245.82226562
73197 4244.34228516
73257 4241.67431641
73317 4239.64990234
73377 4237.7421875
73437 4236.42871094
73498 4233.99121094
73558 4230.68652344
73618 4227.47021484
73678 4226.54443359
73738 4225.85839844
73798 4223.86816406
73858 4220.99609375
73919 4218.74023438
73979 4215.30224609
74039 4213.70361328
74099 4211.47314453
74159 4207.85693359
74219 4207.28076172
74279 4205.76416016
74339 4202.86621094
74399 4200.01611328
74459 4197.90136719
74518 4196.10742188
74553 4195.04003906
74588 4193.97753906
74648 4192.00537109
74708 4190.84033203
74769 4187.42138672
74829 4186.50634766
74889 4184.92773438
74949 4183.37646484
75009 4180.95947266
75069 4178.21484375
75129 4176.28222656
75190 4172.94482422
75250 4171.26611328
75310 4170.12744141
75370 4167.97753906
75430 4165.41162109
75490 4163.24658203
75550 4160.43457031
75611 4158.99755859
75671 4158.42138672
75731 4154.63232422
75791 4152.96044922
75851 4150.24121094
75911 4148.08349609
75971 4145.62402344
76031 4144.86669922
76091 4143.07177734
76152 4139.203125
76212 4135.26025391
76272 4134.95263672
76332 4133.93505859
76392 4132.37402344
76452 4129.30859375
76512 4128.15527344
76573 4124.26367188
76633 4122.66650391
76693 4121.68066406
76753 4119.59863281
76873 4116.98925781
76933 4115.09082031
76993 4110.83398438
77294 4104.58935547
77354 4102.18066406
77390 4100.76123047
77402 4100.24609375
77440 4099.09814453
77500 4096.48339844
77560 4095.84155273
77620 4093.88183594
77681 4091.81567383
77741 4089.63574219
77801 4087.44604492
77861 4084.24902344
77921 4082.5402832
77981 4081.85839844
78041 4079.48071289
78101 4076.40087891
78161 4075.40942383
78222 4073.04638672
78282 4070.45629883
78342 4068.4909668
78402 4066.43969727
78462 4063.90136719
78522 4060.83203125
78582 4059.63452148
78643 4058.43554688
78703 4057.66503906
78763 4053.20678711
78823 4051.91381836
78883 4049.78637695
78943 4046.73901367
79003 4046.0065918
79063 4044.78295898
79124 4040.89697266
79184 4039.22900391
79244 4036.86547852
79304 4032.2512207
79364 4032.03198242
79424 4029.39086914
79484 4027.89428711
79544 4025.58081055
79604 4023.59375
79665 4020.68115234
79725 4018.6472168
79785 4018.32788086
79845 4015.51513672
79905 4014.51953125
79965 4012.39208984
80025 4010.61474609
80085 4008.72119141
80146 4006.61108398
80206 4006.04663086
80266 4003.11132812
80326 4001.03808594
80386 3998.8671875
80446 3997.75976562
80507 3995.86157227
80567 3995.13989258
80627 3993.49316406
80687 3990.13549805
80747 3989.42407227
80807 3986.82080078
80868 3985.41064453
80928 3982.66796875
80988 3979.83935547
81048 3977.921875
81108 3976.81933594
81168 3974.13330078
81228 3972.96704102
81288 3970.73510742
81349 3967.86425781
81409 3966.23974609
81469 3963.42211914
81529 3961.4543457
81589 3959.73876953
81649 3958.62792969
81709 3958.00463867
81770 3955.68920898
81830 3953.40429688
81890 3949.95629883
81950 3946.81274414
82010 3945.15209961
82070 3943.31201172
82130 3941.72045898
82166 3940.7878418
82178 3940.45849609
82215 3938.73754883
82275 3937.00024414
82335 3936.38378906
82396 3933.45336914
82456 3932.48681641
82516 3930.77441406
82576 3928.54125977
82636 3927.35644531
82696 3924.62231445
82756 3923.8203125
82816 3921.57250977
82876 3920.02563477
82937 3918.72021484
82997 3917.70898438
83057 3915.5012207
83117 3912.89770508
83177 3911.79199219
83237 3909.98046875
83297 3907.34545898
83357 3905.15527344
83418 3903.76123047
83478 3901.3762207
83538 3899.20849609
83598 3896.9765625
83658 3896.04199219
83718 3894.06542969
83778 3891.69091797
83839 3889.60009766
83899 3887.85205078
83959 3885.39526367
84019 3882.72387695
84079 3881.63012695
84139 3880.26782227
84199 3877.65307617
84259 3875.73730469
84320 3872.75732422
84380 3871.57910156
84440 3870.5559082
84500 3867.95532227
84560 3865.1015625
84620 3862.83032227
84680 3861.26464844
84741 3859.54760742
84801 3857.46118164
84861 3855.57568359
84921 3852.55371094
84981 3851.81762695
85041 3849.57373047
85101 3847.07055664
85162 3846.61230469
85222 3845.20288086
85282 3844.29980469
85342 3841.87548828
85402 3840.77001953
85522 3842.35595703
85582 3841.70996094
85643 3838.09472656
85703 3836.40576172
85763 3834.07275391
85823 3833.15722656
85883 3832.24951172
85943 3829.60986328
86003 3827.47485352
86063 3825.13305664
86123 3823.93603516
86184 3822.28955078
86244 3821.10424805
86304 3818.64624023
86364 3816.40966797
86424 3814.57861328
86484 3812.17504883
86544 3810.40551758
86605 3809.68676758
86665 3807.41210938
86725 3805.57739258
86785 3803.62988281
86845 3802.86303711
86905 3800.83447266
86965 3797.92138672
87025 3796.03076172
87060 3794.92797852
87096 3793.82543945
87156 3790.58544922
87191 3789.83837891
87226 3789.49560547
87287 3788.75537109
87347 3786.57080078
87407 3785.04931641
87467 3782.77856445
87527 3780.4152832
87587 3779.25878906
87647 3777.45410156
87707 3774.52075195
87768 3772.41015625
87828 3772.09570312
87888 3769.30566406
87948 3767.22631836
88008 3765.64355469
88068 3763.41455078
88128 3762.28515625
88188 3760.93408203
88249 3758.23828125
88309 3756.88305664
88369 3754.93457031
88429 3752.66601562
88489 3751.2590332
88549 3748.19873047
88609 3747.19848633
88669 3746.18505859
88729 3745.07080078
88790 3742.96264648
88850 3741.5234375
88910 3739.54711914
88970 3736.60522461
89030 3734.88427734
89090 3734.38989258
89150 3731.33105469
89210 3729.71826172
89270 3728.08789062
89331 3725.45996094
89391 3723.86303711
89451 3723.16796875
89571 3720.77246094
89631 3718.9387207
89691 3715.99536133
89752 3714.24609375
89799 3712.4609375
89846 3710.52148438
89906 3709.12670898
89966 3707.04345703
90026 3705.07983398
90086 3702.35375977
90146 3700.41992188
90206 3699.46923828
90266 3698.35302734
90327 3695.75683594
90387 3693.51171875
90447 3692.24047852
90507 3690.57177734
90567 3688.82543945
90627 3687.39428711
90687 3685.12158203
90747 3684.07617188
90807 3681.78662109
90868 3681.02099609
90928 3678.88647461
90988 3677.97094727
91048 3676.12768555
91108 3674.40673828
91168 3672.66064453
91228 3671.06445312
91288 3667.7824707
91349 3665.84912109
91409 3664.32226562
