0 8986.69042969
60 8983.6171875
275 8948.51074219
285 8946.82226562
652 8868.17089844
690 8863.17480469
870 8828.17382812
1110 8782.31445312
1216 8761.47851562
1312 8736.85253906
1613 8690.56054688
1754 8663.81542969
1814 8662.23828125
2354 8553.95605469
2595 8501.38574219
2655 8499.43652344
3136 8579.47851562
3196 8576.77734375
3256 8573.74023438
3557 8532.89941406
3677 8518.25097656
3723 8512.29199219
3785 8500.59472656
3846 8495.54980469
3906 8490.69921875
3947 8484.35058594
3963 8481.86816406
3998 8476.42675781
4058 8470.2109375
4100 8464.8203125
4142 8461.14257812
4238 8448.27050781
4274 8446.5078125
4334 8441.64453125
4455 8428.48535156
4575 8415.59863281
4671 8404.20898438
4697 8402.68554688
4749 8397.18066406
4809 8390.796875
4990 8367.66503906
5110 8355.81640625
5230 8340.95703125
5344 8329.75195312
5378 8326.90332031
5476 8314.31054688
5657 8295.41699219
5777 8281.63476562
5957 8259.31152344
6017 8253.89160156
6138 8243.01074219
6376 8214.76074219
6415 8210.58886719
6535 8202.62207031
6718 8173.01074219
6959 8146.00195312
7126 8128.00732422
7174 8124.83447266
7354 8100.00390625
7510 8077.36035156
7605 8073.28662109
7709 8061.5625
7752 8060.98388672
7932 8035.95117188
8028 8022.7734375
8063 8017.91796875
8183 8004.38867188
8303 7994.55078125
8424 7984.34179688
8604 7963.27197266
8724 7953.24658203
8768 7948.44775391
8932 7927.01806641
8992 7924.40332031
9052 7920.28759766
9293 7885.12548828
9353 7879.47167969
9388 7876.1640625
9423 7872.84130859
9544 7858.66357422
9724 7840.62988281
9784 7838.02001953
9965 7814.15234375
10265 7789.74267578
10446 7774.03125
10686 7750.76367188
10807 7745.79638672
10987 7728.74951172
11047 7723.21044922
11326 7695.31542969
11425 7693.33349609
11546 7678.99023438
11666 7668.05517578
11726 7662.70507812
11846 7656.39306641
12027 7634.09375
12087 7629.27880859
12147 7628.12451172
12267 7605.57763672
12328 7604.2421875
12388 7600.47460938
12448 7594.76269531
12508 7588.71972656
12989 7602.13867188
13109 7590.03076172
13169 7584.05175781
13229 7578.34667969
13290 7575.75830078
13410 7563.453125
13530 7552.33007812
13590 7547.52001953
13650 7542.35595703
13771 7531.71582031
13831 7528.98681641
13891 7523.57373047
14011 7513.34423828
14131 7501.18359375
14183 7497.9609375
14291 7489.10888672
14351 7482.90625
14411 7477.20263672
14471 7472.15771484
14532 7467.85498047
14592 7462.82861328
14652 7458.09130859
14772 7446.28564453
14832 7442.80761719
14892 7437.67480469
14953 7432.32177734
15013 7428.25
15073 7424.25927734
15133 7418.64697266
15178 7413.77783203
15223 7411.06054688
15283 7406.39111328
15343 7401.86132812
15403 7396.19238281
15463 7390.43408203
15523 7386.36816406
15764 7359.9453125
15824 7354.57763672
15927 7345.61621094
16003 7341.24951172
16038 7337.1953125
16073 7334.94189453
16193 7323.66845703
16236 7317.53125
16279 7314.90136719
16339 7308.52197266
16399 7306.13867188
16460 7302.72851562
16578 7294.48974609
16637 7288.50292969
16757 7277.06396484
16817 7273.47607422
16877 7268.58349609
16929 7262.60253906
16980 7257.09326172
17040 7252.80859375
17101 7247.64990234
17161 7242.58789062
17341 7224.88623047
17401 7222.59033203
17496 7212.09863281
17592 7209.03222656
17712 7195.46923828
17772 7192.79785156
17892 7181.67089844
17952 7178.05371094
18072 7164.72851562
18110 7161.50097656
18208 7151.81787109
18328 7140.26123047
18427 7139.70361328
18585 7121.15820312
18646 7119.05371094
18706 7115.78515625
18886 7100.85449219
19244 7069.13134766
19301 7065.43945312
19358 7062.85791016
19418 7060.671875
19537 7046.56005859
19777 7027.24707031
19897 7023.94238281
20017 7005.93554688
20077 7003.76416016
20137 6999.85742188
20173 6997.57128906
20208 6995.27441406
20268 6991.16601562
20569 6968.43505859
20629 6964.58154297
20810 6952.60839844
20954 6938.86083984
20989 6935.99023438
21024 6933.12548828
21084 6928.1640625
21204 6919.55078125
21264 6915.10351562
21324 6911.47412109
21445 6902.90771484
21505 6896.94384766
21565 6890.73779297
21625 6888.04296875
21745 6876.78466797
21806 6874.01953125
21866 6868.53125
21926 6865.11376953
22046 6859.97900391
22106 6854.41210938
22287 6837.4375
22347 6834.06005859
22407 6833.19189453
22527 6819.67626953
22674 6813.17529297
22772 6802.18017578
23253 6800.72558594
23313 6797.2109375
23373 6791.32470703
23433 6786.71728516
23493 6783.25537109
23553 6779.05810547
23607 6773.84375
23660 6770.17041016
23720 6766.50097656
23780 6762.49853516
23840 6758.93408203
23900 6753.82519531
24021 6745.35205078
24081 6739.42480469
24141 6735.98974609
24201 6732.58007812
24261 6726.51464844
24321 6722.17236328
24359 6720.94677734
24371 6720.54248047
24381 6720.20996094
24416 6716.43603516
24476 6712.48828125
24536 6707.06738281
24596 6704.54199219
24657 6701.31982422
24717 6696.55126953
24777 6691.60107422
24837 6688.76953125
24897 6683.38671875
24957 6682.10742188
25017 6678.08642578
25138 6669.20751953
25198 6665.43457031
25258 6661.15283203
25318 6655.84765625
25378 6650.30810547
25438 6647.05664062
25499 6644.16064453
25559 6638.46923828
25619 6635.75585938
25679 6632.57373047
25739 6626.85107422
25789 6623.8984375
25839 6621.12011719
25874 6619.15771484
25910 6617.19482422
25970 6611.73779297
26030 6605.79150391
26090 6603.33251953
26150 6599.51171875
26210 6595.06396484
26270 6591.08447266
26331 6586.16162109
26391 6583.25048828
26451 6580.05810547
26511 6574.50634766
26571 6568.87646484
26631 6565.89453125
26691 6562.71240234
26751 6556.49121094
26812 6553.83691406
26872 6548.96875
26932 6547.31005859
27052 6536.37695312
27109 6531.73876953
27159 6530.87255859
27212 6529.72314453
27272 6525.4921875
27393 6515.33544922
27453 6512.24365234
27513 6508.42138672
27633 6498.8671875
27693 6496.36572266
27753 6494.02539062
27813 6488.08789062
27874 6483.88525391
27934 6477.60107422
27994 6475.77880859
28054 6471.02099609
28114 6466.83105469
28174 6463.92333984
28234 6457.74511719
28294 6452.59570312
28355 6452.19921875
28415 6447.31054688
28475 6442.33398438
28535 6440.37207031
28585 6436.41552734
28634 6433.00927734
28669 6430.60253906
28704 6428.19384766
28764 6422.66210938
28825 6419.83642578
28885 6415.11767578
28960 6409.58935547
29020 6406.70605469
29080 6403.30126953
29140 6400.79980469
29200 6395.68115234
29320 6384.93994141
29370 6381.35400391
29420 6376.40917969
29480 6373.70117188
29515 6372.12158203
29531 6371.42285156
29571 6366.9609375
29692 6358.64648438
29752 6355.33105469
29812 6354.234375
29872 6348.91845703
29992 6341.68115234
30052 6337.04736328
30112 6333.32666016
30173 6329.8671875
30233 6325.39208984
30293 6323.01367188
30413 6311.35888672
30473 6305.53955078
30533 6303.76464844
30594 6301.33203125
30654 6296.1953125
30714 6292.33691406
30774 6290.23730469
30894 6280.41601562
30955 6277.39599609
31015 6274.00830078
31075 6269.54101562
31135 6265.17236328
31195 6263.93896484
31255 6257.60742188
31315 6255.27392578
31376 6250.22167969
31496 6240.78417969
31556 6237.01660156
31605 6233.28515625
31628 6231.47509766
31663 6228.77148438
31723 6227.73681641
31784 6225.49707031
31964 6207.83203125
32024 6207.18212891
32084 6204.10644531
32144 6199.03222656
32204 6195.48144531
32264 6190.99072266
32325 6185.90917969
32385 6182.890625
32445 6177.34765625
32505 6174.57128906
32565 6170.09277344
32625 6168.63183594
32685 6164.71191406
32745 6160.54101562
32806 6157.22705078
32866 6151.31787109
32926 6148.31054688
32986 6148.18212891
33046 6142.81542969
33166 6134.54882812
33227 6129.56689453
33287 6126.12060547
33407 6120.82128906
33467 6117.28417969
33527 6114.60449219
33587 6109.02392578
33645 6107.13574219
33702 6102.49414062
33762 6099.56738281
33822 6095.29541016
33882 6091.75048828
33943 6089.44824219
34003 6089.4140625
34063 6086.44726562
34123 6080.93066406
34183 6075.53027344
34243 6073.59667969
34303 6071.05517578
34364 6068.14599609
34424 6065.97216797
34484 6063.53613281
34544 6059.43554688
34604 6053.48291016
34724 6050.64794922
34785 6045.14990234
34845 6043.28222656
34882 6039.85009766
34980 6038.20410156
35100 6026.84619141
35160 6026.80615234
35220 6023.53710938
35340 6014.93359375
35641 6012.55322266
35701 6011.29150391
35821 6002.96728516
35872 6002.32568359
35922 5999.19775391
35982 5995.45605469
36043 5991.10351562
36103 5986.85400391
36163 5980.74169922
36223 5980.29443359
36283 5976.29296875
36343 5973.36767578
36403 5969.60302734
36463 5964.34619141
36524 5960.85546875
36584 5955.01660156
36644 5954.30029297
36704 5952.57226562
36764 5948.12353516
36824 5942.79736328
36884 5938.64746094
36945 5934.33740234
37005 5932.62255859
37065 5930.453125
37125 5925.35693359
37185 5921.49707031
37245 5917.06396484
37280 5914.47753906
37290 5913.72753906
37325 5911.47216797
37385 5908.75732422
37445 5905.50634766
37483 5901.87304688
37517 5901.25830078
37572 5897.96923828
37632 5894.12646484
37693 5890.62792969
37753 5888.66650391
37813 5884.95507812
37873 5879.99951172
37933 5877.43017578
37993 5873.9765625
38053 5870.33837891
38113 5868.14306641
38173 5865.49072266
38234 5862.24169922
38294 5857.06542969
38354 5853.31005859
38442 5850.26123047
38480 5846.94091797
38541 5840.875
38601 5839.3984375
38661 5835.79492188
38721 5831.27099609
38781 5829.49365234
38841 5826.30810547
38901 5823.07519531
38961 5819.03857422
39021 5818.40673828
39082 5814.62060547
39142 5813.29492188
39202 5812.83935547
39262 5810.04638672
39322 5804.56689453
39382 5803.01757812
39442 5801.70458984
39502 5796.95800781
39563 5794.38867188
39623 5789.11669922
39683 5787.44921875
39743 5784.80615234
39803 5783.47314453
39863 5779.12402344
39923 5775.1015625
39984 5774.08935547
40104 5763.32421875
40164 5761.20507812
40224 5755.10791016
40284 5753.92871094
40344 5752.08984375
40404 5748.35986328
40465 5744.38183594
40525 5741.89599609
40585 5737.84472656
40645 5735.56640625
40705 5731.12451172
40765 5728.19970703
40825 5725.71386719
40886 5723.51464844
40931 5719.11474609
40977 5715.25341797
41037 5712.12890625
41097 5711.98095703
41218 5703.97265625
41278 5702.78125
41338 5698.58251953
41398 5693.46728516
41458 5691.64697266
41518 5690.04443359
41579 5683.70458984
41639 5683.35009766
41699 5677.75390625
41759 5675.234375
41819 5672.6484375
41879 5669.36572266
41939 5667.078125
41979 5663.66699219
42078 5660.55761719
42138 5656.54003906
42198 5651.18408203
42258 5649.99755859
42318 5645.52197266
42379 5641.39697266
42439 5639.89501953
42499 5637.30566406
42559 5635.26855469
42616 5632.79541016
42674 5629.01806641
42734 5624.72998047
42794 5623.27734375
42855 5619.82519531
42915 5617.03515625
42975 5612.58642578
43035 5609.56396484
43095 5606.49169922
43155 5604.36474609
43215 5600.71484375
43275 5599.25048828
43336 5595.86865234
43396 5590.44091797
43516 5586.35546875
43576 5580.76708984
43636 5578.16992188
43696 5574.68798828
43757 5570.17529297
43817 5566.2265625
43877 5563.70361328
43937 5560.92285156
43997 5558.25976562
44057 5555.68457031
44117 5553.23779297
44177 5548.14697266
44238 5544.58935547
44298 5543.18457031
44358 5540.81152344
44418 5537.09960938
44478 5536.75390625
44538 5532.93261719
44598 5529.73974609
44658 5526.80371094
44718 5524.23193359
44779 5518.69726562
44839 5517.19238281
44899 5515.51367188
44959 5511.97412109
45019 5508.12402344
45079 5502.28564453
45139 5499.98535156
45199 5498.74755859
45260 5496.96728516
45320 5493.54394531
45380 5490.68847656
45440 5487.55517578
45500 5483.23535156
45560 5481.24609375
45602 5478.20507812
45619 5476.99169922
45654 5474.43505859
45714 5472.05078125
45774 5467.55664062
45834 5467.54003906
45895 5463.11523438
45955 5460.37304688
46005 5457.26318359
46033 5453.4921875
46070 5453.02490234
46131 5450.28515625
46191 5448.02880859
46251 5446.11328125
46311 5443.49072266
46371 5440.04980469
46431 5436.04492188
46491 5434.12695312
46551 5431.59033203
46612 5428.80029297
46672 5425.71337891
46732 5423.30566406
46792 5419.66943359
46852 5417.08740234
46912 5415.18408203
46972 5412.71972656
47033 5410.21142578
47093 5406.51660156
47153 5402.87353516
47213 5400.69580078
47273 5397.51269531
47333 5393.87548828
47369 5391.74560547
47379 5391.1328125
47414 5389.42333984
47474 5387.75
47534 5384.53662109
47594 5381.04394531
47654 5378.19824219
47714 5375.62646484
47774 5372.77929688
47835 5371.21777344
47895 5367.34570312
47955 5364.45263672
48015 5362.50244141
48075 5358.77392578
48135 5356.99316406
48195 5353.52050781
48255 5350.68798828
48316 5348.26074219
48376 5344.39697266
48436 5342.03808594
48496 5338.79248047
48556 5336.01269531
48616 5332.02148438
48676 5328.59277344
48736 5325.93847656
48797 5323.15429688
48857 5321.51025391
48917 5317.63427734
49217 5305.28125
49278 5300.63525391
49338 5298.42480469
49398 5295.46679688
49458 5292.83740234
49518 5289.29931641
49578 5287.69287109
49638 5283.046875
49699 5279.30908203
49759 5277.89453125
49819 5275.71289062
49879 5271.66601562
49939 5267.82763672
49999 5264.97412109
50059 5262.15771484
50120 5259.91259766
50180 5256.984375
50238 5254.34082031
50273 5253.25927734
50286 5252.87646484
50321 5251.81152344
50381 5247.32080078
50441 5244.66943359
50502 5240.64746094
50562 5238.53076172
50622 5234.45751953
50682 5232.85205078
50742 5229.77050781
50802 5228.45654297
50862 5224.37158203
50923 5220.48828125
50983 5218.45019531
51043 5215.01074219
51103 5212.51708984
51163 5209.83349609
51223 5205.58154297
51283 5204.04833984
51343 5198.66162109
51404 5197.34179688
51464 5193.67822266
51524 5190.68896484
51584 5186.64111328
51644 5185.83496094
51704 5182.17724609
51764 5178.79003906
51825 5175.73291016
51885 5173.58935547
51945 5170.19775391
52005 5167.36474609
52065 5165.31005859
52125 5162.79833984
52185 5159.53369141
52245 5156.06298828
52306 5152.42626953
52366 5149.52294922
52426 5146.81884766
52486 5144.7578125
52546 5141.43701172
52606 5137.45849609
52666 5134.88720703
52766 5132.30664062
52826 5129.62255859
52887 5125.46582031
52947 5123.0703125
53007 5120.74267578
53067 5117.97509766
53127 5115.69287109
53187 5112.90527344
53247 5109.23535156
53307 5106.99560547
53368 5104.47558594
53428 5101.5390625
53507 5096.96679688
53567 5095.04785156
53627 5092.32958984
53687 5090.47607422
53747 5087.86523438
53807 5083.46386719
53868 5080.48681641
53952 5078.5703125
53989 5078.00537109
54049 5074.83789062
54110 5070.29833984
54170 5068.38769531
54230 5065.04003906
54290 5061.88476562
54350 5060.14550781
54410 5057.57080078
54470 5054.56835938
54531 5051.56787109
54591 5046.93652344
54651 5046.29443359
54711 5044.51367188
54771 5041.07421875
54831 5038.15332031
54891 5034.92919922
54952 5032.30126953
55012 5029.52099609
55072 5025.27001953
55132 5021.83203125
55192 5018.39501953
55252 5017.86425781
55312 5015.18994141
55373 5013.34765625
55433 5010.23876953
55493 5008.23828125
55553 5005.20556641
55613 5001.88720703
55673 4997.51171875
55733 4995.87060547
55793 4993.76611328
55854 4991.05957031
55914 4987.73339844
55974 4985.00976562
56034 4981.85644531
56094 4979.66357422
56154 4975.81640625
56214 4972.52148438
56286 4970.65527344
56321 4969.06689453
56356 4965.8828125
56416 4962.56054688
56477 4958.14355469
56537 4956.69335938
56590 4955.74951172
56643 4953.44775391
56678 4951.92285156
56713 4950.39599609
56773 4948.10888672
56833 4943.38232422
56893 4942.51464844
56953 4938.13623047
57013 4933.39013672
57073 4931.84570312
57134 4928.23339844
57246 4925.21875
57284 4922.13818359
57344 4919.64355469
57404 4916.45410156
57464 4911.28808594
57525 4909.43066406
57585 4906.43017578
57645 4903.37353516
57705 4899.84130859
57765 4897.03710938
57825 4894.84228516
57885 4891.56982422
57946 4888.68847656
58006 4886.14013672
58066 4884.33251953
58126 4881.28759766
58186 4875.45556641
58246 4874.63476562
58306 4871.07958984
58366 4868.13134766
58427 4866.28417969
58487 4862.59472656
58547 4859.30371094
58607 4857.35351562
58667 4854.16894531
58727 4850.13037109
58787 4846.61572266
58822 4844.56542969
58857 4842.51416016
58917 4840.53955078
58978 4838.36816406
59038 4833.92724609
59098 4831.56738281
59158 4827.89208984
59218 4822.54931641
59278 4821.29833984
59338 4819.30908203
59399 4815.86425781
59459 4813.81738281
59519 4809.22021484
59579 4804.96582031
59618 4801.54248047
59657 4799.60791016
59717 4797.34472656
59777 4795.99121094
59837 4793.82324219
59897 4788.04492188
59957 4785.46289062
60018 4780.33105469
60138 4784.39648438
60198 4783.65039062
60258 4781.22949219
60318 4779.19140625
60378 4776.66992188
60438 4775.43505859
60499 4773.28466797
60559 4770.09033203
60619 4767.35595703
60679 4763.11914062
60739 4760.04052734
60799 4758.11669922
60859 4755.58496094
60920 4752.14599609
60980 4749.64453125
61040 4746.84130859
61100 4744.19824219
61160 4742.56835938
61220 4738.640625
61280 4737.24365234
61341 4736.70703125
61401 4733.27441406
61461 4730.87548828
61521 4726.75976562
61808 4732.03613281
61849 4731.40283203
61909 4728.70019531
61969 4726.25341797
62029 4722.30859375
62089 4720.64892578
62150 4716.93896484
62210 4715.44482422
62262 4711.64746094
62315 4709.84570312
62375 4708.03125
62436 4705.17773438
62496 4703.25537109
62556 4699.24267578
62616 4697.05566406
62676 4696.94726562
62736 4693.90478516
62796 4689.82861328
62857 4687.15869141
62917 4683.84814453
62977 4681.36328125
63037 4680.26074219
63097 4678.17431641
63157 4675.21630859
63217 4673.21435547
63278 4668.65185547
63338 4667.23144531
63398 4664.29443359
63458 4663.98339844
63518 4660.63623047
63578 4657.39306641
63638 4655.98632812
63698 4651.38574219
63759 4649.86816406
63819 4648.03222656
63879 4645.19970703
63939 4642.875
63999 4641.75634766
64059 4637.57226562
64119 4636.52832031
64179 4632.99462891
64240 4632.20068359
64420 4630.89990234
64480 4626.31054688
64540 4621.76953125
64578 4621.06542969
64614 4620.38232422
64673 4617.65917969
64733 4615.66748047
64793 4614.89160156
64853 4611.234375
64913 4608.51464844
64973 4606.59326172
65033 4603.26318359
65093 4601.57080078
65154 4600.46044922
65214 4597.02978516
65274 4594.65576172
65334 4593.54492188
65394 4590.94384766
65454 4589.62548828
65514 4587.85888672
65574 4583.05957031
65635 4581.06835938
65695 4578.39648438
65755 4575.11376953
65815 4571.86621094
65875 4570.88085938
65935 4569.65625
65995 4565.43212891
66056 4561.58398438
66116 4560.68798828
66176 4560.25683594
66236 4555.06445312
66296 4554.90576172
66356 4551.74023438
66416 4548.20068359
66476 4547.31640625
66536 4544.00195312
66577 4542.26708984
66593 4541.59619141
66603 4541.16601562
66638 4540.56835938
66698 4537.546875
66759 4535.640625
66819 4533.44970703
66879 4528.94042969
66939 4528.11376953
66999 4525.81005859
67059 4522.52587891
67119 4520.47558594
67179 4518.40087891
67240 4515.91503906
67300 4513.54882812
67360 4511.66943359
67420 4508.9921875
67480 4507.72265625
67540 4504.52294922
67600 4502.90234375
67660 4499.77294922
67721 4497.60644531
67781 4494.57470703
67841 4493.64111328
67901 4491.07617188
67961 4488.99462891
68021 4487.87744141
68081 4482.7109375
68141 4480.56787109
68202 4478.13964844
68262 4475.65722656
68322 4473.75976562
68382 4471.07373047
68442 4467.97558594
68502 4466.52734375
68562 4464.34960938
68622 4460.61425781
68683 4458.10351562
68743 4455.68505859
68803 4453.35693359
68863 4452.09277344
68923 4449.38623047
68983 4447.29541016
69043 4445.34716797
69103 4441.86474609
69163 4439.29931641
69284 4436.2578125
69344 4433.61425781
69404 4432.59570312
69464 4431.89111328
69524 4429.51904297
69584 4427.33007812
69645 4424.13818359
69705 4420.10839844
69765 4419.16259766
69825 4417.51318359
69885 4415.58300781
69945 4410.49609375
70005 4409.40478516
70065 4405.82421875
70126 4405.00341797
70186 4401.90820312
70246 4399.72216797
70306 4397.15429688
70366 4395.37792969
70426 4392.93896484
70487 4390.61035156
70547 4386.59863281
70607 4385.56347656
70667 4384.54785156
70727 4382.07666016
70787 4380.04638672
70847 4378.05273438
70907 4375.24511719
70968 4370.39941406
71028 4369.90722656
71088 4367.7890625
71148 4365.44189453
71328 4359.44335938
71689 4351.30664062
71749 4349.25732422
71809 4344.67089844
71869 4341.97460938
71929 4340.12792969
71990 4337.96875
72050 4335.34472656
72110 4333.23388672
72170 4330.89746094
72290 4328.54541016
72350 4325.75048828
72410 4323.41503906
72471 4321.38720703
72531 4319.18701172
72591 4317.50439453
72651 4314.9453125
72711 4312.69873047
72771 4309.53320312
72831 4308.59667969
72891 4307.47509766
72952 4304.84130859
73012 4300.73974609
73072 4298.18066406
73132 4297.13671875
73192 4295.51806641
73252 4293.82226562
73312 4290.85742188
73372 4289.05908203
73433 4286.46240234
73493 4284.21337891
73553 4282.49658203
73613 4280.47558594
73673 4277.55664062
73733 4276.07373047
73793 4272.65283203
73854 4272.48681641
73914 4270.82177734
73974 4267.29248047
74034 4265.27832031
74094 4264.41748047
74154 4260.94433594
74215 4258.86816406
74275 4258.04736328
74335 4254.97900391
74377 4254.61865234
74420 4252.29882812
74480 4250.015625
74540 4248.17089844
74600 4245.90332031
74661 4244.21630859
74721 4242.96240234
74781 4239.89306641
74841 4237.328125
74901 4236.72705078
74961 4235.06640625
75021 4232.59667969
75082 4229.60986328
75142 4228.18847656
75202 4226.24169922
75262 4224.27197266
75322 4221.50244141
75382 4219.59667969
75442 4218.93505859
75502 4215.82958984
75563 4213.84863281
75623 4211.29443359
75683 4208.28027344
75743 4206.82714844
75803 4204.74560547
75863 4202.15576172
75923 4200.02929688
75983 4196.9765625
76044 4193.97802734
76104 4191.93554688
76164 4191.40136719
76224 4188.79199219
76284 4186.40087891
76344 4183.80419922
76405 4181.83007812
76465 4178.86621094
76525 4177.46435547
76585 4176.49462891
76645 4173.59179688
76705 4171.43945312
76765 4169.6640625
76826 4167.63671875
76886 4164.24267578
76946 4162.47314453
77006 4162.12695312
77066 4160.30078125
77126 4158.38671875
77186 4156.36474609
77247 4154.85986328
77307 4152.53808594
77367 4151.61962891
77427 4149.53466797
77487 4147.18652344
77547 4145.41113281
77607 4141.85986328
77667 4141.12597656
77727 4140.11669922
77788 4136.84423828
77848 4135.13720703
77908 4134.59521484
77968 4132.12744141
78028 4130.95410156
78088 4130.234375
78148 4127.45019531
78209 4124.45507812
78269 4121.31982422
78329 4120.52734375
78389 4119.15478516
78449 4116.10253906
78509 4113.68457031
78569 4111.52001953
78630 4109.96044922
78690 4106.77978516
78750 4105.64501953
78810 4102.98779297
78870 4101.48144531
78930 4100.64013672
78990 4097.27880859
79050 4094.83764648
79111 4093.17456055
79171 4089.81762695
79231 4087.75048828
79291 4086.42822266
79351 4084.30981445
79411 4082.06469727
79471 4079.37402344
79532 4077.78833008
79592 4075.89208984
79652 4073.60180664
79712 4071.68408203
79772 4069.31420898
79832 4065.89282227
79892 4063.75878906
79953 4062.56347656
80013 4060.69799805
80073 4058.30053711
80133 4056.17993164
80193 4052.53100586
80253 4049.65063477
80313 4045.61865234
80373 4041.58618164
80431 4040.70703125
80488 4037.56079102
80548 4035.97802734
80608 4033.69628906
80668 4032.79492188
80728 4029.76928711
80789 4028.53710938
80849 4024.8112793
80909 4023.76245117
80969 4022.98291016
81029 4019.42993164
81089 4017.33325195
81149 4014.81640625
81390 4020.18701172
81450 4019.27978516
81510 4017.61621094
81570 4016.17773438
81630 4014.26904297
81682 4012.70727539
81734 4010.82836914
81770 4009.56103516
81805 4008.29516602
81865 4005.9753418
81925 4004.47973633
81985 4001.59716797
82045 4000.35327148
82105 3998.93164062
82165 3997.41113281
82226 3995.37109375
82286 3992.24902344
82346 3990.99194336
82406 3988.52001953
82466 3985.89453125
82526 3985.56274414
82586 3983.40234375
82646 3981.51464844
82707 3979.3359375
82767 3976.47875977
82827 3975.61987305
82887 3973.60546875
82947 3971.31616211
83007 3969.68920898
83067 3968.37402344
83127 3965.32226562
83188 3964.0612793
83248 3962.10864258
83308 3959.61230469
83368 3957.92407227
83428 3955.48901367
83488 3953.70922852
83548 3952.00390625
83608 3949.61572266
83669 3948.75415039
83729 3946.7097168
83789 3943.75854492
83849 3942.34741211
83909 3940.20605469
83969 3937.66992188
84011 3936.38647461
84028 3935.86621094
84038 3935.55737305
84048 3935.53320312
84083 3934.15185547
84144 3930.92480469
84204 3930.13549805
84264 3928.37939453
84324 3926.4543457
84384 3924.64526367
84444 3922.73535156
84504 3920.34033203
84550 3917.65454102
84596 3916.66015625
84631 3915.90136719
84666 3915.14306641
84726 3913.25415039
84787 3910.30834961
84847 3909.11621094
84907 3908.67456055
84967 3906.3371582
85027 3904.69970703
85087 3902.55126953
85147 3900.12060547
85207 3896.25415039
85268 3895.92163086
85328 3893.88037109
85388 3892.24414062
85448 3888.49584961
85508 3888.22314453
85568 3886.54370117
85628 3883.84423828
85688 3883.29077148
85749 3880.93334961
85809 3878.03442383
85869 3877.02514648
85929 3874.23852539
85989 3871.33886719
86049 3870.42382812
86110 3867.28588867
86170 3866.75366211
86230 3865.22973633
86290 3863.64941406
86350 3862.53710938
86410 3859.63110352
86470 3857.93334961
86530 3856.43530273
86591 3854.54248047
86651 3853.81518555
86711 3851.2800293
86771 3850.06347656
86831 3848.05957031
86891 3846.56689453
86951 3844.49194336
87011 3841.61865234
87072 3840.43969727
87132 3837.83178711
87312 3832.20166016
87372 3831.35839844
87432 3830.34985352
87492 3828.6081543
87553 3826.15209961
87613 3824.05249023
87673 3821.83398438
87733 3820.50610352
87793 3818.13671875
87853 3816.50341797
87913 3814.63452148
87973 3813.34667969
88034 3810.64672852
88094 3808.4543457
88214 3805.74926758
88274 3804.13232422
88334 3801.82763672
88394 3800.42041016
88454 3799.22143555
88515 3797.12524414
88575 3794.85131836
88635 3791.77319336
88688 3791.0324707
88741 3788.1550293
88801 3786.92871094
88861 3785.21508789
88921 3782.76757812
88965 3781.54052734
89010 3780.01416016
89052 3779.44726562
89070 3779.21313477
89105 3778.74462891
89143 3778.10009766
89182 3776.09375
89242 3774.01196289
89302 3772.63061523
89362 3770.39941406
89483 3769.85864258
89543 3768.98291016
89603 3766.80371094
89663 3765.26220703
89723 3761.61450195
89783 3758.87670898
89843 3758.50878906
89903 3756.45898438
89964 3754.88305664
90024 3750.90185547
90084 3750.40844727
90144 3749.59912109
90204 3748.69702148
90264 3745.86230469
90324 3744.78173828
90385 3742.72045898
90445 3741.10229492
90505 3738.51708984
90565 3737.7722168
90625 3734.55712891
90685 3734.00268555
90746 3732.76269531
90806 3730.30786133
90866 3727.87353516
90926 3726.0378418
90986 3723.36914062
91046 3721.81787109
91106 3720.86376953
91287 3722.26074219
91347 3717.46069336
91407 3716.79418945
91467 3715.07348633
91527 3713.05932617
91587 3710.67016602
91639 3708.55517578
