0 8962.40332031
799 8794.33691406
859 8793.76855469
1023 8756.35644531
1324 8679.97363281
1354 8678.36914062
1370 8675.59570312
1531 8643.99707031
2300 8491.35351562
2480 8477.92089844
3511 8480.21875
3571 8475.60058594
3692 8463.31640625
3870 8438.66699219
3985 8424.24707031
4285 8388.60546875
4402 8374.30273438
4435 8371.9921875
4472 8367.39355469
4712 8336.33203125
4773 8331.17480469
4953 8308.79101562
5073 8293.28125
5133 8287.88476562
5374 8258.921875
5494 8246.95214844
5614 8231.57421875
5735 8219.50878906
5795 8213.73046875
5915 8195.37988281
6433 8132.03710938
6548 8121.00146484
6598 8117.39013672
6710 8103.99902344
6891 8083.45214844
7011 8073.29345703
7054 8067.77148438
7091 8063.328125
7120 8059.93115234
7130 8058.73681641
7165 8054.64111328
7225 8048.64697266
7406 8029.01318359
7526 8019.30566406
7867 7994.74121094
7902 7992.74023438
7937 7991.26953125
7997 7986.38427734
8117 7972.97460938
8178 7967.10449219
8238 7961.12011719
8418 7940.52294922
8598 7922.58496094
8719 7909.33984375
8779 7905.38623047
9013 7879.80175781
9060 7877.41503906
9114 7873.20947266
9174 7867.42675781
9294 7855.95458984
9355 7849.89599609
9535 7827.83740234
9577 7825.38964844
9594 7824.40625
9604 7823.81591797
9614 7820.71191406
9650 7818.40380859
9710 7814.27294922
9830 7802.41650391
9950 7789.00976562
10011 7783.11181641
10071 7777.68115234
10234 7762.13916016
10337 7750.94921875
10432 7741.01220703
10468 7737.33691406
10588 7725.10400391
10648 7720.54394531
10768 7708.43066406
10916 7690.91064453
10953 7686.87304688
11074 7672.85253906
11194 7660.03808594
11254 7654.98388672
11374 7642.84472656
11435 7637.57470703
11495 7633.20361328
11675 7613.82763672
11735 7611.44189453
11856 7601.57128906
12156 7567.35644531
12276 7557.94482422
12397 7545.00585938
12457 7539.74023438
12637 7522.15234375
12758 7512.48876953
12818 7509.91894531
12878 7507.23974609
12938 7503.1953125
12998 7499.18310547
13118 7487.24072266
13299 7472.5703125
13359 7468.97558594
13720 7436.70800781
13780 7431.81152344
13840 7426.99804688
13960 7416.82519531
14013 7411.77636719
14066 7409.55615234
14126 7405.65185547
14180 7400.15673828
14355 7382.95605469
14415 7378.85839844
14535 7365.15527344
14595 7360.89355469
14630 7358.40820312
14655 7356.68505859
14704 7352.36474609
14764 7349.40039062
14945 7330.70068359
15125 7313.47558594
15160 7310.91650391
15170 7310.17919922
15205 7306.42480469
15265 7302.75732422
15386 7291.86914062
15446 7287.76269531
15566 7275.84667969
15626 7270.75146484
15686 7265.6796875
15806 7253.7578125
15927 7245.03125
15987 7241.04541016
16047 7235.47021484
16167 7226.40136719
16227 7220.94433594
16287 7218.890625
16348 7213.77441406
16468 7200.66796875
16528 7195.66308594
16569 7192.16699219
16585 7190.80322266
16595 7189.94775391
16605 7187.92285156
16640 7185.29101562
16700 7182.02392578
16761 7177.58007812
16821 7171.50830078
16941 7161.53076172
17108 7148.88330078
17288 7131.59960938
17348 7126.75634766
17468 7113.50048828
17649 7095.17578125
17709 7090.03417969
17769 7089.39501953
17889 7076.0546875
17950 7070.671875
18010 7066.26953125
18070 7064.79443359
18130 7060.57519531
18430 7034.60546875
18551 7019.40527344
18611 7017.02148438
18731 7004.37402344
18851 6992.38037109
18911 6991.27099609
18949 6986.60253906
19029 6975.24023438
19078 6972.97802734
19125 6971.34521484
19164 6968.703125
19194 6964.77294922
19210 6961.37988281
19247 6958.83886719
19307 6952.78466797
19367 6949.96289062
19608 6919.68164062
19668 6917.68066406
19728 6913.81689453
19953 6892.39013672
19997 6890.18115234
20057 6885.86865234
20177 6877.33740234
20298 6867.13769531
20358 6864.06152344
20478 6860.44677734
20598 6847.82128906
20659 6842.29785156
20719 6839.23339844
20779 6838.95947266
20839 6837.03027344
20899 6832.89404297
20936 6832.21386719
21034 6821.66210938
21094 6821.18701172
21216 6811.37207031
21818 6793.68066406
21998 6777.92871094
22058 6775.33007812
22118 6770.74902344
22178 6766.26708984
22238 6762.98925781
22359 6752.80126953
22419 6751.22900391
22479 6745.56787109
22539 6740.74462891
22599 6734.83300781
22659 6731.72900391
22719 6729.97265625
22779 6725.19482422
22900 6714.93554688
22960 6712.49316406
23020 6707.62841797
23068 6701.86279297
23093 6700.28369141
23106 6699.50585938
23141 6697.31347656
23201 6694.23144531
23261 6688.42675781
23321 6683.15332031
23381 6680.76757812
23442 6676.96435547
23502 6670.93408203
23562 6667.09765625
23622 6663.79101562
23682 6661.43457031
23742 6656.97851562
23862 6646.0078125
23922 6643.46191406
23983 6637.59863281
24043 6635.51611328
24163 6623.65087891
24223 6618.91064453
24283 6615.2109375
24343 6611.70214844
24403 6608.26953125
24463 6603.74121094
24524 6598.67626953
24584 6595.98242188
24644 6590.77587891
24704 6585.14257812
24764 6584.16357422
24824 6581.17089844
24884 6576.84082031
24944 6573.42822266
25065 6561.98486328
25125 6561.23828125
25185 6555.83984375
25245 6550.47460938
25365 6542.38427734
25418 6539.43310547
25472 6536.48828125
25532 6532.81347656
25652 6522.73095703
25712 6516.6953125
25772 6514.17431641
25833 6512.05029297
25953 6501.67529297
26013 6497.68896484
26073 6494.49023438
26193 6484.37451172
26253 6482.11914062
26314 6476.59765625
26374 6472.32666016
26434 6468.55322266
26494 6462.48681641
26550 6460.16650391
26583 6459.51757812
26621 6456.96875
26741 6447.45654297
26801 6444.91699219
26861 6440.06347656
26921 6435.90673828
26981 6432.23583984
27042 6427.4296875
27102 6423.63867188
27162 6420.17138672
27222 6414.77685547
27282 6410.64648438
27342 6407.07177734
27402 6402.35839844
27462 6399.68798828
27523 6395.50048828
27583 6390.25195312
27643 6385.36425781
27703 6379.87939453
27763 6378.01171875
27823 6373.83056641
27883 6369.62695312
27943 6367.51708984
28004 6365.34179688
28124 6354.85400391
28184 6350.60449219
28303 6341.0234375
28361 6339.88916016
28421 6335.8125
28482 6333.38232422
28542 6330.41601562
28662 6320.12158203
28722 6315.12548828
28782 6311.24414062
28842 6308.50585938
28902 6305.59863281
28963 6302.37109375
29023 6296.62744141
29083 6292.84277344
29143 6289.87792969
29203 6285.86621094
29263 6281.01953125
29323 6278.47167969
29384 6272.83398438
29444 6269.53125
29504 6266.61669922
29564 6263.62548828
29624 6260.34423828
29684 6254.86962891
29744 6251.70458984
29804 6248.47851562
29865 6244.47705078
29925 6239.38232422
29985 6235.65673828
30045 6230.40722656
30105 6225.56396484
30165 6223.41650391
30225 6217.66601562
30285 6214.39892578
30346 6212.49072266
30406 6208.17089844
30466 6205.35742188
30526 6201.16650391
30646 6190.078125
30686 6189.45458984
30702 6189.21777344
30712 6189.06054688
30747 6186.89990234
30807 6183.15576172
30867 6180.81347656
30927 6177.13671875
30988 6173.60546875
31048 6169.35302734
31108 6163.89404297
31168 6161.91015625
31215 6160.54882812
31240 6160.47363281
31278 6156.45703125
31338 6151.23388672
31398 6148.35498047
31459 6144.48876953
31579 6136.35107422
31639 6134.07910156
31699 6129.49755859
31759 6126.73828125
31819 6122.51367188
31879 6118.71240234
31940 6114.24169922
32000 6109.47460938
32060 6106.70800781
32120 6104.89208984
32180 6100.01367188
32240 6096.11621094
32300 6092.64404297
32360 6090.56152344
32421 6085.14257812
32467 6082.58300781
32513 6080.40673828
32574 6079.37939453
32634 6074.27929688
32694 6069.95068359
32754 6065.00097656
32814 6063.15087891
32874 6058.0234375
32909 6055.03369141
32944 6052.04345703
33004 6049.95458984
33305 6031.8984375
33365 6028.89697266
33425 6028.45019531
33546 6030.66113281
33666 6017.75683594
33726 6013.86523438
33786 6011.69384766
33846 6007.77001953
33906 6002.87158203
34087 5993.89306641
34147 5990.59472656
34207 5986.82324219
34267 5983.95751953
34327 5978.19677734
34387 5975.37548828
34447 5971.11425781
34508 5968.52197266
34568 5966.31689453
34628 5962.64013672
34688 5959.46777344
34748 5955.47607422
34808 5951.10986328
34868 5946.81933594
34929 5944.26904297
34989 5939.60546875
35049 5935.59033203
35109 5931.42089844
35169 5927.24951172
35229 5925.69726562
35289 5923.59130859
35349 5919.80419922
35410 5917.14550781
35530 5906.64111328
35590 5905.07324219
35650 5901.58642578
35710 5896.72363281
35770 5893.21337891
35830 5889.73779297
35891 5888.22802734
35951 5884.4296875
36011 5880.91992188
36071 5876.59619141
36131 5874.37695312
36191 5872.72998047
36311 5864.40771484
36372 5861.35644531
36432 5857.43164062
36492 5853.19628906
36552 5849.15966797
36612 5844.53515625
36672 5841.99658203
36732 5839.39941406
36792 5834.35498047
36853 5831.43554688
36913 5827.45214844
36973 5824.21044922
37033 5820.18408203
37093 5816.41113281
37153 5813.55029297
37213 5811.09228516
37273 5806.49511719
37394 5796.23925781
37454 5794.51806641
37514 5792.13525391
37574 5788.69726562
37634 5785.16064453
37694 5783.45703125
37875 5772.98632812
37935 5768.17626953
37995 5765.96484375
38055 5760.05810547
38115 5756.16015625
38235 5752.24755859
38296 5748.26904297
38356 5742.29296875
38416 5742.27539062
38476 5738.86083984
38536 5734.45800781
38596 5731.00439453
38656 5725.34814453
38716 5724.29736328
38823 5717.48925781
38905 5716.21923828
38941 5710.94091797
39001 5710.01953125
39061 5704.47363281
39122 5703.89111328
39182 5700.44482422
39224 5698.06787109
39241 5697.1015625
39251 5696.53710938
39261 5695.73779297
39296 5690.97363281
39356 5686.98535156
39416 5686.72607422
39477 5686.56933594
39597 5675.85498047
39657 5670.33496094
39717 5670.1015625
39777 5665.74755859
39837 5665.03710938
39898 5661.88378906
39958 5658.59570312
40078 5648.98583984
40138 5646.90087891
40198 5644.72753906
40258 5641.05908203
40307 5639.13964844
40337 5637.85742188
40354 5637.15917969
40389 5635.66748047
40426 5634.06738281
40464 5631.44238281
40524 5628.36328125
40584 5626.17089844
40644 5623.17822266
40704 5617.77148438
40764 5617.10595703
40824 5613.26757812
40885 5608.72753906
40945 5606.39111328
41005 5604.19677734
41065 5601.35400391
41125 5596.34765625
41185 5593.81005859
41245 5589.07861328
41306 5585.77490234
41366 5582.72998047
41426 5580.07568359
41486 5578.16015625
41546 5573.95800781
41606 5570.56933594
41666 5567.12255859
41726 5564.46337891
41787 5559.796875
41847 5558.27099609
41907 5555.64794922
41967 5553.33300781
42027 5548.87548828
42087 5544.38232422
42386 5530.95556641
42422 5528.96582031
42457 5526.97949219
42517 5521.97265625
42577 5519.96582031
42637 5518.01416016
42697 5512.62158203
42757 5508.4453125
42817 5507.24609375
42877 5503.82226562
42938 5501.11572266
42998 5496.63378906
43118 5495.26171875
43178 5489.44091797
43238 5485.08935547
43298 5483.125
43359 5480.67773438
43419 5475.62402344
43479 5474.18457031
43539 5469.70117188
43599 5467.52441406
43659 5462.42382812
43719 5460.23193359
43779 5459.59570312
43839 5456.47851562
43900 5451.75634766
43960 5449.68554688
44020 5445.37451172
44080 5442.66894531
44140 5438.69091797
44200 5436.80273438
44260 5432.67333984
44320 5430.88134766
44381 5427.08398438
44441 5424.43798828
44501 5423.65087891
44561 5419.59277344
44621 5416.17822266
44681 5413.50097656
44741 5410.13476562
44802 5406.41748047
44862 5402.65380859
44922 5401.82617188
44982 5398.87402344
45042 5394.91894531
45102 5393.2890625
45162 5389.84375
45222 5387.03466797
45283 5384.75878906
45343 5381.31982422
45403 5378.76220703
45463 5374.21533203
45523 5369.54443359
45583 5368.31103516
45643 5364.03857422
45703 5361.45214844
45763 5358.87011719
45824 5356.12988281
45859 5354.53076172
45881 5354.43945312
45916 5352.33691406
45976 5347.21142578
46037 5343.70507812
46097 5341.18896484
46157 5339.92871094
46217 5337.01708984
46277 5332.49267578
46337 5329.19433594
46397 5325.98681641
46457 5322.08496094
46518 5319.69238281
46578 5317.67089844
46638 5314.66455078
46698 5310.71679688
46758 5308.51904297
46818 5307.02246094
46879 5303.33056641
46939 5300.15673828
46999 5297.59716797
47059 5294.89746094
47119 5291.53076172
47179 5287.65429688
47239 5285.61767578
47299 5281.41552734
47359 5276.99169922
47420 5275.80957031
47480 5273.65869141
47540 5268.75585938
47600 5264.19433594
47660 5260.88183594
47720 5258.62255859
47780 5258.37255859
47961 5247.59814453
48021 5244.72070312
48081 5242.90771484
48141 5239.50634766
48201 5237.09570312
48261 5231.54736328
48322 5229.58251953
48382 5225.90722656
48442 5225.12695312
48502 5220.5
48622 5217.92089844
48682 5213.59472656
48743 5208.81835938
48803 5205.24902344
48863 5201.53808594
48923 5200.49169922
48983 5196.68164062
49043 5193.03759766
49103 5189.92041016
49163 5188.27099609
49224 5185.53759766
49284 5182.13769531
49334 5178.94628906
49377 5177.31640625
49405 5176.25292969
49415 5175.875
49451 5175.06689453
49511 5171.37109375
49571 5167.76318359
49631 5165.75830078
49691 5162.45849609
49751 5159.42578125
49811 5154.75634766
49871 5152.71533203
49931 5148.25
49992 5145.66601562
50052 5142.56298828
50112 5138.07470703
50172 5137.78564453
50232 5135.43261719
50292 5131.31054688
50352 5128.91552734
50412 5126.94384766
50473 5123.66455078
50533 5120.85546875
50593 5118.29296875
50653 5117.89160156
50713 5116.20410156
50773 5114.51123047
50833 5112.18798828
50893 5108.05664062
50954 5104.0390625
51014 5101.24023438
51049 5099.60693359
51084 5097.97607422
51144 5097.09814453
51204 5095.59765625
51264 5092.42333984
51325 5088.40576172
51385 5085.72460938
51445 5084.88183594
51505 5082.8046875
51565 5079.6640625
51625 5074.88085938
51685 5072.11425781
51745 5069.26953125
51786 5065.5703125
51806 5064.70019531
51847 5063.13574219
51907 5060.49169922
51967 5058.43408203
52028 5053.93261719
52088 5052.46923828
52148 5050.26904297
52208 5046.95166016
52268 5044.50048828
52328 5043.64160156
52388 5039.09326172
52448 5036.83251953
52509 5034.70654297
52569 5029.52050781
52629 5025.59082031
52930 5016.86083984
52990 5013.87109375
53050 5011.20898438
53110 5007.74658203
53170 5006.29248047
53231 5003.95019531
53291 5001.87548828
53351 4998.28662109
53411 4995.30322266
53471 4991.16601562
53531 4990.19091797
53591 4989.17822266
53651 4985.63867188
53712 4982.09472656
53772 4980.44824219
53832 4976.21875
53892 4973.86865234
53952 4970.87402344
54012 4967.57128906
54072 4964.49951172
54133 4962.57421875
54193 4959.07958984
54253 4956.35644531
54313 4954.66503906
54373 4952.43505859
54433 4948.29052734
54493 4944.70605469
54554 4940.6953125
54614 4939.77734375
54674 4935.61767578
54734 4933.74023438
54794 4930.31689453
54854 4926.77001953
54914 4924.92285156
54974 4922.45751953
55035 4919.88574219
55095 4917.57958984
55155 4913.37792969
55215 4910.98925781
55250 4909.59667969
55260 4909.19873047
55295 4908.43798828
55355 4904.54443359
55415 4902.30371094
55536 4898.37207031
55596 4895.43261719
55656 4892.15039062
55716 4891.26220703
55776 4887.87109375
55836 4886.51074219
55896 4882.96337891
55957 4878.4453125
56017 4876.28125
56077 4873.40820312
56137 4870.95361328
56197 4868.20800781
56257 4865.06591797
56317 4863.61083984
56377 4859.92285156
56438 4857.05761719
56498 4853.15917969
56558 4850.12597656
56618 4847.51806641
56678 4844.51269531
56738 4842.54589844
56798 4840.38037109
56859 4838.63232422
56919 4835.74658203
56979 4832.29541016
57017 4831.95556641
57054 4829.56298828
57090 4827.67382812
57125 4826.625
57185 4822.92578125
57245 4819.27001953
57305 4817.51757812
57365 4813.48388672
57425 4812.8984375
57485 4810.59521484
57546 4806.60644531
57606 4804.67675781
57666 4802.78369141
57726 4801.26904297
57786 4796.75097656
57846 4792.51416016
57906 4789.80761719
57966 4786.73144531
58027 4785.59960938
58087 4780.36083984
58147 4777.52246094
58207 4775.83740234
58267 4773.21484375
58327 4768.22753906
58387 4767.98388672
58448 4763.95214844
58508 4762.23095703
58563 4759.58935547
58597 4758.57519531
58610 4758.17236328
58645 4757.11083984
58705 4753.53027344
58765 4748.41992188
58825 4746.97021484
58874 4746.42480469
58901 4742.11474609
58938 4739.97607422
58998 4738.04394531
59058 4736.18505859
59118 4731.33984375
59238 4728.72851562
59299 4724.96923828
59359 4720.63476562
59419 4719.52783203
59480 4716.16992188
59540 4711.70458984
59594 4710.98046875
59649 4707.24609375
59709 4704.27197266
59769 4700.53076172
59829 4699.85205078
59889 4695.47460938
59949 4694.13037109
60010 4689.25585938
60070 4688.32666016
60130 4683.26660156
60190 4679.70654297
60250 4678.14355469
60310 4674.12695312
60370 4672.34716797
60430 4671.06982422
60491 4667.66650391
60551 4663.64355469
60611 4662.84521484
60671 4658.29003906
60731 4656.58740234
60791 4654.07714844
60851 4649.35009766
60912 4646.67089844
60972 4643.17041016
61092 4644.015625
61152 4642.93017578
61212 4641.4375
61272 4641.27783203
61332 4638.63183594
61393 4636.04931641
61453 4632.11865234
61513 4631.55712891
61573 4628.50830078
61633 4624.76025391
61693 4622.51855469
61753 4620.19628906
61814 4618.13427734
61874 4615.83740234
61934 4611.16601562
61994 4608.86181641
62054 4607.93457031
62114 4604.93505859
62175 4603.73291016
62235 4602.34765625
62295 4598.74267578
62356 4594.52099609
62416 4592.44189453
62476 4590.88183594
62537 4588.73535156
62598 4586.69580078
62646 4581.96484375
62694 4580.46337891
62754 4578.85595703
62814 4577.20996094
62874 4573.39111328
62915 4570.44970703
62931 4569.30712891
62956 4569.22509766
62996 4567.95947266
63056 4566.34130859
63116 4562.33740234
63177 4560.56640625
63237 4558.05957031
63297 4554.64550781
63357 4551.42919922
63417 4548.47265625
63477 4546.0546875
63537 4544.93945312
63598 4541.51367188
63658 4536.375
63718 4534.84863281
63778 4533.91064453
63838 4531.06201172
63898 4528.37353516
63958 4526.41357422
64019 4523.0234375
64079 4521.12939453
64199 4516.98681641
64259 4515.60839844
64319 4510.55810547
64379 4510.40136719
64680 4508.53125
64740 4505.86279297
64800 4503.39257812
64860 4500.76855469
64920 4498.95410156
64981 4496.38183594
65041 4492.96191406
65101 4491.20800781
65146 4489.06835938
65191 4486.66796875
65251 4483.41259766
65311 4483.31933594
65371 4480.67382812
65431 4477.58056641
65492 4474.61132812
65552 4472.62451172
65612 4469.37890625
65672 4467.52392578
65732 4464.03369141
65792 4462.37207031
65852 4461.00927734
65912 4459.69042969
65968 4456.49267578
65998 4454.74707031
66008 4454.16650391
66018 4454.00830078
66028 4453.94335938
66063 4452.13378906
66123 4450.26611328
66183 4448.49511719
66243 4446.390625
66303 4444.03369141
66363 4440.88720703
66424 4439.41064453
66484 4436.42041016
66544 4433.88574219
66604 4431.06591797
66664 4429.4375
66724 4427.13769531
66784 4425.45654297
66844 4420.97558594
66904 4418.58789062
66965 4416.51513672
67025 4414.84863281
67085 4413.21289062
67145 4410.36279297
67205 4407.75634766
67265 4404.66552734
67326 4402.71875
67386 4400.99023438
67446 4397.26269531
67506 4395.50976562
67566 4393.68994141
67626 4390.14794922
67686 4387.43945312
67746 4384.40917969
67807 4382.37744141
67867 4381.89355469
67927 4379.53369141
67987 4376.33935547
68047 4372.74462891
68107 4371.39501953
68167 4369.23291016
68228 4367.11962891
68288 4364.42919922
68348 4362.53076172
68408 4359.54199219
68468 4358.09960938
68528 4355.76757812
68588 4353.33544922
68632 4351.85839844
68676 4349.16992188
68736 4346.52539062
68797 4345.27783203
68857 4342.35839844
68917 4340.65576172
68977 4337.68847656
69037 4336.03027344
69097 4333.75732422
69157 4331.32421875
69217 4328.28125
69278 4326.66796875
69338 4323.58789062
69398 4321.17285156
69458 4318.76025391
69518 4315.22265625
69578 4313.84667969
69638 4311.078125
69699 4308.52539062
69759 4306.16162109
69819 4306.08203125
69879 4303.18017578
69939 4299.984375
69999 4298.41259766
70059 4294.30859375
70119 4292.09228516
70179 4290.55957031
70240 4287.19335938
70300 4285.34521484
70360 4283.83105469
70420 4281.49658203
70480 4279.98046875
70540 4277.2578125
70600 4274.63525391
70660 4274.00927734
70721 4272.86083984
70781 4268.43212891
70841 4265.17089844
70901 4264.32275391
70961 4261.91699219
71021 4259.92382812
71081 4258.15380859
71128 4256.33740234
71175 4254.85742188
71236 4252.38183594
71296 4249.28125
71356 4247.48486328
71416 4246.50585938
71476 4244.76611328
71536 4241.41845703
71596 4238.40380859
71656 4237.00878906
71716 4234.94921875
71777 4232.93359375
71837 4231.33740234
71872 4230.40527344
71885 4230.06152344
71923 4227.67431641
71983 4224.40527344
72043 4222.55126953
72103 4220.39892578
72163 4218.20654297
72223 4216.86865234
72283 4214.03808594
72343 4211.10888672
72404 4209.49121094
72464 4208.45800781
72524 4206.91845703
72584 4203.34570312
72644 4201.37060547
72704 4199.25292969
72765 4196.75341797
72825 4194.20117188
72885 4191.8515625
72945 4190.3203125
72997 4187.87988281
73026 4186.48193359
73039 4185.88037109
73074 4184.20654297
73134 4181.92382812
73194 4180.75146484
73254 4177.95751953
73314 4175.26318359
73374 4172.93603516
73434 4170.60351562
73494 4168.63378906
73555 4166.46923828
73615 4163.35546875
73675 4161.18359375
73735 4160.36914062
73795 4156.89257812
73855 4156.53369141
73915 4154.70654297
73976 4151.62792969
74036 4149.41894531
74096 4147.62646484
74156 4143.80175781
74216 4141.89794922
74276 4141.27880859
74336 4140.08007812
74396 4137.55908203
74456 4134.39892578
74517 4132.78417969
74577 4129.12109375
74635 4127.57763672
74668 4126.70019531
74783 4131.16162109
74843 4126.64208984
74903 4123.66113281
74963 4120.82666016
75023 4118.68847656
75084 4117.36035156
75144 4114.62109375
75204 4111.56591797
75264 4108.55419922
75324 4105.36669922
75384 4103.99853516
75444 4099.81298828
75504 4096.82666016
75565 4094.32373047
75625 4091.76123047
75685 4089.24902344
75805 4086.88769531
75865 4083.37768555
75925 4081.25317383
75985 4080.41699219
76046 4077.47460938
76106 4074.3034668
76166 4074.24536133
76226 4070.09179688
76286 4068.39599609
76346 4065.76513672
76406 4063.95703125
76466 4062.70947266
76527 4060.71972656
76587 4057.52368164
76707 4056.91430664
76767 4055.95458984
76827 4051.43774414
76887 4048.43774414
76948 4046.20117188
77008 4045.08276367
77068 4042.37695312
77128 4041.14160156
77188 4039.37280273
77308 4036.58032227
77368 4035.38134766
77429 4033.52197266
77489 4031.84960938
77549 4028.97436523
77609 4027.41967773
77650 4027.2253418
77690 4024.72729492
77750 4023.79418945
77810 4021.23193359
77871 4018.23876953
77931 4016.49462891
77991 4013.95849609
78051 4012.22314453
78111 4010.34008789
78171 4007.34814453
78231 4006.15332031
78292 4005.87719727
78352 4003.28149414
78412 4001.06518555
78472 3999.10083008
78532 3996.36889648
78592 3995.13598633
78652 3992.95410156
78712 3989.27563477
78773 3988.3046875
78833 3986.86694336
78893 3984.01025391
78953 3982.72973633
79013 3981.36645508
79073 3980.56054688
79133 3979.22509766
79193 3977.68432617
79253 3975.58886719
79314 3970.9050293
79374 3968.85107422
79434 3966.19921875
79494 3964.37939453
79554 3962.69042969
79614 3960.3125
79674 3957.87402344
79735 3956.47973633
79795 3954.82568359
79855 3953.13183594
79915 3950.34130859
79975 3948.71728516
80035 3946.18774414
80095 3943.98291016
80155 3941.04003906
80215 3939.97558594
80276 3937.70996094
80336 3935.04077148
80636 3934.80932617
80697 3931.75585938
80757 3930.09960938
80817 3927.64672852
80877 3926.74536133
80937 3924.7355957
80997 3922.22167969
81057 3921.47900391
81118 3918.87280273
81178 3916.44873047
81238 3914.36572266
81298 3912.37304688
81358 3911.35644531
81418 3908.46557617
81478 3907.04321289
81538 3905.63134766
81599 3902.73681641
81659 3900.86303711
81719 3898.46826172
81779 3896.04980469
81839 3894.78515625
81899 3891.87207031
81959 3889.79150391
82019 3888.50830078
82080 3886.82519531
82140 3885.05761719
82200 3882.58837891
82260 3879.48632812
82320 3877.84863281
82380 3876.62280273
82440 3873.96557617
82501 3872.72875977
82561 3870.55249023
82621 3866.1015625
82681 3865.40942383
82741 3862.48706055
82801 3860.71606445
82861 3860.3659668
82921 3857.51269531
82982 3854.02075195
83042 3850.63623047
83102 3847.51928711
83162 3846.45703125
83222 3844.83618164
83282 3842.57128906
83342 3839.73608398
