0 10104.1455078
311 9988.81835938
432 9942.15917969
597 9891.68457031
623 9884.88476562
639 9883.87695312
662 9882.36035156
891 9802.61035156
951 9789.79785156
1071 9749.01464844
1251 9688.90917969
1492 9626.04492188
1826 9740.7734375
1886 9733.74804688
1937 9722.3984375
1964 9716.18261719
2001 9709.9296875
2062 9702.21582031
2122 9699.01953125
2182 9695.125
2242 9684.12109375
2302 9672.17382812
2362 9664.55761719
2405 9658.33203125
2448 9647.51855469
2508 9640.39355469
2568 9632.18945312
2618 9618.33007812
2668 9609.42480469
2729 9601.22070312
2789 9586.27441406
2849 9576.87890625
2909 9570.63964844
2969 9555.9375
3029 9548.31152344
3089 9540.27148438
3149 9527.94921875
3270 9505.09082031
3390 9483.69921875
3450 9478.29003906
3510 9468.99316406
3570 9454.29101562
3630 9444.35839844
3674 9437.7265625
3709 9437.07128906
3761 9423.05664062
3821 9410.99316406
3881 9406.03808594
3928 9402.24316406
3974 9389.47949219
4010 9380.44140625
4045 9375.64648438
4105 9373.69628906
4165 9364.79882812
4225 9350.48730469
4285 9339.92675781
4345 9334.08105469
4405 9319.671875
4466 9312.78320312
4526 9299.12207031
4586 9288.95214844
4646 9273.7734375
4766 9269.23828125
4826 9256.81152344
4886 9250.39355469
4946 9247.91113281
4996 9239.84082031
5021 9235.83105469
5056 9230.12207031
5116 9218.08789062
5151 9214.26464844
5186 9210.22363281
5246 9197.52246094
5306 9190.09570312
5416 9184.71679688
5466 9172.14941406
5501 9163.23730469
5517 9159.28710938
5558 9158.99023438
5618 9151.46191406
5678 9143.45996094
5738 9133.54101562
5798 9122.30664062
5858 9111.27148438
5919 9104.65917969
5979 9097.63476562
6039 9089.93847656
6099 9078.14648438
6159 9071.29101562
6219 9061.91015625
6460 9049.36230469
6520 9042.09082031
6580 9031.90332031
6632 9028.56054688
6662 9025.02832031
6700 9019.10839844
6760 9008.68457031
6820 9002.37402344
6880 8995.94824219
6940 8986.83496094
7000 8978.31542969
7060 8970.90429688
7121 8963.94433594
7181 8953.20703125
7241 8942.56640625
7276 8936.35644531
7308 8930.68066406
7365 8924.2578125
7425 8918.43554688
7485 8912.82617188
7546 8905.5234375
7589 8902.54101562
7622 8897.2421875
7672 8888.3359375
7732 8877.59863281
7792 8869.45703125
7853 8859.43066406
7913 8851.81835938
7973 8845.88574219
8033 8840.08300781
8093 8828.37792969
8153 8822.11035156
8213 8817.35839844
8273 8810.14746094
8334 8798.06835938
8394 8791.70800781
8454 8781.31933594
8514 8774.92871094
8574 8767.13378906
8634 8757.37792969
8694 8750.56640625
8755 8740.40136719
8815 8726.26660156
8875 8725.43457031
8935 8717.96875
8995 8711.29589844
9055 8703.31738281
9115 8692.03027344
9176 8683.40722656
9236 8678.26171875
9296 8667.3828125
9339 8660.75292969
9382 8654.84863281
9442 8647.67089844
9502 8642.93945312
9557 8635.87792969
9588 8632.02050781
9623 8627.53710938
9683 8622.80175781
9743 8613.55664062
9803 8607.4609375
9863 8600.0625
9923 8591.69238281
9983 8588.58691406
10044 8578.69628906
10102 8569.69433594
10141 8566.26464844
10182 8560.51757812
10242 8553.2734375
10303 8553.21582031
10363 8541.5859375
10423 8534.00292969
10530 8520.24511719
10577 8515.13378906
10612 8511.33691406
10622 8510.25292969
10657 8507.86914062
10718 8499.58691406
10778 8485.67285156
10838 8480.25878906
10898 8476.13867188
10958 8466.14355469
11018 8459.32519531
11078 8456.24804688
11138 8451.08691406
11199 8437.65234375
11259 8431.23632812
11319 8424.09277344
11620 8396.35742188
11664 8389.4609375
11686 8387.21777344
11707 8385.97558594
11751 8382.77929688
11812 8376.30761719
11872 8369.50585938
11932 8360.85839844
11980 8356.00097656
12003 8353.67089844
12013 8352.64746094
12023 8350.00488281
12037 8348.8203125
12053 8345.8828125
12090 8342.66210938
12138 8337.43554688
12161 8334.9453125
12171 8333.77929688
12182 8331.22558594
12217 8328.25195312
12277 8320.3515625
12349 8309.29199219
12409 8308.24804688
12469 8298.14941406
12529 8292.29199219
12589 8285.18261719
12649 8279.78320312
12695 8275.63183594
12740 8268.41992188
12800 8262.78417969
12860 8252.26953125
12921 8247.06835938
12981 8241.72363281
13041 8230.76269531
13101 8224.50683594
13161 8216.5703125
13221 8210.72070312
13281 8205.71386719
13331 8199.48925781
13355 8196.40136719
13390 8191.97607422
13451 8183.49658203
13511 8174.59863281
13571 8166.28320312
13631 8158.98291016
13691 8153.09765625
13751 8147.62451172
13811 8142.42236328
13853 8133.21875
13894 8127.60791016
13954 8122.76904297
14015 8117.63476562
14075 8111.28173828
14112 8107.04589844
14149 8103.06982422
14210 8094.00732422
14251 8089.69775391
14293 8085.76904297
14353 8078.69042969
14413 8075.03613281
14473 8064.79296875
14533 8058.44824219
14593 8057.15087891
14654 8049.84082031
14714 8038.015625
14816 8032.92236328
14876 8025.35595703
14936 8017.16210938
14996 8012.46484375
15049 8007.29736328
15079 8005.02490234
15117 7999.27392578
15177 7991.22949219
15237 7982.71386719
15297 7974.62548828
15343 7971.921875
15389 7968.19580078
15430 7963.54052734
15471 7961.63916016
15532 7955.27490234
15592 7948.78710938
15652 7941.43408203
15712 7934.57080078
15772 7928.70166016
15832 7923.12402344
15893 7917.97998047
15953 7910.58007812
16013 7905.10302734
16073 7896.65234375
16133 7891.89990234
16193 7886.52294922
16253 7880.89648438
16293 7877.19921875
16334 7873.27783203
16394 7867.94384766
16454 7858.0546875
16514 7854.22070312
16574 7848.67773438
16634 7844.38525391
16693 7837.79638672
16753 7829.56103516
16813 7824.16259766
16873 7814.62890625
16933 7809.09814453
16993 7803.88476562
17053 7799.93066406
17113 7792.75
17174 7783.98583984
17234 7778.85400391
17595 7755.19433594
17655 7749.49707031
17715 7743.69091797
17775 7737.76904297
17835 7732.65234375
17889 7727.84912109
17944 7723.00537109
18004 7713.52441406
18064 7709.98876953
18124 7704.87939453
18173 7698.52734375
18199 7695.60742188
18236 7689.63134766
18296 7686.65673828
18356 7679.98291016
18416 7673.86816406
18476 7669.61669922
18537 7665.46142578
18578 7660.51611328
18620 7652.52587891
18680 7646.67773438
18741 7644.71679688
18801 7636.50634766
18861 7629.34570312
18921 7626.87158203
18981 7619.47314453
19041 7611.32617188
19101 7604.83398438
19161 7602.69580078
19221 7596.00683594
19282 7588.26953125
19342 7585.69824219
19402 7579.82568359
19462 7571.79248047
19522 7565.94726562
19582 7561.09423828
19642 7554.54394531
19702 7547.61914062
19763 7543.33154297
19823 7537.70849609
19883 7530.39550781
19943 7526.5078125
20003 7522.23046875
20063 7519.74414062
20123 7509.90673828
20184 7505.47070312
20244 7501.46386719
20304 7493.56005859
20364 7485.81347656
20424 7484.41601562
20484 7480.68554688
20544 7472.34814453
20605 7466.68261719
20665 7461.3671875
20725 7453.71533203
20779 7446.81396484
20834 7442.05273438
20894 7438.28320312
20929 7436.08447266
20964 7433.875
21025 7426.90283203
21085 7423.75390625
21145 7416.86181641
21205 7411.78564453
21265 7400.63867188
21325 7398.96630859
21385 7395.12646484
21445 7389.63183594
21506 7381.921875
21566 7378.45605469
21613 7373.22949219
21661 7369.56298828
21721 7363.68457031
21774 7358.06298828
21826 7351.82714844
21886 7347.44433594
21946 7341.00097656
22007 7331.08007812
22067 7326.71191406
22127 7319.640625
22187 7313.24609375
22247 7310.82861328
22307 7308.24511719
22367 7303.56738281
22418 7297.44091797
22443 7294.35253906
22453 7293.13769531
22467 7290.63378906
22482 7289.51025391
22498 7286.81005859
22538 7286.14013672
22598 7283.01318359
22658 7275.59130859
22718 7270.22509766
22778 7263.62011719
22838 7259.14892578
22898 7257.21484375
22958 7249.72412109
23019 7241.70898438
23079 7238.29785156
23139 7232.20507812
23174 7228.64697266
23186 7227.39257812
23224 7222.62158203
23284 7215.56298828
23344 7213.69091797
23404 7208.875
23464 7201.265625
23524 7192.42578125
23584 7188.96289062
23645 7183.31689453
23705 7176.84960938
23765 7174.18408203
23825 7170.01269531
23885 7163.64501953
23945 7157.39990234
24005 7152.55712891
24066 7147.26806641
24126 7141.60009766
24186 7134.72216797
24246 7129.41357422
24306 7126.85693359
24366 7118.55273438
24486 7103.02246094
24547 7101.23828125
24607 7097.90234375
24667 7091.38916016
24727 7090.34765625
24787 7081.50537109
24847 7077.15722656
24907 7075.84277344
24967 7067.60839844
25028 7065.06347656
25088 7061.203125
25148 7051.28710938
25208 7050.14746094
25268 7047.5390625
25328 7041.74658203
25388 7036.875
25438 7033.08691406
25475 7029.28808594
25536 7023.64648438
25596 7016.95166016
25656 7015.22851562
25716 7012.89355469
25776 7007.45507812
25836 6997.21679688
25896 6993.09375
25953 6991.05566406
26011 6989.31787109
26071 6982.54199219
26131 6978.29199219
26191 6974.20703125
26251 6968.56542969
26311 6961.89208984
26372 6956.57421875
26432 6951.38476562
26492 6946.25488281
26552 6943.91845703
26612 6937.52392578
26672 6930.14599609
26732 6924.39648438
26792 6923.49853516
26853 6918.15380859
26913 6912.75244141
26973 6908.03466797
27033 6901.9140625
27093 6898.08642578
27153 6896.88232422
27213 6892.49267578
27274 6885.15283203
27334 6877.89990234
27394 6875.04541016
27454 6870.27050781
27514 6864.14990234
27574 6861.99072266
27634 6856.84570312
27695 6849.47216797
27755 6844.78076172
27815 6839.23730469
27875 6835.94433594
27935 6830.83203125
27995 6826.00244141
28055 6819.02978516
28116 6815.34082031
28176 6812.19677734
28236 6808.38476562
28296 6802.88623047
28356 6797.32324219
28416 6794.65136719
28476 6789.23388672
28536 6783.22412109
28596 6777.96240234
28643 6773.78613281
28664 6771.84912109
28674 6770.93896484
28710 6769.35205078
28770 6766.41894531
28830 6759.29785156
28890 6754.10644531
28950 6749.85449219
29010 6745.66064453
29062 6741.79833984
29089 6739.75488281
29125 6737.07861328
29426 6713.65917969
29486 6707.1953125
29546 6702.65576172
29606 6697.81738281
29667 6692.50634766
29727 6688.03613281
29787 6682.85351562
29847 6676.32714844
29907 6673.19921875
29967 6667.79296875
30027 6663.05957031
30087 6658.87597656
30148 6655.89501953
30208 6651.77246094
30268 6647.73535156
30328 6642.92236328
30388 6636.37255859
30448 6635.09765625
30508 6631.25927734
30569 6626.01904297
30629 6622.97753906
30689 6618.66943359
30749 6611.38232422
30809 6606.71777344
30869 6602.25537109
30929 6597.36767578
30990 6593.32275391
31050 6590.0703125
31096 6587.27001953
31120 6585.07861328
31158 6582.00048828
31218 6575.91748047
31278 6572.80419922
31338 6568.12890625
31393 6564.56152344
31448 6563.0625
31485 6559.12597656
31523 6554.8046875
31584 6553.34179688
31644 6548.38085938
31704 6541.19482422
31764 6538.37304688
31824 6531.75488281
31865 6526.80957031
31906 6525.42285156
31967 6521.84179688
32027 6517.31982422
32087 6513.56542969
32147 6510.82470703
32207 6506.72460938
32267 6501.58154297
32327 6496.39599609
32388 6490.69042969
32448 6488.27441406
32508 6482.54589844
32568 6476.87402344
32628 6470.92431641
32688 6467.79394531
32748 6464.03369141
32809 6461.25341797
32869 6455.23779297
32929 6451.96923828
32989 6445.78027344
33049 6439.88085938
33109 6438.33447266
33169 6435.33837891
33229 6427.15429688
33350 6421.22314453
33410 6415.89355469
33470 6411.20947266
33530 6408.29150391
33590 6402.72363281
33650 6396.3125
33710 6393.20410156
33771 6389.48193359
33831 6384.33056641
33891 6377.99902344
33951 6372.26367188
34011 6369.95898438
34071 6365.94726562
34131 6360.67919922
34191 6356.02294922
34252 6349.89648438
34312 6343.45410156
34372 6339.81103516
34432 6333.70117188
34492 6331.02832031
34552 6325.45507812
34587 6322.20214844
34599 6321.10888672
34611 6320.8203125
34647 6316.13183594
34707 6309.86767578
34768 6307.74707031
34828 6302.08300781
34889 6296.88964844
34924 6293.86376953
34959 6290.85546875
34994 6290.31445312
35029 6286.53466797
35089 6283.29541016
35149 6277.37158203
35210 6268.65039062
35270 6266.49023438
35330 6263.03466797
35390 6255.71337891
35450 6252.95166016
35510 6250.78955078
35570 6244.51660156
35630 6242.42382812
35691 6236.52587891
35751 6228.45166016
35811 6225.80712891
35871 6217.35009766
35931 6212.83007812
35991 6209.35595703
36051 6205.01855469
36111 6199.43261719
36172 6195.84863281
36232 6193.02587891
36292 6184.67578125
36352 6181.6796875
36412 6178.76708984
36472 6178.31738281
36532 6173.45654297
36592 6160.59179688
36698 6159.32617188
36720 6156.98291016
36758 6152.06640625
36818 6148.55126953
36878 6141.515625
36938 6138.94287109
36998 6135.64746094
37059 6132.13134766
37119 6131.05517578
37179 6126.62353516
37239 6119.47558594
37299 6114.88671875
37359 6112.81347656
37419 6109.44042969
37540 6107.40820312
37660 6101.47314453
37720 6092.88476562
37780 6089.70800781
37840 6087.62597656
37900 6081.10058594
37960 6077.46240234
37995 6075.33935547
38007 6074.62939453
38044 6074.38183594
38087 6070.45751953
38130 6066.75439453
38190 6060.57519531
38250 6053.99902344
38370 6053.78320312
38430 6047.69042969
38491 6043.87109375
38551 6039.56689453
38611 6037.24902344
38731 6027.50585938
38791 6021.01855469
38912 6009.92431641
38972 6004.7109375
39152 5998.69335938
39212 5993.06982422
39272 5989.90185547
39332 5987.72705078
39393 5984.55664062
39513 5982.05859375
39573 5976.37988281
39633 5968.29443359
39693 5961.43212891
39753 5958.92480469
39814 5954.87353516
39874 5954.17871094
39934 5952.79980469
39994 5944.29296875
40054 5941.01904297
40114 5935.83642578
40174 5932.04589844
40234 5931.37939453
40294 5926.94677734
40355 5926.43896484
40415 5922.60742188
40475 5918.58300781
40535 5913.27880859
40595 5910.40332031
40655 5904.74658203
40715 5902.828125
40775 5896.78417969
40836 5893.29296875
40896 5887.76611328
40956 5882.50585938
41016 5877.32958984
41076 5875.23583984
41136 5867.40576172
41337 5866.62402344
41372 5862.71435547
41432 5858.84082031
41481 5858.27197266
41531 5852.9375
41591 5849.76318359
41651 5846.84863281
41771 5839.94482422
41831 5834.68798828
42132 5844.17529297
42192 5839.99951172
42372 5836.02783203
42432 5832.43798828
42492 5831.11914062
42552 5824.87207031
42613 5822.25146484
42673 5818.91113281
42733 5814.37890625
42793 5810.13476562
42853 5806.55566406
42913 5800.67236328
42973 5799.42675781
43033 5797.49169922
43094 5792.21923828
43154 5787.50048828
43214 5784.703125
43274 5780.15966797
43334 5776.77587891
43388 5774.58105469
43420 5772.80029297
43458 5769.51367188
43518 5765.92773438
43578 5761.45117188
43619 5757.97753906
43660 5757.6484375
43720 5754.61572266
43781 5749.19335938
43841 5745.79980469
43901 5742.51513672
43961 5737.94970703
44021 5736.73632812
44081 5733.23144531
44141 5728.82958984
44201 5724.63378906
44261 5720.36376953
44321 5716.22119141
44381 5712.89355469
44417 5710.9453125
44452 5708.99462891
44512 5706.04101562
44572 5703.10351562
44632 5698.88769531
44692 5693.77636719
44752 5691.2109375
44813 5686.86425781
44873 5684.59619141
44933 5682.94238281
44993 5677.63867188
45053 5674.0625
45113 5669.71777344
45173 5666.80761719
45234 5663.56201172
45294 5660.73193359
45354 5655.46679688
45414 5652.10351562
45474 5649.46630859
45534 5646.16113281
45594 5640.98632812
45655 5636.19580078
45754 5634.31396484
45770 5633.49462891
45808 5628.6953125
45856 5625.98730469
45905 5623.39892578
45940 5621.53662109
45971 5619.88085938
46027 5617.51708984
46085 5612.85595703
46143 5611.07763672
46186 5609.14306641
46230 5608.28808594
46290 5603.84570312
46350 5601.25146484
46410 5597.99267578
46470 5593.55224609
46530 5590.19433594
46590 5585.78173828
46633 5582.21582031
46653 5581.58642578
46691 5580.37841797
46751 5577.30224609
46811 5572.45410156
46871 5570.03369141
46931 5566.57128906
46991 5564.01025391
47051 5559.36328125
47086 5556.65234375
47121 5553.93945312
47182 5550.69482422
47242 5549.11132812
47302 5545.23535156
47347 5542.56640625
47392 5542.16162109
47436 5540.48828125
47480 5537.53662109
47540 5532.26416016
47600 5528.62451172
47660 5524.25097656
47720 5523.23144531
47781 5518.68115234
47841 5515.59863281
47901 5511.43115234
47961 5509.74902344
48021 5505.77441406
48081 5502.41845703
48142 5499.75927734
48202 5496.51513672
48262 5491.01855469
48322 5487.29882812
48382 5485.00195312
48442 5482.05224609
48502 5478.23242188
48563 5476.71386719
48623 5470.23046875
48683 5467.84326172
48743 5466.22167969
48792 5463.42382812
48818 5463.23388672
48856 5460.94042969
48916 5456.37304688
48976 5452.1484375
49036 5449.64208984
49096 5447.34716797
49156 5442.70410156
49216 5440.01953125
49277 5437.3125
49337 5433.29394531
49397 5428.56982422
49457 5425.89257812
49517 5421.9921875
49577 5418.36328125
49637 5415.06933594
49697 5413.95654297
49757 5410.50634766
49818 5405.31884766
49878 5401.24121094
49938 5398.97851562
49998 5395.17822266
50058 5391.61865234
50118 5389.42285156
50178 5385.29296875
50239 5383.27929688
50299 5380.22167969
50359 5376.05810547
50419 5373.76611328
50479 5371.44726562
50539 5369.00878906
50599 5363.40869141
50660 5363.01513672
50720 5361.46826172
50780 5355.28466797
50840 5352.44873047
50900 5350.2734375
50960 5346.14794922
51020 5343.54980469
51080 5341.4765625
51141 5336.4453125
51201 5333.76171875
51261 5331.11035156
51321 5328.78515625
51381 5323.47558594
51441 5321.55810547
51501 5320.34472656
51562 5316.82568359
51622 5312.98876953
51657 5310.73730469
51670 5309.93261719
51707 5306.05371094
51767 5304.25927734
51827 5300.58984375
51887 5298.70849609
51947 5295.67822266
52006 5291.83154297
52040 5289.62792969
52050 5288.97070312
52060 5288.65576172
52095 5286.44335938
52155 5283.71582031
52215 5282.20996094
52275 5279.2109375
52335 5276.03955078
52396 5271.71240234
52456 5269.18847656
52516 5265.35253906
52576 5264.01318359
52636 5260.86621094
52696 5257.12060547
52756 5254.7265625
52816 5250.71923828
52877 5247.52978516
52937 5245.14160156
52997 5241.79248047
53057 5239.65039062
53117 5234.57421875
53177 5231.67871094
53237 5228.01904297
53272 5225.88476562
53286 5225.03759766
53300 5224.17480469
53336 5222.95019531
53396 5220.34765625
53456 5216.57128906
53516 5213.72363281
53576 5210.54931641
53636 5206.80419922
53696 5203.96435547
53756 5201.73339844
53816 5197.99462891
53877 5194.65820312
53937 5193.01513672
53997 5189.89404297
54057 5186.40625
54117 5183.45947266
54177 5178.73583984
54237 5174.83349609
54272 5172.55761719
54308 5170.27148438
54368 5169.91796875
54428 5164.53076172
54488 5163.11669922
54548 5159.34472656
54608 5155.12402344
54669 5151.91162109
54729 5148.87353516
54789 5146.63867188
54849 5144.09912109
54909 5140.66503906
54969 5137.2734375
55029 5133.70605469
55089 5131.35888672
55150 5126.80322266
55210 5124.66259766
55270 5124.29833984
55330 5120.07470703
55390 5115.74853516
55450 5113.75537109
55510 5109.65869141
55570 5105.18457031
55631 5104.13476562
55691 5100.22460938
55751 5097.22949219
55811 5094.83544922
55871 5089.83789062
55931 5087.3671875
55991 5085.84863281
56051 5081.45800781
56112 5077.25341797
56172 5073.77636719
56232 5072.76953125
56292 5069.29833984
56352 5065.19921875
56472 5063.43017578
56533 5060.38525391
56593 5056.97753906
56653 5054.98486328
56954 5042.43701172
57014 5037.98876953
57074 5035.97460938
57134 5032.98779297
57194 5029.33740234
57254 5026.01318359
57314 5023.66748047
57375 5021.26708984
57435 5016.28662109
57495 5014.97363281
57555 5011.1328125
57615 5008.37939453
57675 5005.33642578
57735 5000.99755859
57796 4999.19628906
57856 4995.43164062
57916 4993.23828125
57976 4988.87988281
58036 4986.796875
58096 4984.34472656
58156 4982.59472656
58216 4979.43554688
58277 4975.69433594
58337 4972.54150391
58397 4968.65039062
58457 4965.65722656
58517 4962.04785156
58577 4959.99316406
58638 4956.87597656
58698 4953.47119141
58758 4949.32714844
58818 4945.18212891
58878 4943.25683594
58938 4942.84814453
58998 4937.41357422
59058 4935.20214844
59118 4931.91650391
59179 4931.03173828
59239 4929.12207031
59299 4926.93603516
59359 4922.54296875
59419 4918.01318359
59479 4915.3984375
59540 4912.06152344
59600 4909.75683594
59660 4909.11425781
59720 4905.06347656
59780 4902.80957031
59840 4899.59716797
59900 4894.33251953
59961 4891.20263672
60021 4888.47851562
60081 4883.48974609
60141 4881.60009766
60201 4878.49267578
60261 4877.31640625
60321 4873.61181641
60381 4870.46484375
60442 4868.11816406
60502 4866.81542969
60562 4861.04980469
60622 4860.28076172
60682 4855.91601562
60742 4852.06542969
60802 4848.81542969
60862 4847.46582031
60922 4844.06591797
60983 4839.68652344
61043 4838.76464844
61103 4837.08007812
61163 4833.64306641
61223 4830.17089844
61283 4827.94873047
61343 4824.77001953
61404 4823.04492188
61464 4818.14208984
61524 4816.61572266
61584 4813.11230469
61644 4812.03076172
61704 4806.80078125
61764 4805.41650391
61825 4803.1015625
61885 4800.45556641
61945 4795.09423828
62005 4794.61279297
62065 4794.57910156
62125 4788.61425781
62185 4786.53125
62245 4783.16894531
62306 4777.51220703
62366 4772.79638672
62426 4771.87011719
62486 4769.07714844
62546 4764.82421875
62606 4764.11425781
62666 4761.45458984
62726 4761.12744141
62847 4759.55761719
62907 4756.72021484
62967 4754.23388672
63027 4751.03076172
63087 4750.78417969
63147 4748.38183594
63208 4745.74658203
63268 4741.46484375
63328 4739.99121094
63388 4737.11816406
63448 4733.13769531
63508 4730.95458984
63568 4728.56005859
63628 4725.05859375
63689 4722.62207031
63749 4715.34960938
63809 4714.32861328
63869 4712.91357422
63929 4709.94433594
63989 4707.52148438
64049 4704.44384766
64109 4703.24951172
64169 4698.48583984
64230 4697.1640625
64284 4694.93359375
64340 4691.32324219
64400 4688.03222656
64460 4686.14160156
64520 4682.85888672
64555 4680.94433594
64565 4680.39794922
64600 4679.11425781
64660 4676.83935547
64721 4673.54931641
64781 4670.61328125
64841 4668.29101562
64901 4664.71484375
65020 4664.35253906
65077 4658.21289062
65135 4656.78320312
65196 4654.15283203
65256 4649.83789062
65616 4639.53759766
65677 4638.43652344
65737 4636.9453125
65797 4633.04248047
65857 4629.83496094
65917 4627.44580078
65967 4625.64013672
65991 4624.74560547
66026 4623.46435547
66087 4621.77001953
66147 4618.14746094
66207 4616.10009766
66267 4613.78710938
66327 4609.00488281
66387 4606.69580078
66447 4604.71679688
66507 4602.01611328
66568 4598.78076172
66628 4596.03759766
66688 4593.44433594
66748 4591.4453125
66805 4588.82617188
66859 4585.87451172
66917 4584.43164062
66978 4581.47900391
67038 4577.06933594
67092 4574.03564453
67147 4572.87109375
67182 4572.12109375
67217 4571.37060547
67257 4568.56103516
67296 4566.98583984
67356 4565.09765625
67416 4562.22167969
67477 4560.25976562
67537 4555.78222656
67597 4554.62109375
67657 4552.56445312
67717 4550.50878906
67777 4547.34960938
67837 4544.14111328
67897 4541.11035156
67958 4539.27539062
68018 4536.56591797
68078 4533.79736328
68138 4530.74414062
68198 4527.23388672
68258 4523.79882812
68318 4521.67431641
68379 4520.34082031
68439 4517.08154297
68499 4513.28808594
68559 4509.72558594
68619 4508.04638672
68679 4506.40869141
68739 4505.64111328
68799 4501.84765625
68860 4498.93896484
68920 4496.77685547
68980 4493.41113281
69040 4491.42480469
69100 4489.48730469
69160 4486.36523438
69220 4483.59863281
69281 4480.90283203
69341 4478.09326172
69401 4476.97949219
69461 4473.18945312
69521 4471.21044922
69581 4467.74414062
69641 4465.81152344
69701 4463.22802734
69762 4459.60888672
69822 4458.23144531
69882 4455.46533203
69942 4451.07958984
70002 4449.19335938
70062 4446.19726562
70122 4443.31494141
70182 4442.25146484
70243 4439.89599609
70303 4435.60791016
70363 4434.55908203
70423 4432.19970703
70483 4428.37792969
70543 4426.00683594
70603 4422.35791016
70663 4421.19287109
70724 4419.18603516
70784 4415.81591797
70844 4414.42822266
70904 4411.828125
70964 4409.11914062
71024 4408.375
71084 4406.05957031
71144 4404.50195312
71205 4400.29101562
71265 4398.98681641
71325 4397.93652344
71385 4395.72705078
71445 4392.69970703
71505 4390.92138672
71565 4387.83398438
71626 4384.4140625
71686 4381.91455078
71746 4379.21240234
71806 4376.69384766
71866 4373.23876953
71926 4371.21142578
71986 4370.49658203
72047 4367.18115234
72107 4364.74707031
72167 4363.10742188
72227 4359.65283203
72287 4357.02099609
72347 4355.19238281
72388 4353.68408203
72414 4353.51904297
72459 4351.55859375
72519 4348.25634766
72580 4345.54589844
72640 4342.52099609
72691 4340.59130859
72743 4339.046875
72803 4337.63769531
72863 4336.11230469
72923 4332.68017578
72983 4330.32568359
73043 4327.83740234
73103 4323.78515625
73163 4322.23242188
73224 4320.16210938
73284 4316.86425781
73344 4314.20068359
73404 4312.44384766
73464 4308.04882812
73524 4307.33349609
73584 4303.79248047
73705 4300.67626953
73765 4298.01416016
74065 4285.07714844
74126 4283.09570312
74186 4280.30664062
74246 4278.15527344
74306 4276.68359375
74366 4275.88427734
74426 4273.08251953
74486 4271.81738281
74546 4269.19580078
74607 4265.79541016
74667 4262.67529297
74727 4261.81542969
74787 4256.0390625
74847 4253.31787109
74907 4250.38476562
74967 4245.67333984
75027 4244.35644531
75063 4243.58544922
75098 4242.81103516
75158 4240.97802734
75218 4237.96142578
75278 4236.76611328
75399 4233.17529297
75459 4230.37841797
75519 4226.91259766
75579 4224.52197266
75699 4220.51318359
75820 4216.98828125
75880 4213.51513672
75940 4210.40869141
76000 4208.15722656
76060 4207.17675781
76120 4203.26220703
76180 4203.08154297
76301 4199.19335938
76361 4196.18164062
76421 4193.41210938
76481 4190.89013672
76541 4188.38085938
76601 4188.04199219
76661 4186.43066406
76722 4184.71630859
76782 4181.88623047
76842 4177.16162109
76902 4175.38476562
76962 4171.35253906
77022 4169.87255859
77082 4168.57958984
77143 4168.24267578
77203 4166.65332031
77263 4163.58837891
77323 4160.78662109
77383 4157.97119141
77443 4156.87158203
77503 4153.80371094
77564 4150.96630859
77624 4149.55615234
77684 4147.34082031
77744 4144.04492188
77804 4141.3984375
77864 4138.64160156
77924 4137.14453125
77984 4134.65185547
78045 4132.94384766
78225 4134.35058594
78285 4128.44824219
78345 4127.41357422
78466 4123.33789062
78526 4120.86816406
78586 4118.14208984
78646 4116.03417969
78706 4115.12060547
78766 4112.69189453
78826 4109.98486328
78886 4108.5859375
78947 4104.75048828
79007 4101.90039062
79067 4097.19482422
79127 4095.85668945
79187 4094.00854492
79247 4093.52050781
79307 4090.44702148
79367 4086.35644531
79428 4086.22583008
