0 10172.1953125
472 10050.1572266
711 9989.86035156
931 9943.125
1813 9710.73242188
2234 9754.66796875
2354 9744.86132812
2594 9695.48925781
2655 9689.16308594
3015 9628.34472656
3256 9591.42285156
3557 9542.72558594
3798 9504.92089844
3927 9480.55957031
4037 9468.42480469
4180 9443.94726562
4411 9404.6640625
4472 9400.8515625
4650 9372.1015625
4806 9348.58984375
5227 9277.03710938
5287 9269.61914062
5407 9248.14355469
5467 9241.87597656
5588 9224.98339844
5708 9203.57910156
5984 9154.16015625
6019 9147.6015625
6079 9143.67285156
6199 9127.74707031
6320 9110.06054688
6440 9089.02734375
6560 9070.94238281
6620 9064.5546875
6741 9045.03125
6826 9030.45800781
6864 9026.69335938
6924 9019.69042969
6984 9011.67089844
7164 8984.76953125
7199 8980.67382812
7234 8976.578125
7354 8960.67675781
7595 8917.359375
7655 8911.90917969
7706 8905.99414062
7748 8900.77832031
7800 8896.6015625
8040 8855.36523438
8100 8849.74804688
8160 8846.49316406
8196 8844.59570312
8206 8844.046875
8241 8836.83789062
8301 8829.15625
8421 8810.10644531
8541 8790.55664062
8602 8783.16113281
8649 8778.68164062
8756 8768.74609375
8877 8750.84570312
8937 8743.34375
8972 8738.95214844
9007 8734.5390625
9128 8711.37597656
9188 8709.34863281
9248 8702.48632812
9308 8697.7421875
9368 8690.22070312
9428 8682.87402344
9549 8668.90917969
9789 8637.37988281
9849 8629.59375
9909 8624.13378906
10000 8609.0
10051 8604.23046875
10111 8598.80859375
10292 8572.37207031
10652 8515.45507812
10893 8499.57519531
10933 8499.51660156
10972 8493.91503906
11032 8486.89257812
11086 8479.9765625
11116 8476.51171875
11153 8474.77050781
11213 8468.12207031
11393 8440.90917969
11453 8438.21484375
11513 8430.72167969
11634 8421.43945312
11732 8406.9921875
11783 8400.26855469
11844 8395.97851562
11904 8389.27539062
11962 8382.45996094
12055 8369.20019531
12090 8364.20800781
12150 8357.296875
12210 8349.64453125
12270 8347.4296875
12331 8344.80566406
12391 8341.87597656
12511 8324.80761719
12771 8310.015625
12988 8273.50292969
13048 8266.76953125
13168 8249.6015625
13228 8243.93457031
13288 8242.34570312
13409 8225.453125
13469 8225.18554688
13589 8209.59375
13830 8184.23046875
14070 8156.42578125
14130 8152.73144531
14190 8146.44482422
14225 8142.77734375
14260 8139.09179688
14303 8135.36083984
14345 8131.5390625
14465 8119.27148438
14525 8112.11328125
14585 8104.78076172
14706 8087.98339844
14794 8072.76318359
14854 8067.55224609
14903 8060.50488281
14952 8054.25927734
15072 8041.20996094
15174 8027.37695312
15251 8009.96630859
15286 8005.3125
15467 7984.08007812
15527 7981.6640625
15707 7958.33056641
15767 7953.10498047
15827 7948.47460938
15888 7940.53173828
16008 7921.50439453
16068 7919.86962891
16188 7903.80371094
16248 7896.81689453
16309 7892.80371094
16369 7890.34912109
16609 7861.56787109
16790 7831.76025391
16910 7828.82421875
17090 7801.97216797
17150 7795.78222656
17211 7790.51025391
17271 7783.18798828
17331 7777.63476562
17391 7777.07080078
17451 7773.02001953
17571 7756.49560547
17692 7741.10888672
17752 7734.29199219
17932 7709.51806641
17992 7702.64013672
18052 7698.96777344
18233 7659.43798828
18279 7658.17382812
18326 7657.75683594
18386 7654.79638672
18550 7623.53320312
18595 7618.38720703
18640 7617.79931641
18685 7610.47705078
18744 7602.50683594
18925 7570.19287109
19105 7550.80761719
19827 7648.50683594
19887 7645.69580078
19947 7640.39697266
19987 7635.39404297
20004 7631.01660156
20041 7627.41357422
20101 7622.10302734
20161 7616.33251953
20221 7610.50976562
20281 7603.86572266
20342 7599.32519531
20402 7592.97021484
20462 7587.93310547
20522 7586.52441406
20642 7569.78759766
20702 7568.05908203
20762 7562.16162109
20883 7548.90771484
20943 7544.62353516
21003 7540.69384766
21063 7536.32666016
21123 7530.19384766
21183 7523.50537109
21244 7518.0703125
21304 7513.1171875
21484 7496.91308594
21544 7489.86865234
21604 7485.31347656
21664 7479.24365234
21725 7472.37890625
21785 7468.75390625
21845 7466.20263672
21905 7461.47753906
21965 7453.89746094
22025 7449.12207031
22065 7444.46582031
22101 7440.90283203
22156 7433.98291016
22216 7430.96923828
22276 7423.95898438
22397 7412.59667969
22457 7407.26367188
22517 7401.18066406
22577 7395.57763672
22637 7391.55615234
22697 7387.37011719
22757 7381.63623047
22818 7377.86083984
22878 7374.95800781
22938 7368.60742188
22998 7360.95996094
23058 7355.52734375
23118 7348.92236328
23178 7341.71289062
23216 7340.68554688
23253 7335.859375
23314 7331.63720703
23374 7327.47314453
23434 7322.88769531
23494 7317.22412109
23554 7313.00146484
23614 7308.05517578
23674 7303.046875
23734 7296.63232422
23795 7292.23388672
23832 7287.24511719
23847 7283.84814453
23885 7278.91503906
23945 7274.91503906
24005 7272.30224609
24065 7265.30078125
24125 7259.21240234
24185 7255.546875
24245 7250.25195312
24305 7242.63623047
24365 7239.50537109
24486 7227.20410156
24546 7222.3828125
24606 7218.34375
24666 7211.22070312
24726 7206.34375
24786 7201.43017578
24846 7196.53808594
24907 7190.27099609
24967 7187.80908203
25027 7183.59228516
25087 7178.39013672
25147 7174.66992188
25267 7158.49853516
25327 7151.50048828
25388 7147.53125
25508 7141.08349609
25568 7135.98486328
25628 7129.37011719
25688 7125.54003906
25748 7118.06103516
25868 7108.16601562
25929 7102.9296875
25989 7098.53369141
26049 7094.83203125
26109 7088.58496094
26169 7083.09960938
26229 7080.45849609
26289 7076.30810547
26350 7072.28271484
26410 7067.48095703
26470 7061.23095703
26530 7055.73046875
26590 7053.63867188
26710 7037.90820312
26770 7034.60351562
26830 7033.39697266
26866 7032.69287109
26901 7031.98876953
26961 7028.86181641
27021 7024.71728516
27382 6997.71728516
27442 6996.54101562
27502 6990.23535156
27546 6987.37841797
27568 6985.77929688
27587 6981.75488281
27630 6978.78222656
27690 6974.77148438
27750 6967.77294922
27810 6962.74951172
27870 6958.31738281
27930 6952.51123047
27990 6946.46630859
28051 6943.14111328
28111 6939.85498047
28171 6931.77636719
28231 6928.32470703
28291 6923.51611328
28351 6918.68115234
28411 6914.62207031
28446 6912.25390625
28482 6909.87597656
28542 6905.90625
28662 6895.21923828
28722 6890.171875
28842 6880.22119141
28903 6872.91552734
28963 6868.92675781
29023 6864.23876953
29083 6859.71826172
29143 6854.75537109
29203 6847.61962891
29263 6844.71582031
29323 6841.19238281
29383 6834.28222656
29444 6831.10791016
29504 6827.64550781
29564 6821.15039062
29624 6818.72607422
29684 6814.27685547
29744 6809.18896484
29865 6798.26171875
29925 6792.37011719
29985 6790.34521484
30105 6779.19775391
30165 6774.09619141
30225 6772.26123047
30285 6770.77783203
30346 6766.5546875
30406 6759.51611328
30466 6753.37451172
30526 6749.20263672
30586 6741.26904297
30646 6735.41015625
30706 6734.65527344
30767 6727.83837891
30827 6721.11523438
30887 6718.96826172
30947 6718.92626953
31067 6708.74462891
31127 6702.26367188
31187 6695.64453125
31248 6691.93164062
31283 6689.76708984
31317 6687.62402344
31377 6680.41015625
31437 6676.95898438
31497 6674.75830078
31558 6669.54882812
31618 6662.66796875
31678 6658.79736328
31738 6656.45068359
31798 6648.60351562
31858 6644.35546875
31918 6641.44042969
31978 6640.56640625
32099 6629.34863281
32159 6625.78417969
32219 6621.1015625
32279 6616.07080078
32339 6611.51123047
32400 6604.19873047
32460 6603.68164062
32520 6599.78222656
32580 6596.16503906
32640 6593.11279297
32700 6591.61669922
32760 6587.42822266
32820 6583.64990234
32881 6577.56787109
32941 6572.32910156
33061 6560.15039062
33121 6555.67675781
33181 6552.72802734
33241 6549.90478516
33301 6545.56347656
33362 6541.50634766
33422 6537.77587891
33482 6531.0703125
33542 6529.50048828
33602 6525.16894531
33662 6524.47119141
33722 6523.78076172
33760 6522.19775391
33798 6519.48095703
33859 6514.69824219
33920 6508.92382812
33980 6504.67626953
34041 6500.30029297
34101 6494.12011719
34162 6490.42382812
34222 6486.59179688
34282 6482.87988281
34342 6478.86425781
34403 6473.83544922
34463 6470.57958984
34523 6465.23974609
34583 6461.50390625
34643 6454.27050781
34703 6451.68847656
34763 6448.74951172
34823 6443.42333984
34884 6440.17724609
34939 6436.55078125
34972 6433.40917969
35010 6431.57080078
35070 6428.16845703
35131 6421.70361328
35191 6418.6953125
35252 6411.56347656
35312 6410.79882812
35372 6405.69433594
35432 6401.17041016
35484 6396.61279297
35536 6393.85839844
35571 6391.99951172
35606 6390.13916016
35667 6385.1484375
35727 6384.05419922
35787 6379.55371094
35847 6372.56298828
35907 6368.25830078
35967 6364.69140625
36027 6362.60058594
36087 6356.38769531
36148 6353.48144531
36208 6347.12646484
36268 6341.96484375
36328 6339.37255859
36652 6315.15087891
36712 6309.94238281
36773 6306.37011719
36815 6306.14306641
36834 6303.21044922
36871 6300.60302734
36931 6295.06738281
36992 6290.54492188
37052 6286.91699219
37112 6280.4140625
37172 6280.31494141
37208 6277.74951172
37245 6275.52197266
37305 6268.71923828
37365 6265.59179688
37425 6263.60205078
37485 6257.67919922
37545 6251.76269531
37605 6250.93798828
37666 6249.63525391
37726 6247.46777344
37786 6240.53271484
37846 6236.65917969
37906 6231.11474609
37946 6228.92089844
37967 6227.27880859
38007 6224.44677734
38067 6221.05517578
38128 6217.89648438
38188 6211.10009766
38248 6209.78955078
38308 6207.08496094
38368 6203.8671875
38428 6198.65527344
38463 6195.60498047
38475 6194.56835938
38512 6191.55664062
38572 6187.32080078
38632 6183.31982422
38692 6179.55810547
38752 6177.36376953
38813 6176.41748047
38873 6174.42773438
38933 6171.46777344
38993 6166.53466797
39053 6164.43505859
39113 6159.3984375
39173 6155.86230469
39234 6150.99609375
39294 6146.70751953
39354 6142.75585938
39414 6139.43115234
39474 6135.65576172
39534 6133.12207031
39594 6128.9375
39655 6124.20263672
39715 6119.28662109
39775 6116.92041016
39835 6113.27978516
39895 6110.36572266
39955 6108.77636719
40015 6102.15185547
40075 6099.55126953
40136 6095.97119141
40196 6092.54345703
40256 6086.40429688
40316 6082.07714844
40376 6077.60253906
40436 6074.37255859
40496 6070.77880859
40556 6065.86083984
40617 6062.86669922
40737 6057.25732422
40797 6053.38085938
40857 6048.92919922
40917 6044.32910156
40977 6039.23388672
41037 6033.47949219
41097 6028.26464844
41158 6023.16503906
41218 6021.33496094
41278 6019.71826172
41338 6016.22949219
41398 6011.36523438
41458 6009.20605469
41518 6004.46386719
41578 5999.01318359
41639 5996.97753906
41699 5993.10302734
41759 5986.57177734
41819 5984.58740234
41879 5981.76806641
41939 5977.18798828
41999 5977.12890625
42060 5973.21630859
42120 5968.19189453
42155 5965.26025391
42190 5962.31542969
42250 5959.94970703
42310 5953.14501953
42370 5948.52441406
42431 5946.77978516
42491 5943.57910156
42551 5940.99560547
42611 5934.28613281
42671 5931.015625
42731 5929.80273438
42852 5919.69335938
42912 5914.65917969
42972 5912.43652344
43032 5909.88574219
43092 5903.97607422
43152 5900.74267578
43273 5895.86279297
43333 5889.33203125
43393 5885.76611328
43513 5879.25585938
43694 5875.58789062
43754 5867.53662109
43814 5866.30664062
43874 5863.17236328
43934 5861.01220703
43994 5856.40576172
44355 5843.08154297
44415 5839.43554688
44475 5835.546875
44535 5832.57128906
44596 5829.22070312
44656 5824.66943359
44716 5822.07275391
44776 5817.1875
44836 5815.57275391
44896 5812.03369141
44956 5807.60693359
45016 5803.78076172
45077 5800.23144531
45137 5797.11035156
45197 5793.47949219
45257 5787.82080078
45317 5784.14990234
45377 5782.78710938
45437 5779.22021484
45497 5773.97021484
45558 5771.78417969
45618 5767.26171875
45678 5764.90380859
45738 5761.47851562
45798 5756.28320312
45858 5750.66796875
45918 5749.95898438
45978 5745.81835938
46038 5743.04638672
46099 5739.54345703
46159 5735.66503906
46219 5729.30126953
46279 5728.65917969
46327 5725.77929688
46376 5721.21630859
46436 5718.65771484
46496 5714.46435547
46556 5709.98242188
46616 5705.84130859
46676 5702.51220703
46736 5699.28076172
46797 5695.28955078
46857 5691.93310547
46899 5687.65234375
46942 5685.83935547
47002 5682.01171875
47122 5678.83544922
47182 5678.67333984
47242 5675.33837891
47302 5672.1328125
47363 5669.44384766
47423 5666.51855469
47468 5663.91357422
47514 5660.48828125
47574 5656.76708984
47634 5653.20654297
47678 5651.57519531
47722 5648.70605469
47757 5646.42089844
47793 5644.13330078
47853 5641.11328125
47913 5638.84033203
47973 5632.34912109
48033 5628.25244141
48093 5625.78857422
48153 5622.19921875
48213 5619.20800781
48273 5614.48876953
48334 5611.51757812
48384 5607.75292969
48434 5604.6328125
48494 5601.00683594
48554 5598.00292969
48614 5593.55371094
48675 5591.71191406
48735 5590.50390625
48795 5585.88037109
48855 5580.76123047
48915 5577.41796875
48975 5574.28515625
49035 5570.43554688
49096 5564.56787109
49156 5562.47509766
49216 5559.85253906
49276 5556.54736328
49336 5553.17626953
49396 5550.48291016
49456 5546.13964844
49516 5542.43798828
49577 5539.52392578
49637 5535.40185547
49697 5530.91748047
49757 5529.01757812
49817 5525.13085938
49877 5523.76123047
49937 5520.25732422
49997 5514.39404297
50058 5511.88525391
50118 5508.69775391
50178 5502.35449219
50238 5498.32275391
50298 5497.70117188
50418 5492.83837891
50478 5491.20019531
50538 5487.44677734
50598 5484.03173828
50659 5479.48144531
50719 5475.67919922
50779 5473.04101562
50839 5469.30664062
50899 5464.46337891
50959 5462.45410156
51019 5460.63037109
51079 5457.82128906
51140 5453.39794922
51200 5450.31982422
51260 5447.01806641
51320 5442.11376953
51380 5439.48291016
51440 5436.16308594
51500 5433.71289062
51561 5429.41552734
51621 5427.59375
51681 5426.39990234
51741 5422.21533203
51801 5418.39501953
51861 5415.32910156
51921 5413.55517578
51981 5409.35986328
52042 5404.72949219
52102 5401.99609375
52162 5399.35058594
52222 5397.63769531
52282 5393.88671875
52342 5389.80517578
52403 5385.41210938
52463 5384.75683594
52523 5379.60205078
52583 5378.20361328
52643 5374.96679688
52703 5372.17773438
52763 5367.07275391
52823 5364.55273438
52884 5361.51318359
52944 5358.60351562
53004 5355.77539062
53064 5350.52587891
53124 5347.55761719
53184 5347.26611328
53244 5344.87011719
53305 5339.72607422
53365 5337.34716797
53425 5332.86279297
53485 5331.17675781
53545 5328.81396484
53605 5323.68603516
53665 5321.20996094
53725 5318.21240234
53786 5313.68994141
53846 5311.22607422
53906 5308.55273438
53966 5304.61962891
54032 5302.36132812
54069 5299.9375
54130 5297.39160156
54190 5292.45996094
54250 5289.27246094
54370 5285.85205078
54430 5282.71533203
54490 5277.10888672
54550 5275.10058594
54610 5272.01123047
54671 5268.73779297
54971 5257.98632812
55031 5256.21826172
55091 5253.10791016
55151 5249.93603516
55212 5247.80126953
55272 5243.859375
55332 5241.0625
55392 5239.16748047
55452 5235.25439453
55512 5229.83691406
55572 5228.05419922
55632 5225.0859375
55693 5221.64404297
55753 5220.59667969
55799 5218.09033203
55846 5215.50341797
55906 5212.51757812
55966 5209.17236328
56026 5204.87792969
56086 5202.27490234
56147 5199.06103516
56207 5195.828125
56267 5192.38623047
56327 5188.25439453
56387 5185.43017578
56447 5182.82324219
56507 5179.96337891
56567 5176.33789062
56628 5172.69873047
56688 5170.34765625
56748 5168.74462891
56808 5165.60986328
56868 5160.90039062
56928 5157.87841797
56988 5156.35839844
57049 5153.41357422
57109 5149.98046875
57158 5148.56982422
57208 5146.16015625
57269 5142.91015625
57329 5140.41796875
57389 5136.53955078
57449 5133.72021484
57509 5130.79003906
57569 5128.37646484
57629 5125.43847656
57690 5121.30712891
57750 5118.36132812
57810 5114.73193359
57870 5111.984375
57930 5110.16308594
57990 5107.55859375
58050 5104.2890625
58110 5100.81542969
58171 5096.1328125
58231 5094.6484375
58267 5092.55078125
58303 5091.29589844
58363 5087.72509766
58424 5086.234375
58484 5083.07763672
58544 5079.859375
58604 5075.84375
58664 5072.00732422
58724 5068.22998047
58784 5067.35205078
58844 5063.28369141
58905 5062.18310547
58965 5057.65917969
59025 5054.28027344
59085 5052.87646484
59145 5048.10107422
59205 5043.99707031
59265 5041.25439453
59326 5038.65136719
59386 5038.00048828
59446 5034.81591797
59506 5030.34814453
59566 5026.65380859
59626 5024.09619141
59686 5020.140625
59746 5017.27929688
59807 5013.92480469
59867 5010.51611328
59927 5007.67480469
59987 5006.74609375
60047 5004.13818359
60085 5001.44628906
60122 5000.61035156
60192 4996.24414062
60253 4993.42089844
60313 4992.41259766
60373 4988.69824219
60433 4983.74023438
60493 4978.71582031
60553 4977.30908203
60613 4975.20996094
60673 4974.31494141
60734 4970.80712891
60794 4966.94433594
60854 4962.45654297
60914 4960.17333984
60974 4957.61279297
61034 4952.37402344
61094 4950.81445312
61154 4946.68896484
61215 4945.07714844
61275 4943.05419922
61335 4940.45361328
61395 4937.30126953
61455 4933.49169922
61515 4931.68505859
61575 4927.91943359
61635 4925.62109375
61696 4922.95703125
61756 4920.43847656
61816 4917.60742188
61876 4914.59179688
61936 4910.29492188
61996 4908.67382812
62056 4904.39697266
62116 4902.20947266
62177 4900.01904297
62237 4895.22949219
62297 4892.22216797
62357 4889.99023438
62417 4886.98095703
62477 4884.9921875
62537 4883.14501953
62598 4880.39892578
62658 4875.57324219
62718 4873.09814453
62778 4868.40283203
62838 4864.23339844
62898 4860.42138672
62958 4859.78564453
63018 4851.74267578
63078 4846.73486328
63139 4846.08886719
63199 4842.16503906
63259 4838.59277344
63319 4834.72363281
63365 4831.67382812
63387 4830.24121094
63422 4827.86279297
63483 4827.09960938
63543 4822.32617188
63663 4818.45019531
63723 4815.84863281
63783 4811.25244141
63843 4809.18896484
63903 4806.81835938
63963 4800.71777344
64024 4798.31591797
64084 4796.46337891
64144 4794.68115234
64204 4790.98632812
64264 4788.06347656
64324 4786.3515625
64384 4782.19580078
64444 4779.10888672
64505 4775.46337891
64565 4771.54101562
64625 4771.44433594
64685 4768.21386719
64745 4764.60302734
64805 4761.37988281
64865 4759.54443359
64925 4756.46728516
64986 4753.44335938
65046 4749.92919922
65106 4748.44433594
65166 4746.32714844
65226 4744.01074219
65286 4742.08007812
65346 4739.07617188
65406 4735.95703125
65466 4732.99121094
65527 4729.85302734
65587 4728.12792969
65647 4725.77050781
65707 4723.20263672
65767 4722.08496094
65827 4717.97070312
65888 4715.77197266
65948 4714.64306641
66008 4712.92236328
66068 4710.05029297
66128 4708.04833984
66188 4705.28417969
66308 4703.75488281
66369 4700.19042969
66429 4695.98925781
66771 4701.67431641
66831 4698.54052734
66891 4695.84082031
66951 4692.48828125
67011 4691.46826172
67072 4690.85693359
67132 4688.66943359
67192 4684.546875
67252 4681.85498047
67312 4677.81494141
67372 4675.27880859
67432 4673.3828125
67493 4671.44189453
67553 4668.61767578
67613 4662.93457031
67673 4662.62548828
67733 4659.91796875
67793 4656.98193359
67853 4654.83154297
67914 4652.20800781
67974 4650.14404297
68034 4646.55615234
68094 4643.94921875
68154 4642.00439453
68214 4639.47753906
68274 4637.36669922
68334 4634.16845703
68395 4630.69091797
68455 4627.41308594
68515 4625.95849609
68575 4624.14892578
68635 4622.08447266
68695 4619.44628906
68755 4617.6015625
68815 4614.75830078
68876 4613.03466797
68936 4608.92919922
68996 4606.15771484
69056 4604.0625
69116 4601.13671875
69176 4597.46337891
69236 4595.06494141
69296 4594.89599609
69357 4591.74658203
69417 4589.74169922
69477 4587.41162109
69537 4584.57910156
69597 4579.41699219
69658 4578.08251953
69718 4577.00048828
69778 4573.24560547
69838 4570.90283203
69898 4569.59570312
69958 4566.92724609
70018 4564.05273438
70078 4561.70507812
70139 4557.95996094
70199 4555.21142578
70259 4553.58837891
70319 4550.42822266
70379 4549.20361328
70439 4546.03808594
70499 4543.24853516
70559 4540.71630859
70620 4538.53369141
70680 4536.23828125
70740 4534.11474609
70800 4532.18847656
70860 4531.1015625
70920 4528.50097656
70980 4525.546875
71041 4522.85546875
71101 4520.41357422
71161 4517.234375
71221 4514.65673828
71281 4511.91064453
71341 4509.76416016
71401 4507.52880859
71461 4504.14160156
71522 4500.24121094
71582 4499.86083984
71642 4497.95898438
71702 4494.02587891
71762 4491.26953125
71822 4488.90429688
71882 4486.83642578
71942 4483.51318359
72003 4481.56835938
72063 4479.7890625
72123 4475.37451172
72183 4474.20410156
72243 4473.49804688
72303 4471.19091797
72363 4467.91162109
72423 4465.50244141
72483 4463.35058594
72544 4460.02783203
72604 4456.47851562
72664 4453.80322266
72724 4451.41845703
72784 4448.84619141
72844 4446.2109375
72880 4444.59667969
72916 4443.38232422
72951 4442.55908203
72986 4440.56835938
73046 4438.77246094
73106 4437.70947266
73167 4435.22070312
73227 4432.31396484
73287 4430.44091797
73347 4428.26464844
73407 4425.61474609
73467 4423.93115234
73527 4421.90771484
73588 4418.15722656
73648 4414.49462891
73708 4413.67041016
73768 4413.07910156
73828 4410.58984375
73888 4407.73046875
73948 4405.22558594
74008 4401.68212891
74069 4398.54443359
74129 4397.93847656
74189 4395.45458984
74249 4392.88769531
74309 4391.26904297
74369 4390.50146484
74429 4386.59814453
74489 4383.84765625
74549 4380.74707031
74610 4378.39697266
74670 4376.59570312
74730 4374.35351562
74790 4371.76074219
74850 4369.33544922
74910 4366.37792969
74970 4364.8203125
75031 4364.04150391
75091 4359.09912109
75151 4356.76708984
75211 4355.49707031
75271 4354.12695312
75331 4351.83447266
75391 4348.41503906
75451 4345.63867188
75512 4343.52685547
75572 4342.55419922
75632 4341.59863281
75692 4338.54833984
75752 4334.93261719
75812 4333.57568359
75933 4329.85351562
75993 4329.06787109
76113 4330.33691406
76173 4323.95214844
76234 4321.91796875
76294 4320.84814453
76354 4318.93261719
76414 4315.99658203
76474 4313.76513672
