0 10769.3496094
644 10578.5898438
825 10512.5732422
1209 10435.4980469
1687 10373.5351562
2685 10152.7207031
2696 10150.7167969
2715 10147.1171875
3138 10064.609375
3300 10016.6972656
3661 9957.21289062
4029 9872.7734375
4147 9843.24609375
4182 9838.0390625
4341 9811.10449219
4369 9804.55859375
4406 9802.40234375
4767 9721.75
4827 9714.39160156
4887 9710.20898438
4973 9700.26171875
5258 9691.78417969
5296 9689.45214844
5416 9667.56835938
5536 9650.86425781
5657 9632.30859375
5812 9605.12695312
5847 9599.40625
6208 9534.81933594
6423 9500.12597656
6434 9498.33691406
6470 9492.49316406
6710 9454.63964844
6926 9420.65527344
6939 9418.82910156
6960 9416.046875
7003 9407.84667969
7304 9359.63671875
7665 9303.35058594
7845 9275.87207031
8086 9235.35449219
8146 9228.14941406
8246 9211.29882812
8648 9149.40234375
8888 9109.21972656
9069 9081.12890625
9119 9073.20996094
9189 9059.10742188
9226 9054.59667969
9527 9019.68554688
9627 9000.50488281
9684 8995.34375
9744 8987.98925781
9804 8980.21191406
10105 8931.703125
10165 8925.48242188
10466 8876.88476562
10526 8870.63964844
10706 8844.56933594
10767 8838.23632812
10947 8813.01953125
11102 8788.98046875
11138 8783.2421875
11198 8778.83789062
11318 8762.75390625
11378 8754.59277344
11498 8734.59960938
11618 8718.9375
11919 8678.33789062
11979 8671.30761719
12159 8642.32421875
12220 8635.42773438
12520 8585.23730469
12580 8582.69335938
12880 8568.06542969
12939 8561.18652344
13059 8543.32519531
13119 8536.26855469
13179 8528.67382812
13239 8521.59570312
13299 8515.94824219
13359 8508.23828125
13480 8492.85644531
13576 8479.66503906
13613 8473.48046875
13673 8466.77441406
13733 8462.21972656
13914 8437.87988281
13967 8431.82617188
13996 8428.60839844
14006 8427.47558594
14027 8427.37597656
14040 8425.05664062
14053 8424.3515625
14079 8419.43164062
14092 8414.47070312
14117 8415.31933594
14129 8414.78710938
14143 8411.890625
14169 8409.83007812
14183 8406.84179688
14196 8405.61425781
14233 8402.27929688
14280 8395.37109375
14306 8389.08105469
14346 8386.91308594
14396 8380.68652344
14446 8373.57226562
14506 8366.16796875
14566 8362.34375
14806 8328.93164062
14867 8325.95996094
14976 8310.84472656
15026 8305.37304688
15086 8298.91015625
15207 8286.07128906
15267 8278.54003906
15324 8273.04003906
15441 8259.01757812
15502 8251.88964844
15562 8244.88867188
15622 8238.0546875
15742 8222.10253906
15786 8216.20019531
15830 8211.18652344
15890 8205.39550781
16010 8190.51367188
16071 8184.13476562
16131 8176.92724609
16251 8162.84570312
16311 8155.72265625
16371 8147.71630859
16431 8142.66455078
16491 8135.10986328
16612 8120.06542969
16672 8115.68457031
16777 8098.87109375
16823 8096.22607422
16861 8091.39013672
16899 8086.00732422
17019 8072.00683594
17139 8056.09863281
17175 8052.07373047
17211 8048.04638672
17331 8030.82958984
17391 8025.75
17451 8021.18359375
17632 7995.52539062
17692 7988.11523438
17812 7975.94775391
17872 7969.43554688
17933 7965.14648438
17993 7962.55517578
18053 7959.32177734
18113 7952.96289062
18173 7945.15966797
18233 7937.85009766
18293 7932.80712891
18353 7925.47705078
18414 7920.34472656
18474 7913.16308594
18534 7906.69384766
18583 7901.87792969
18631 7895.02587891
18664 7890.18945312
18675 7888.74853516
18710 7888.51220703
18770 7880.59082031
18830 7872.65527344
18890 7865.58007812
18950 7859.46728516
18997 7851.83740234
19044 7849.65185547
19104 7844.26904297
19165 7836.75683594
19225 7829.64746094
19285 7822.80859375
19320 7818.81884766
19355 7814.82763672
19415 7808.88525391
19475 7802.56347656
19535 7796.578125
19595 7789.66162109
19656 7782.47900391
19716 7777.08398438
19776 7772.12597656
19836 7764.20898438
19896 7757.16357422
20016 7745.58837891
20062 7744.48925781
20085 7740.23046875
20122 7734.47998047
20183 7729.54150391
20243 7722.31982422
20303 7715.94482422
20363 7711.33740234
20423 7704.71679688
20483 7698.84277344
20543 7693.28808594
20603 7686.05224609
20664 7680.43115234
20724 7676.66894531
20784 7669.84912109
20844 7662.08105469
20904 7656.34619141
20964 7649.72167969
21024 7644.15429688
21084 7637.07568359
21145 7629.26171875
21205 7623.91992188
21265 7617.64941406
21325 7612.55224609
21385 7606.92138672
21505 7593.02099609
21565 7586.56396484
21626 7580.83740234
21686 7573.01855469
21746 7568.10107422
21806 7561.30908203
21866 7556.19921875
21926 7550.44384766
21986 7544.50878906
22046 7538.18652344
22167 7524.08789062
22227 7519.06591797
22287 7515.73193359
22347 7509.25732422
22407 7502.48339844
22467 7496.49316406
22528 7491.19384766
22648 7475.64160156
22708 7470.82910156
22768 7466.0
22828 7461.14794922
22888 7453.42626953
22948 7446.83691406
23003 7441.83886719
23057 7437.61572266
23118 7430.43798828
23178 7425.06152344
23238 7419.69287109
23599 7387.41064453
23659 7382.01757812
23719 7375.72314453
23779 7370.07714844
23839 7362.51855469
23899 7359.09521484
23959 7352.30712891
24020 7345.48193359
24080 7339.66894531
24140 7332.96142578
24200 7327.52880859
24260 7323.30615234
24298 7322.07910156
24336 7316.10009766
24396 7309.19433594
24456 7304.54443359
24516 7299.59960938
24636 7286.70605469
24696 7283.59228516
24757 7277.78076172
24817 7271.15869141
24877 7263.43896484
24937 7258.69628906
24997 7254.34423828
25057 7249.09375
25117 7242.31787109
25178 7234.52197266
25224 7231.04443359
25271 7225.26904297
25331 7220.60498047
25392 7216.31054688
25452 7210.95458984
25512 7206.14941406
25572 7198.88427734
25632 7193.5703125
25692 7187.86376953
25752 7182.70019531
25873 7170.81689453
25933 7165.45507812
25993 7158.60205078
26053 7154.26416016
26113 7147.63183594
26173 7142.86279297
26233 7137.89941406
26294 7133.15771484
26354 7127.65966797
26414 7121.09716797
26474 7114.77832031
26534 7111.1171875
26594 7103.96679688
26654 7102.72021484
26714 7098.53515625
26775 7090.55126953
26835 7084.05566406
26895 7080.37744141
26955 7074.21044922
27015 7068.72753906
27075 7065.06542969
27135 7057.06396484
27195 7050.99853516
27256 7050.21386719
27316 7043.94189453
27376 7037.34423828
27436 7032.13476562
27496 7025.25732422
27556 7019.29931641
27616 7012.91162109
27676 7012.73339844
27736 7006.30322266
27797 6998.75488281
27857 6992.90771484
27917 6986.49414062
27977 6980.38183594
28037 6978.31396484
28097 6971.93847656
28158 6965.65429688
28216 6959.3515625
28275 6954.76367188
28335 6948.27685547
28395 6941.31103516
28455 6937.89111328
28515 6934.33154297
28576 6930.43701172
28636 6923.47851562
28985 6898.01025391
29019 6896.49316406
29047 6895.19335938
29101 6891.17236328
29161 6885.15527344
29199 6881.32568359
29238 6877.53515625
29298 6873.33496094
29358 6867.45507812
29418 6863.35839844
29478 6858.32861328
29538 6853.73974609
29599 6847.72949219
29659 6844.11083984
29719 6839.27050781
29779 6833.75097656
29823 6830.62109375
29868 6824.48291016
29928 6818.87353516
29988 6810.84228516
30048 6810.08935547
30109 6803.15673828
30169 6799.27539062
30229 6793.34179688
30289 6789.98095703
30349 6785.41796875
30398 6781.95068359
30424 6778.18457031
30437 6776.3828125
30457 6773.45019531
30502 6771.53125
30541 6767.40771484
30557 6766.52929688
30595 6763.79736328
30655 6759.84960938
30697 6756.32226562
30739 6752.39599609
30799 6746.13867188
30859 6742.27246094
30914 6736.35839844
30950 6732.0078125
30990 6729.51757812
31038 6728.37890625
31085 6725.546875
31123 6722.59228516
31143 6719.78076172
31165 6717.11474609
31205 6713.80419922
31266 6709.46679688
31326 6705.19628906
31386 6700.52441406
31446 6695.09570312
31506 6690.21289062
31566 6684.93652344
31626 6677.52197266
31687 6673.01074219
31747 6668.64941406
31787 6664.03564453
31827 6661.48828125
31888 6656.68115234
31948 6652.40625
32008 6645.35839844
32068 6640.93408203
32128 6637.50488281
32166 6634.82373047
32203 6631.39013672
32263 6627.16992188
32323 6619.984375
32383 6615.79296875
32444 6610.53515625
32504 6607.05078125
32564 6604.28466797
32624 6599.35205078
32684 6593.84765625
32744 6586.62451172
32804 6584.57373047
32865 6579.13964844
32925 6574.74804688
32985 6570.07080078
33045 6562.67529297
33105 6558.46240234
33140 6556.00537109
33175 6553.53710938
33224 6547.21484375
33250 6545.63476562
33288 6544.04394531
33348 6539.02685547
33408 6532.51464844
33468 6529.35058594
33528 6523.26953125
33588 6517.82763672
33648 6512.77832031
33708 6507.98730469
33769 6503.60888672
33829 6503.23974609
33987 6489.08251953
34026 6484.2109375
34086 6479.67236328
34146 6475.51708984
34206 6472.63964844
34266 6465.79638672
34326 6461.81884766
34386 6458.14746094
34447 6455.02392578
34507 6448.02636719
34567 6444.44482422
34627 6440.97949219
34672 6438.09375
34717 6434.24853516
34777 6428.99121094
34838 6423.54052734
34898 6417.88671875
34958 6412.62597656
35018 6408.52441406
35116 6402.81738281
35131 6401.92138672
35167 6396.79492188
35227 6393.64599609
35287 6388.32958984
35347 6382.85839844
35468 6372.98144531
35528 6370.18115234
35588 6365.78466797
35648 6360.39453125
35708 6357.91455078
35768 6354.87353516
35829 6352.05712891
35889 6346.74560547
35949 6341.59912109
36009 6335.51855469
36129 6332.55126953
36189 6329.22558594
36478 6309.47607422
36539 6303.52685547
36599 6299.47460938
36659 6295.17529297
36719 6292.52539062
36779 6286.65576172
36839 6282.39453125
36899 6279.2421875
36960 6271.18310547
37020 6265.71386719
37080 6263.53955078
37140 6259.12255859
37200 6255.26953125
37260 6250.1171875
37320 6246.55126953
37380 6243.23486328
37441 6238.10888672
37501 6234.29541016
37561 6228.71826172
37621 6224.19677734
37681 6217.41015625
37741 6211.29345703
37801 6208.75244141
37862 6201.38476562
37922 6194.33544922
37982 6193.42236328
38043 6189.80957031
38103 6184.66259766
38164 6181.20361328
38224 6177.69873047
38285 6173.65234375
38345 6168.11767578
38406 6166.23339844
38467 6161.31738281
38527 6156.29882812
38572 6152.01513672
38617 6149.90136719
38652 6148.25146484
38687 6146.60449219
38747 6140.59960938
38808 6134.57177734
38868 6133.13623047
38928 6128.01953125
38988 6123.50878906
39048 6119.79785156
39108 6117.79541016
39168 6113.17382812
39229 6107.19287109
39289 6104.46826172
39349 6100.68261719
39409 6093.109375
39469 6089.73535156
39529 6086.18505859
39589 6084.23632812
39632 6078.80517578
39674 6076.89160156
39709 6075.30859375
39744 6073.72753906
39805 6070.16455078
39865 6065.4609375
39925 6061.41601562
39985 6058.16894531
40045 6053.53613281
40165 6045.85351562
40226 6044.33105469
40261 6043.44287109
40271 6043.18847656
40281 6042.93164062
40376 6045.41064453
40436 6039.51757812
40471 6036.08007812
40498 6033.43310547
40529 6033.22216797
40569 6030.90576172
40604 6028.83007812
40614 6028.23779297
40649 6024.02197266
40714 6017.56445312
40750 6015.18164062
40781 6013.15136719
40816 6010.828125
40876 6005.70019531
40936 6002.61474609
40997 5997.96191406
41057 5992.66699219
41117 5990.63964844
41177 5987.08740234
41221 5985.23974609
41265 5981.0546875
41304 5979.35400391
41344 5975.2890625
41389 5972.68310547
41434 5967.89550781
41494 5965.41308594
41554 5962.27978516
41615 5959.77197266
41675 5955.02929688
41735 5950.66162109
41795 5946.140625
41856 5943.02050781
41917 5938.76220703
41977 5936.40820312
42038 5932.41845703
42098 5929.015625
42159 5925.0078125
42220 5921.54052734
42280 5918.33740234
42341 5916.10058594
42401 5912.69433594
42462 5910.08886719
42523 5905.23681641
42583 5900.48681641
42643 5896.78369141
42704 5891.421875
42764 5888.27783203
42824 5882.640625
42884 5877.54833984
42944 5874.25976562
43004 5871.73388672
43064 5868.27636719
43125 5867.61865234
43174 5864.69726562
43201 5860.99804688
43223 5860.85742188
43268 5860.42773438
43328 5856.55712891
43388 5852.09130859
43448 5848.52246094
43508 5845.02490234
43568 5841.95019531
43628 5837.48339844
43688 5833.40429688
43749 5830.00732422
43809 5825.96435547
43849 5822.68457031
43890 5821.14990234
43939 5817.35791016
43988 5813.81494141
44044 5811.48974609
44101 5809.49316406
44161 5805.64111328
44221 5801.17773438
44281 5797.54638672
44341 5792.8671875
44401 5789.88232422
44461 5785.39501953
44521 5782.46679688
44582 5780.91308594
44642 5776.12255859
44702 5771.98095703
44762 5768.98193359
44822 5764.04589844
44882 5761.91162109
44942 5759.06445312
44995 5756.2578125
45026 5754.17089844
45064 5750.84277344
45124 5746.75244141
45161 5743.15771484
45214 5740.71240234
45274 5738.17480469
45334 5733.23828125
45394 5732.3984375
45438 5729.29589844
45481 5725.7578125
45541 5721.70117188
45597 5716.44140625
45646 5714.05175781
45699 5711.91552734
45759 5707.99853516
45819 5704.70703125
45867 5701.6171875
45915 5699.37792969
45967 5694.83642578
46020 5693.11181641
46080 5688.32080078
46139 5685.33203125
46198 5681.18066406
46258 5679.4453125
46318 5672.98486328
46378 5669.31738281
46413 5667.17724609
46424 5666.56494141
46459 5664.9140625
46519 5661.80029297
46579 5656.85888672
46639 5654.45214844
46699 5651.65380859
46759 5646.31738281
46819 5641.90966797
46880 5638.82177734
46940 5635.51074219
47000 5632.63720703
47035 5630.95117188
47071 5629.2578125
47131 5624.01855469
47191 5621.36230469
47251 5616.29980469
47311 5612.62255859
47371 5608.51513672
47431 5605.7890625
47492 5603.45947266
47552 5599.99365234
47612 5596.37646484
47672 5592.70214844
47732 5588.06152344
47792 5586.48144531
47852 5583.68261719
47912 5580.15527344
47972 5576.27734375
48033 5569.68261719
48093 5567.33691406
48153 5564.63818359
48213 5560.80273438
48273 5556.81103516
48333 5551.77050781
48393 5549.07714844
48453 5546.96386719
48514 5543.16064453
48574 5538.07861328
48634 5535.66845703
48694 5532.04345703
48754 5528.515625
48814 5526.26855469
48874 5521.87890625
48934 5518.69873047
48995 5515.39892578
49055 5510.72802734
49115 5507.84228516
49175 5504.86279297
49235 5502.3671875
49295 5498.421875
49355 5494.33935547
49416 5489.71240234
49476 5485.86669922
49536 5483.70849609
49596 5479.30078125
49656 5474.71240234
49716 5472.78613281
49776 5469.51708984
49836 5466.37207031
49897 5462.8671875
50197 5447.92919922
50257 5442.30810547
50317 5439.72509766
50377 5437.6484375
50438 5434.80712891
50498 5429.81591797
50558 5427.03955078
50618 5422.52587891
50678 5418.34228516
50738 5416.49169922
50798 5413.92041016
50858 5410.27685547
50919 5406.12451172
50979 5402.04931641
51039 5398.33154297
51099 5395.29931641
51159 5392.32714844
51219 5387.93115234
51279 5383.31835938
51340 5380.05126953
51400 5379.93652344
51460 5375.95703125
51520 5371.38085938
51580 5369.69873047
51640 5365.04541016
51700 5361.20654297
51760 5357.06396484
51820 5354.34912109
51881 5350.59326172
51941 5348.03173828
52001 5343.18603516
52061 5340.26904297
52121 5338.53515625
52181 5336.33203125
52241 5333.81933594
52302 5329.69970703
52362 5326.04394531
52422 5321.05175781
52482 5319.95361328
52542 5317.50927734
52602 5313.83300781
52662 5309.33935547
52722 5305.19287109
52783 5303.015625
52843 5300.13183594
52903 5297.34179688
52963 5294.11523438
53023 5291.61376953
53083 5287.45947266
53143 5284.89257812
53204 5281.26904297
53264 5275.90039062
53324 5271.13037109
53384 5269.83056641
53444 5267.54394531
53504 5264.38769531
53564 5260.95410156
53625 5258.43701172
53685 5254.62402344
53745 5252.03515625
53805 5247.06738281
53865 5244.53662109
53925 5240.35302734
53985 5236.76416016
54045 5233.63134766
54106 5230.93505859
54166 5226.68652344
54226 5223.62158203
54286 5222.25585938
54346 5218.09375
54467 5212.48095703
54527 5207.51074219
54587 5203.86914062
54647 5202.06494141
54707 5198.07568359
54767 5195.90722656
54827 5193.06103516
54887 5188.98876953
54948 5186.47851562
54983 5185.01367188
55018 5183.54296875
55078 5180.16455078
55138 5177.56689453
55199 5174.13330078
55259 5171.38330078
55319 5168.41210938
55379 5164.70068359
55439 5160.85400391
55499 5157.72070312
55559 5153.86914062
55619 5150.95410156
55680 5148.64013672
55720 5145.95117188
55738 5144.67578125
55775 5143.74267578
55835 5138.57226562
55895 5137.00292969
55955 5134.62255859
56014 5131.03125
56050 5129.67041016
56087 5128.53808594
56147 5124.39257812
56207 5120.27441406
56268 5117.8984375
56328 5116.52929688
56388 5114.27783203
56448 5108.34716797
56508 5104.53320312
56568 5101.64599609
56628 5099.71972656
56688 5096.20996094
56749 5092.73486328
56809 5089.36474609
56869 5084.23583984
56929 5080.83056641
56989 5078.94970703
57046 5075.49316406
57102 5072.51757812
57162 5070.08105469
57223 5067.88476562
57283 5063.22802734
57343 5063.18017578
57403 5060.13671875
57463 5054.17871094
57523 5051.16308594
57583 5048.13037109
57644 5045.50048828
57704 5043.42480469
57764 5040.48388672
57824 5038.37060547
57884 5036.24072266
57944 5034.43798828
58005 5029.92138672
58065 5027.02685547
58125 5022.05712891
58185 5019.60498047
58245 5016.61474609
58305 5013.15087891
58365 5010.84179688
58425 5007.01611328
58486 5003.59179688
58546 5000.90673828
58606 4998.36865234
58666 4996.578125
58726 4992.70410156
58786 4988.82373047
58843 4986.68017578
58899 4984.17333984
58960 4980.93066406
59020 4978.93505859
59080 4974.71923828
59140 4971.24121094
59200 4968.22851562
59260 4966.63916016
59320 4964.18310547
59381 4959.49316406
59681 4942.99023438
59741 4941.10986328
59801 4936.55566406
59862 4931.91894531
59922 4931.60253906
59982 4928.48974609
60102 4924.07763672
60162 4922.1171875
60222 4918.14257812
60282 4915.33789062
60343 4911.984375
60403 4906.17285156
60463 4904.19482422
60523 4901.39697266
60583 4898.28955078
60643 4895.77197266
60703 4894.25830078
60764 4891.26953125
60824 4888.46435547
60884 4883.80859375
60944 4880.77929688
61004 4879.69433594
61064 4875.88037109
61124 4873.21972656
61185 4869.72900391
61245 4868.2734375
61365 4864.23486328
61425 4860.42480469
61485 4856.94482422
61545 4856.64257812
61606 4853.93701172
61666 4851.66308594
61726 4850.76025391
61786 4845.59130859
61846 4841.69335938
61906 4837.5859375
61966 4834.50390625
62026 4831.59863281
62087 4829.43212891
62147 4826.40039062
62203 4823.43164062
62258 4822.25683594
62318 4819.31640625
62379 4817.99365234
62439 4817.65478516
62499 4814.52636719
62559 4811.74609375
62679 4806.87402344
62739 4804.58935547
62799 4800.31347656
62860 4797.36767578
62920 4793.42138672
62980 4790.22802734
63040 4788.47949219
63100 4785.87158203
63156 4784.05615234
63189 4781.93505859
63226 4780.57714844
63286 4777.61572266
63346 4774.12939453
63406 4769.59179688
63466 4768.52880859
63526 4767.00488281
63587 4764.17138672
63647 4759.63916016
63707 4758.11181641
63767 4755.82910156
63827 4753.18603516
63887 4750.93457031
63948 4747.40576172
64008 4744.18017578
64068 4740.64550781
64128 4737.29980469
64188 4736.46337891
64248 4733.09375
64308 4730.92285156
64368 4728.85400391
64429 4725.54345703
64489 4724.27539062
64535 4721.98388672
64582 4720.16357422
64642 4718.12158203
64702 4715.58154297
64762 4713.33398438
64822 4711.16796875
64882 4709.94238281
64942 4707.50341797
65003 4705.44433594
65063 4702.91796875
65120 4700.25732422
65176 4694.70019531
65236 4692.42431641
65296 4687.55664062
65356 4683.99853516
65416 4678.60791016
65476 4675.14306641
65596 4671.03417969
65657 4670.93261719
65717 4664.30810547
65777 4663.74707031
65837 4661.39550781
65897 4658.93896484
65957 4656.18164062
66017 4653.16943359
66077 4649.77099609
66126 4649.67822266
66174 4649.28613281
66209 4649.00195312
66244 4648.71679688
66304 4647.35009766
66364 4644.23535156
66424 4641.7421875
66485 4639.0
66545 4637.24365234
66605 4633.09375
