0 9297.26367188
170 9252.86132812
280 9244.17480469
340 9242.53027344
521 9185.66699219
634 9148.56640625
1050 9019.15820312
1230 8969.5625
1651 8850.98339844
1831 8793.69628906
2072 8709.5390625
2283 8688.85742188
2399 8665.33105469
2447 8661.40332031
2619 8634.62207031
3100 8553.97265625
3220 8524.00195312
3461 8481.11328125
3516 8468.76074219
3674 8410.5078125
3794 8409.7109375
3854 8401.80175781
3914 8396.52636719
4155 8358.70117188
4395 8317.82714844
4455 8309.91992188
4515 8302.04101562
4636 8272.42285156
4696 8264.28125
4756 8255.84472656
4816 8242.7890625
4852 8235.36328125
4889 8223.90429688
4949 8223.29296875
5370 8155.95996094
5430 8146.24902344
5491 8141.09667969
5551 8141.05224609
5791 8085.58251953
5851 8084.47802734
5911 8078.44677734
5971 8065.49609375
6152 8045.02832031
6272 8019.93798828
6513 7971.69677734
6573 7967.765625
6633 7959.36035156
6693 7958.99658203
6795 7936.44824219
6856 7930.80078125
6947 7930.82324219
7123 7908.95117188
7299 7866.35351562
7414 7840.57666016
7468 7835.68896484
7588 7835.52929688
7648 7822.21679688
7708 7814.52392578
7828 7802.8671875
7949 7752.58007812
8284 8022.87890625
8344 8015.55273438
8404 8004.90478516
8465 7998.57275391
8525 7991.59228516
8585 7980.46289062
8645 7974.70068359
8705 7967.56835938
8765 7958.65625
8825 7953.09277344
8885 7942.68994141
8946 7936.79052734
9006 7928.41113281
9066 7922.81835938
9126 7914.42285156
9186 7905.95507812
9246 7898.86914062
9306 7890.71728516
9367 7880.33837891
9427 7873.94775391
9487 7867.57568359
9547 7857.88378906
9607 7852.546875
9667 7843.74951172
9728 7835.41748047
9788 7828.82714844
9848 7820.92578125
9908 7815.32568359
9968 7806.86962891
10028 7800.58154297
10088 7792.85009766
10148 7787.65966797
10209 7779.49365234
10244 7774.72900391
10265 7771.85058594
10311 7766.78515625
10371 7759.82324219
10431 7752.04150391
10491 7746.1875
10551 7735.58007812
10612 7732.70556641
10672 7726.07177734
10732 7717.95019531
10792 7709.72070312
10852 7700.99121094
10912 7693.97314453
10972 7684.77783203
11033 7679.59277344
11093 7677.13232422
11153 7665.5390625
11213 7659.84423828
11273 7655.6328125
11333 7648.9453125
11393 7639.67871094
11453 7629.69384766
11513 7629.21240234
11574 7620.12207031
11634 7611.37353516
11694 7601.36669922
11754 7594.30566406
11814 7588.83398438
11874 7579.3046875
11934 7570.99462891
11994 7565.69824219
12055 7559.61572266
12115 7552.58935547
12161 7546.29833984
12185 7543.06542969
12223 7542.45166016
12283 7536.09130859
12343 7526.60107422
12403 7516.88427734
12463 7512.35595703
12505 7503.81494141
12547 7502.28808594
12607 7493.88720703
12667 7488.53564453
12727 7483.44091797
12787 7476.984375
12840 7470.22509766
12870 7469.65917969
12908 7464.37402344
12968 7454.32714844
13028 7446.00585938
13087 7441.68701172
13145 7438.42626953
13206 7431.73925781
13266 7422.68554688
13326 7413.53125
13386 7408.73974609
13446 7404.71875
13506 7398.43408203
13566 7391.97949219
13626 7386.46337891
13661 7383.24804688
13697 7380.02880859
13757 7372.02685547
13792 7367.36181641
13827 7362.67382812
13887 7352.01855469
13947 7350.28955078
14007 7341.98144531
14068 7335.26123047
14128 7330.08642578
14188 7323.85009766
14248 7321.55371094
14268 7316.33154297
14312 7312.78466797
14372 7306.29296875
14432 7301.38964844
14492 7294.85009766
14552 7289.18505859
14612 7282.91845703
14672 7274.83251953
14732 7266.29638672
14793 7257.82128906
14853 7255.71728516
14913 7252.171875
14973 7243.93847656
15274 7218.06445312
15334 7212.77050781
15394 7207.50488281
15454 7200.95361328
15514 7193.140625
15574 7188.14404297
15609 7185.22998047
15619 7184.39746094
15631 7184.04345703
15668 7178.87597656
15728 7171.34765625
15789 7165.10693359
15841 7160.63037109
15894 7155.76708984
15954 7150.16748047
16015 7144.61816406
16075 7141.43310547
16135 7133.84863281
16195 7127.29296875
16255 7120.41552734
16315 7114.88574219
16375 7111.07470703
16435 7104.81689453
16496 7097.66796875
16556 7092.71191406
16616 7085.19433594
16676 7080.20751953
16736 7073.40673828
16796 7066.375
16856 7063.06005859
16916 7054.76806641
16977 7049.93798828
17037 7043.86914062
17097 7036.67822266
17157 7031.62158203
17217 7026.93066406
17277 7021.98535156
17337 7019.14208984
17398 7010.50634766
17458 7005.29833984
17518 6998.20263672
17578 6992.01904297
17638 6987.30371094
17698 6982.33007812
17749 6977.88720703
17800 6973.17480469
17860 6968.43945312
17920 6962.52441406
17980 6952.77539062
18040 6950.08398438
18101 6944.98779297
18161 6938.30615234
18221 6933.00195312
18281 6928.09033203
18341 6921.46679688
18401 6913.58496094
18461 6907.49609375
18521 6903.73925781
18582 6897.99609375
18642 6892.23291016
18702 6887.25488281
18762 6881.56689453
18822 6874.61914062
18882 6870.17236328
18942 6861.24902344
19001 6858.38671875
19038 6850.83984375
19089 6851.30371094
19150 6841.8046875
19210 6837.34033203
19270 6833.62451172
19330 6826.99121094
19390 6820.53564453
19450 6815.45361328
19510 6810.89257812
19570 6803.89550781
19631 6799.64892578
19691 6795.53955078
19751 6789.40673828
19811 6783.91015625
19871 6777.48339844
19931 6773.50830078
19991 6767.80664062
20051 6761.54589844
20112 6755.27441406
20232 6750.47753906
20292 6745.10742188
20352 6736.39208984
20412 6732.0546875
20472 6729.23730469
20532 6723.25976562
20593 6718.54052734
20653 6711.28564453
20713 6706.91992188
20773 6701.52099609
20832 6697.93798828
20892 6692.11132812
20927 6688.67285156
20962 6685.23876953
21022 6679.61962891
21082 6675.69433594
21142 6670.88818359
21203 6663.25878906
21263 6656.84130859
21323 6651.33105469
21383 6649.42724609
21443 6643.99853516
21503 6635.39404297
21563 6631.45507812
21624 6625.89599609
21684 6619.48730469
21744 6612.13769531
21804 6611.13818359
21864 6599.640625
21924 6596.27783203
21984 6587.29101562
22044 6584.88574219
22105 6582.39599609
22165 6578.68847656
22225 6571.59619141
22285 6569.62597656
22345 6564.81689453
22405 6558.53173828
22465 6551.21191406
22525 6545.12597656
22585 6537.76123047
22646 6532.61230469
22688 6529.2109375
22730 6527.42089844
22791 6522.49072266
22851 6520.40527344
22911 6512.24755859
23272 6490.72070312
23332 6488.97509766
23392 6480.48632812
23452 6478.06445312
23512 6473.7109375
23572 6468.24902344
23632 6461.41455078
23693 6456.84082031
23753 6450.7890625
23813 6443.97070312
23873 6441.92675781
23933 6436.35546875
23993 6429.13964844
24053 6427.88183594
24114 6422.83300781
24174 6415.87011719
24234 6411.41015625
24294 6407.10546875
24354 6401.46972656
24414 6399.5390625
24474 6392.84765625
24534 6389.75
24595 6384.69970703
24655 6376.91503906
24715 6373.50830078
24775 6368.10107422
24835 6362.08203125
24895 6360.42333984
24955 6355.45361328
25015 6350.81591797
25075 6346.34179688
25135 6342.17041016
25196 6335.18945312
25256 6331.57421875
25316 6328.0859375
25376 6320.0703125
25436 6316.63720703
25496 6312.20947266
25556 6305.63671875
25616 6301.2421875
25677 6298.41113281
25737 6294.5
25797 6287.85205078
25857 6285.15087891
25917 6279.59375
25977 6275.41259766
26037 6272.54150391
26098 6264.54589844
26158 6259.91796875
26218 6257.24707031
26278 6253.36425781
26338 6247.35742188
26398 6242.67724609
26458 6237.83447266
26518 6234.30126953
26579 6229.37402344
26639 6223.90039062
26699 6220.00537109
26759 6215.02832031
26819 6210.57226562
26879 6208.87011719
26939 6206.76757812
27000 6200.75732422
27060 6191.48779297
27120 6188.91162109
27184 6183.36328125
27224 6181.30615234
27284 6178.09814453
27345 6173.56201172
27405 6170.21435547
27465 6164.65673828
27525 6158.16796875
27585 6155.14990234
27645 6151.48095703
27705 6148.07910156
27765 6142.05029297
27826 6137.83203125
27886 6135.22265625
27946 6130.60009766
28006 6125.68701172
28066 6118.35791016
28126 6115.92773438
28186 6111.23193359
28246 6106.02685547
28307 6103.62060547
28367 6098.50097656
28427 6093.23876953
28487 6090.07226562
28547 6085.94970703
28607 6080.49169922
28653 6078.11572266
28700 6074.31738281
28760 6070.96875
28820 6065.55224609
28880 6058.86474609
28940 6050.53857422
29000 6045.86914062
29061 6039.67773438
29121 6036.72607422
29181 6033.76269531
29241 6031.81982422
29301 6024.609375
29361 6022.85351562
29421 6017.22363281
29476 6010.51708984
29532 6007.24414062
29567 6005.1640625
29602 6003.08203125
29662 5995.72753906
29782 5990.05273438
29842 5987.91455078
29902 5982.72119141
29962 5977.09814453
30023 5971.18017578
30083 5968.15478516
30143 5964.80859375
30203 5959.92041016
30263 5955.99267578
30323 5954.13378906
30383 5948.74316406
30444 5942.81396484
30504 5940.01806641
30564 5936.12304688
30624 5933.73388672
30684 5926.30664062
30744 5923.81542969
30804 5919.14697266
30865 5915.09570312
31105 5906.61083984
31165 5901.14892578
31225 5897.32324219
31285 5893.82470703
31346 5891.10205078
31406 5887.54638672
31466 5881.69482422
31526 5879.91064453
31586 5875.86914062
31646 5871.3984375
31707 5866.39257812
31767 5860.36767578
31827 5856.39550781
31887 5853.79150391
31947 5849.69140625
32007 5845.92333984
32067 5841.76464844
32128 5840.05957031
32188 5835.14111328
32248 5830.15380859
32308 5828.3046875
32368 5823.12158203
32428 5817.92822266
32488 5814.92578125
32548 5811.33837891
32608 5806.83642578
32669 5801.37158203
32729 5796.3046875
32789 5793.60693359
32849 5787.78027344
32909 5783.89697266
32969 5780.81640625
33029 5776.25878906
33089 5772.21582031
33150 5768.25634766
33210 5763.69677734
33270 5760.35205078
33330 5756.50390625
33390 5753.68798828
33450 5749.69970703
33510 5745.37451172
33570 5741.4921875
33630 5736.21923828
33691 5732.16064453
33751 5728.78662109
33811 5725.04980469
33871 5721.66601562
33931 5717.65625
33991 5713.73046875
34051 5709.64355469
34111 5704.78808594
34172 5701.34277344
34232 5699.67626953
34292 5694.61376953
34352 5691.08984375
34412 5686.35986328
34472 5683.84179688
34532 5680.40966797
34593 5676.33691406
34653 5671.48535156
34713 5668.21826172
34773 5665.66992188
34830 5660.80761719
34887 5656.19091797
34946 5651.24462891
35007 5650.60791016
35067 5647.62158203
35127 5643.46875
35187 5638.69970703
35247 5634.36230469
35307 5632.09716797
35367 5629.66210938
35412 5626.9140625
35456 5622.36816406
35517 5617.68310547
35577 5616.05126953
35637 5611.35400391
35697 5607.18359375
35757 5603.15332031
35817 5598.71484375
35877 5597.06152344
35937 5592.84423828
35973 5590.49414062
36009 5588.36425781
36044 5586.28417969
36080 5584.20654297
36140 5581.77783203
36200 5576.43261719
36260 5572.78662109
36320 5568.09521484
36380 5566.65771484
36440 5561.37011719
36501 5557.328125
36561 5553.76464844
36621 5551.10546875
36681 5548.16015625
36741 5542.09912109
36801 5537.3203125
36861 5532.95117188
36921 5530.47607422
36971 5528.06884766
37020 5523.57421875
37080 5521.24707031
37140 5519.37792969
37200 5513.82470703
37236 5510.57470703
37271 5507.32714844
37306 5506.74853516
37341 5505.03027344
37390 5502.70947266
37439 5501.82080078
37499 5495.59033203
37559 5492.31201172
37620 5490.03759766
37680 5485.20458984
37740 5482.24560547
37800 5478.42529297
37860 5472.42919922
37920 5468.27197266
37980 5464.37255859
38313 5450.01757812
38373 5447.46826172
38433 5444.54443359
38494 5440.05419922
38554 5436.24511719
38614 5431.92041016
38674 5426.93017578
38734 5426.30224609
38794 5423.70117188
38854 5418.21191406
38914 5415.66943359
38974 5411.02685547
39095 5406.57128906
39155 5402.71875
39215 5398.59912109
39275 5393.0390625
39335 5389.84765625
39395 5388.24853516
39455 5383.41894531
39516 5379.76611328
39576 5378.30517578
39636 5374.98974609
39696 5369.41064453
39756 5367.96923828
39816 5362.38476562
39876 5359.77148438
39937 5355.84960938
39997 5352.20654297
40057 5347.86328125
40117 5345.51269531
40177 5342.46533203
40237 5339.74853516
40297 5337.71142578
40357 5331.71582031
40418 5328.71875
40478 5323.30712891
40538 5320.45410156
40598 5319.37011719
40658 5314.29052734
40718 5309.24902344
40778 5307.61376953
40838 5303.453125
40899 5299.00537109
40959 5296.99462891
41019 5293.59716797
41079 5287.61572266
41139 5285.29541016
41199 5280.85498047
41259 5279.23632812
41319 5273.84179688
41380 5271.57128906
41440 5266.96875
41500 5263.86230469
41560 5260.18554688
41620 5257.33691406
41680 5254.08349609
41740 5250.14257812
41801 5247.91650391
41861 5243.80322266
41921 5240.56835938
41981 5236.80078125
42041 5232.62011719
42101 5229.90332031
42161 5226.62646484
42222 5222.28076172
42282 5218.69482422
42342 5215.96679688
42402 5212.81982422
42462 5209.30224609
42522 5205.11621094
42582 5201.53808594
42642 5198.02734375
42702 5197.109375
42762 5193.33496094
42823 5191.06445312
42883 5186.74267578
42943 5182.359375
43003 5178.99414062
43063 5172.74707031
43123 5172.71289062
43183 5166.10742188
43244 5165.1484375
43304 5160.63525391
43364 5159.79931641
43424 5156.78466797
43479 5149.60888672
43534 5148.36523438
43594 5144.21240234
43655 5142.25537109
43715 5139.18994141
43775 5134.73535156
43835 5132.62158203
43895 5129.15527344
43955 5125.46728516
44015 5122.00146484
44075 5118.61230469
44135 5115.68359375
44196 5111.04199219
44256 5108.32324219
44316 5105.81542969
44376 5101.03222656
44436 5098.75634766
44556 5097.28710938
44617 5089.98291016
44677 5086.77929688
44737 5084.24316406
44797 5080.08300781
44857 5076.45898438
44917 5074.39160156
44977 5071.85302734
45037 5066.87939453
45098 5062.98876953
45158 5060.18310547
45218 5056.79785156
45278 5056.04882812
45338 5053.56005859
45398 5047.46630859
45458 5046.92529297
45518 5042.97119141
45578 5040.31494141
45639 5034.23193359
45699 5031.6796875
45999 5016.76123047
46060 5012.98925781
46120 5010.06103516
46180 5007.46386719
46240 5007.42236328
46300 5002.40966797
46360 5000.77636719
46420 4995.78369141
46480 4990.14160156
46541 4985.52880859
46601 4980.56103516
46721 4976.09960938
46781 4970.80224609
46901 4972.91357422
46961 4970.28027344
47022 4968.29541016
47082 4964.52539062
47142 4961.60546875
47202 4958.62060547
47262 4955.38525391
47322 4955.02539062
47382 4950.32763672
47443 4946.66357422
47503 4942.26367188
47563 4939.96728516
47623 4937.8984375
47683 4935.6484375
47744 4932.21142578
47804 4927.62792969
47864 4925.37207031
47924 4922.44824219
47984 4919.58544922
48044 4917.12744141
48104 4912.85009766
48164 4908.484375
48225 4906.37255859
48285 4902.74707031
48345 4899.07519531
48405 4896.97949219
48465 4895.49414062
48525 4892.93798828
48585 4890.33984375
48646 4886.67578125
48706 4882.60888672
48749 4882.31201172
48792 4879.36962891
48827 4876.98876953
48863 4874.60693359
48923 4870.16552734
48983 4867.20605469
49043 4864.36474609
49163 4861.359375
49223 4857.70507812
49283 4852.45947266
49344 4851.18847656
49404 4846.95605469
49464 4841.35302734
49524 4840.40283203
49584 4838.93408203
49644 4836.16992188
49704 4830.23730469
49764 4828.65576172
49825 4826.18408203
49885 4823.28808594
49945 4819.74365234
50005 4815.60302734
50065 4813.31884766
50125 4810.47998047
50185 4807.79199219
50246 4804.265625
50306 4801.22412109
50341 4799.44970703
50374 4797.74658203
50433 4794.17626953
50493 4791.49316406
50553 4788.39013672
50614 4785.04541016
50674 4781.58398438
50734 4779.85742188
50794 4776.69628906
50854 4775.57470703
50914 4773.21435547
50974 4768.20361328
51034 4765.93212891
51095 4763.84033203
51155 4761.88671875
51215 4758.35644531
51275 4754.76220703
51335 4751.11474609
51395 4749.46972656
51455 4746.08105469
51516 4743.82177734
51576 4740.89892578
51636 4735.91748047
51696 4732.89648438
51756 4730.81347656
51816 4729.11767578
51876 4725.20654297
51936 4721.81933594
51997 4717.48828125
52057 4714.78417969
52117 4711.83984375
52177 4707.99072266
52237 4705.79589844
52297 4703.41992188
52357 4700.25097656
52397 4697.34326172
52431 4696.92675781
52463 4694.69824219
52501 4693.34179688
52561 4690.55371094
52621 4688.29394531
52681 4680.26953125
52741 4679.71630859
52802 4675.21923828
52862 4672.77636719
52922 4669.96533203
52982 4669.1875
53042 4665.1640625
53102 4662.05322266
53463 4663.50830078
53523 4659.84179688
53583 4656.45507812
53643 4654.14453125
53703 4650.89306641
53764 4650.08740234
53824 4647.85302734
53884 4643.61523438
53944 4642.02294922
54004 4638.45361328
54064 4635.59765625
54124 4632.83154297
54184 4629.55273438
54245 4625.20068359
54305 4623.22070312
54365 4620.24169922
54425 4617.546875
54485 4613.55859375
54545 4612.85986328
54605 4612.65625
54665 4608.69628906
54726 4604.69287109
54786 4603.49316406
54846 4601.33691406
54906 4599.09472656
54966 4596.07128906
55026 4593.16064453
55086 4590.51318359
55146 4588.18066406
55207 4584.80273438
55267 4582.47851562
55327 4579.72607422
55387 4576.98681641
55447 4574.09667969
55507 4571.88134766
55567 4568.67431641
55628 4566.12597656
55688 4563.39501953
55748 4561.12109375
55808 4558.72460938
55868 4556.56542969
55928 4552.35302734
55988 4549.96484375
56048 4547.82910156
56109 4545.76757812
56169 4542.76025391
56229 4540.06933594
56289 4537.18115234
56349 4534.12890625
56409 4531.29882812
56469 4529.04248047
56529 4526.65625
56590 4524.09814453
56650 4521.40185547
56710 4519.80957031
56770 4515.18505859
56830 4512.38037109
56890 4511.22607422
56950 4508.02783203
57010 4505.72851562
57070 4502.27490234
57131 4500.82470703
57227 4498.22167969
57263 4494.37792969
57323 4491.33886719
57383 4488.62646484
57443 4485.953125
57503 4483.41357422
57563 4482.22314453
57623 4479.01025391
57660 4477.56445312
57677 4476.22607422
57717 4475.32128906
57778 4472.04394531
57838 4468.78759766
57898 4466.82958984
57958 4464.83984375
58018 4462.58984375
58078 4459.32226562
58138 4456.67675781
58198 4453.87158203
58259 4450.93847656
58319 4449.30273438
58379 4445.91455078
58439 4443.54003906
58499 4441.37109375
58559 4438.56835938
58619 4435.16992188
58679 4431.15869141
58740 4429.89453125
58800 4427.77490234
58860 4425.88769531
58920 4422.95898438
58980 4419.61816406
59040 4417.17236328
59100 4415.20605469
59161 4412.94921875
59221 4409.33789062
59281 4407.21240234
59341 4404.45898438
59401 4402.12060547
59461 4399.41748047
59521 4396.37158203
59581 4395.12451172
59642 4391.49414062
59702 4389.77587891
59762 4385.80761719
59822 4383.25634766
59882 4381.32373047
59942 4378.14453125
60002 4373.48193359
60062 4373.09765625
60243 4375.31982422
60303 4369.47021484
60363 4367.18457031
60423 4363.78857422
60483 4362.25878906
