0 11159.5869141
60 11146.3710938
100 11131.1445312
201 11092.2021484
261 11087.5625
382 11051.8085938
502 11008.1796875
597 10961.3378906
632 10944.0908203
692 10934.3134766
873 10870.9990234
1053 10796.1855469
1113 10784.8867188
1150 10782.03125
1225 10739.8242188
1260 10727.1826172
1283 10718.7617188
1331 10703.3759766
1369 10687.75
1382 10682.4375
1429 10678.1611328
1490 10663.703125
1550 10643.0839844
1610 10625.1875
1670 10601.6533203
1850 10532.8779297
1944 10525.8339844
1981 10517.9599609
2041 10506.5742188
2161 10490.0263672
2259 10449.0419922
2299 10438.2490234
2479 10363.9853516
2539 10340.375
2588 10322.0263672
2638 10310.5400391
2698 10297.3867188
2999 10188.5234375
3059 10177.1289062
3119 10172.0136719
3179 10154.6435547
3239 10146.6298828
3299 10122.5947266
3359 10102.2900391
3420 10090.1796875
3471 10084.6943359
3515 10070.2246094
3547 10053.1757812
3578 10046.8056641
3609 10046.6376953
3641 10032.2421875
3673 10022.2070312
3706 10013.3896484
3758 9999.43945312
3793 9989.99804688
3803 9987.29589844
3895 9992.48730469
4012 9939.91699219
4072 9919.36230469
4132 9900.82714844
4192 9878.95019531
4248 9864.33789062
4293 9846.6484375
4403 9846.29882812
4583 9807.32714844
4643 9797.33789062
4703 9777.22558594
4884 9731.87304688
4944 9717.47363281
5004 9713.73535156
5064 9695.2578125
5124 9693.32714844
5365 9600.31445312
5545 9550.83886719
5641 9518.76953125
5737 9518.87597656
5798 9500.10742188
6169 9442.45996094
6289 9424.56542969
6469 9389.77441406
6530 9371.68847656
6650 9366.49804688
6830 9324.64648438
6890 9301.29492188
6950 9279.20703125
6985 9266.32226562
7081 9276.54589844
7141 9253.921875
7201 9247.0625
7261 9235.18164062
7321 9218.07519531
7381 9214.74609375
7441 9199.10742188
7909 9126.33105469
7969 9124.046875
8029 9116.41894531
8090 9106.95117188
8150 9100.04492188
8210 9096.12304688
8245 9093.8359375
8268 9092.33300781
8316 9069.96582031
8376 9060.82128906
8550 9012.67285156
8603 8993.12988281
8663 8986.5390625
8723 8977.10644531
8831 8939.2734375
8856 8928.51757812
8893 8927.57421875
8953 8922.14453125
9073 8921.97265625
9194 8882.5234375
9254 8879.28710938
9374 8873.61816406
9554 8855.76464844
9614 8833.79785156
9675 8822.671875
9735 8819.02636719
9795 8817.66699219
9915 8818.41308594
9975 8803.04589844
10035 8780.33789062
10156 8780.81933594
10618 8722.58300781
10739 8711.5859375
10919 8676.21972656
11039 8656.01953125
11220 8618.94238281
11520 8578.79296875
11821 8542.56542969
11941 8541.39355469
12340 8997.30273438
12400 8987.28613281
12460 8980.58203125
12520 8968.74902344
12580 8961.95800781
12640 8954.55957031
12701 8946.82421875
12761 8943.33105469
12821 8930.15136719
12881 8922.83886719
12941 8914.27636719
13001 8907.48046875
13061 8898.23339844
13122 8890.99316406
13182 8882.00683594
13242 8868.46191406
13302 8861.76367188
13362 8855.84960938
13422 8846.15136719
13482 8837.88378906
13542 8829.67773438
13603 8822.77050781
13663 8815.41894531
13723 8805.51074219
13783 8796.99707031
13843 8789.86328125
13903 8785.19042969
13963 8776.62792969
14023 8768.35253906
14084 8760.56640625
14119 8756.02539062
14151 8751.83398438
14208 8742.09863281
14268 8735.06738281
14329 8728.66699219
14389 8723.88378906
14449 8714.71777344
14509 8706.61621094
14569 8696.70507812
14629 8687.24316406
14689 8681.99609375
14750 8675.30859375
14810 8666.19628906
14870 8657.03320312
14930 8648.43261719
14990 8639.8359375
15050 8633.22265625
15110 8627.29589844
15170 8619.72265625
15231 8605.49804688
15291 8601.07519531
15351 8593.40917969
15411 8587.57910156
15471 8580.07714844
15531 8569.38671875
15591 8562.49707031
15651 8554.15820312
15712 8546.17871094
15772 8539.37402344
15832 8531.73339844
15892 8521.91503906
15952 8515.11132812
15989 8511.05078125
16025 8507.42871094
16085 8498.42480469
16145 8489.87402344
16205 8481.1484375
16262 8472.30761719
16319 8466.95898438
16354 8463.65625
16389 8460.34765625
16449 8452.3984375
16509 8445.71289062
16569 8438.43945312
16629 8432.88671875
16690 8425.07226562
16725 8420.51464844
16760 8415.953125
16795 8410.45605469
16830 8404.01464844
16869 8401.1171875
16884 8400.05175781
16904 8399.43359375
16914 8393.59570312
16941 8392.31445312
16994 8383.62402344
17054 8373.65625
17114 8367.81835938
17195 8366.79492188
17256 8356.9375
17316 8344.76953125
17376 8337.05371094
17421 8335.28125
17467 8323.40429688
17504 8321.59375
17542 8318.47949219
17598 8312.078125
17654 8305.33398438
17714 8298.54003906
17774 8290.30859375
17834 8281.74121094
17894 8274.97851562
17955 8269.66113281
18015 8261.39746094
18075 8251.61328125
18135 8241.24023438
18195 8236.00585938
18255 8230.50878906
18315 8219.5234375
18375 8215.55175781
18435 8207.65332031
18496 8204.63964844
18556 8194.38085938
18616 8185.49365234
18676 8179.55419922
18736 8178.28076172
18796 8172.29150391
18856 8165.90771484
18917 8154.04443359
18977 8147.75585938
19037 8138.08691406
19097 8132.15917969
19157 8129.95214844
19217 8122.73339844
19277 8115.65576172
19521 8105.70605469
19567 8100.31787109
19628 8091.54101562
19688 8082.56689453
19748 8078.16796875
19783 8075.60253906
19816 8073.21826172
19873 8065.60839844
19933 8058.40527344
19994 8051.59423828
20054 8045.72607422
20115 8040.36425781
20175 8034.11376953
20236 8025.97802734
20296 8017.74365234
20356 8010.64746094
20417 8003.75390625
20478 7999.32519531
20538 7993.30664062
20599 7987.2734375
20659 7977.51611328
20720 7969.34179688
20780 7965.46484375
20841 7957.09082031
20901 7948.74121094
20962 7943.64746094
21023 7938.41455078
21083 7932.59667969
21144 7927.15966797
21204 7920.00390625
21265 7913.88574219
21317 7904.76904297
21368 7899.94824219
21403 7896.66992188
21438 7893.39648438
21499 7883.66552734
21559 7878.88037109
21619 7872.18212891
21679 7869.26464844
21739 7860.72753906
21799 7855.96923828
21859 7850.27392578
21915 7842.79833984
21970 7839.61181641
22030 7830.48681641
22091 7822.73144531
22151 7816.21533203
22211 7811.60400391
22271 7805.6796875
22331 7799.31738281
22391 7789.46533203
22451 7783.88964844
22511 7777.47949219
22572 7771.25732422
22632 7764.61230469
22692 7755.87207031
22752 7751.36523438
22812 7748.83642578
22872 7740.97460938
22932 7734.4609375
22981 7727.46337891
23030 7723.734375
23065 7721.05517578
23101 7718.37792969
23161 7710.5078125
23221 7703.20214844
23281 7698.61669922
23341 7690.86669922
23401 7686.98876953
23461 7682.92138672
23522 7675.03173828
23582 7666.38574219
23642 7660.01708984
23702 7654.94091797
23762 7650.35546875
23822 7644.88720703
23882 7637.20849609
23942 7633.80908203
24003 7625.73925781
24063 7619.31640625
24123 7612.92919922
24183 7606.33203125
24243 7600.63232422
24303 7593.21826172
24363 7587.73242188
24423 7582.84277344
24484 7577.83691406
24544 7571.61035156
24599 7565.41015625
24655 7562.63916016
24716 7555.69335938
24776 7549.43798828
24837 7542.85302734
24897 7536.85839844
24958 7529.78417969
25018 7526.81689453
25079 7519.59326172
25140 7513.83789062
25200 7508.37011719
25261 7502.15234375
25321 7497.16503906
25382 7490.16650391
25442 7482.21337891
25503 7477.46728516
25563 7471.39746094
25624 7463.94140625
25684 7455.70458984
25744 7451.51416016
25804 7448.07861328
25864 7443.58544922
25924 7438.38964844
25985 7432.05273438
26045 7425.49755859
26105 7423.39941406
26165 7415.42626953
26225 7406.86083984
26285 7400.76269531
26320 7397.20361328
26356 7393.60058594
26416 7389.43896484
26477 7381.00488281
26537 7375.08691406
26597 7369.69287109
26657 7362.46142578
26717 7358.14941406
26777 7352.12890625
26838 7345.41210938
27138 7324.19433594
27198 7317.03857422
27259 7311.95703125
27319 7303.8203125
27379 7300.93066406
27439 7297.13867188
27499 7288.59912109
27550 7283.24365234
27618 7275.67236328
27678 7271.10253906
27738 7265.52050781
27798 7261.11425781
27858 7255.05566406
27918 7247.95410156
27979 7242.3515625
28039 7236.92480469
28099 7229.40966797
28159 7221.25537109
28210 7218.78027344
28260 7216.02392578
28321 7211.80712891
28366 7204.95800781
28412 7199.00146484
28472 7195.50683594
28532 7186.67285156
28593 7179.05126953
28653 7177.19628906
28713 7167.96679688
28773 7164.28710938
28833 7157.78857422
28893 7152.74511719
28953 7146.06005859
29013 7143.41308594
29074 7138.11230469
29134 7131.48974609
29193 7128.37255859
29253 7119.28515625
29313 7113.64648438
29373 7111.93115234
29433 7104.15087891
29493 7095.95605469
29553 7093.59375
29613 7090.11621094
29674 7082.16748047
29734 7078.12353516
29794 7072.50048828
29854 7067.84521484
29914 7061.16210938
29974 7058.39257812
30034 7054.55957031
30094 7050.94775391
30155 7045.29101562
30215 7038.75683594
30275 7032.96435547
30335 7026.76806641
30395 7021.52880859
30455 7016.86132812
30515 7009.68359375
30575 7004.88964844
30636 7000.71923828
30696 6995.42138672
30756 6989.82080078
30816 6985.06640625
30876 6975.72949219
30936 6974.37646484
30997 6968.72558594
31057 6960.62353516
31117 6956.59277344
31152 6954.24121094
31187 6951.87939453
31247 6950.33984375
31307 6945.07275391
31368 6939.42041016
31410 6939.08105469
31451 6929.88037109
31512 6925.21240234
31572 6918.32324219
31632 6916.27050781
31692 6911.62548828
31752 6905.18212891
31812 6899.02441406
31872 6894.67773438
31932 6892.03564453
31993 6885.73193359
32053 6880.40527344
32113 6874.57519531
32173 6869.40478516
32233 6863.4296875
32293 6859.61621094
32353 6854.91992188
32413 6848.42529297
32464 6842.9296875
32515 6840.57470703
32576 6833.19921875
32636 6829.359375
32696 6824.52294922
32756 6820.19921875
32816 6816.04931641
32876 6810.60351562
32936 6806.85986328
32971 6804.67626953
33006 6802.49169922
33042 6801.15527344
33053 6800.75683594
33088 6799.44335938
33148 6787.06298828
33208 6785.24267578
33268 6780.078125
33328 6773.48144531
33388 6769.16699219
33449 6766.15673828
33509 6759.98681641
33569 6755.51269531
33629 6750.30761719
33689 6746.17138672
33749 6741.86474609
33809 6736.97460938
33869 6733.52441406
33929 6728.47900391
33990 6721.01025391
34044 6717.2421875
34099 6712.8671875
34159 6708.78564453
34219 6705.34033203
34279 6698.28125
34339 6692.83398438
34399 6689.58886719
34459 6684.16552734
34520 6677.80664062
34820 6660.75439453
34880 6654.63818359
34940 6653.86767578
35001 6648.48535156
35061 6641.20117188
35121 6637.88671875
35181 6634.22363281
35241 6627.60351562
35301 6624.71533203
35361 6618.3359375
35422 6613.86083984
35482 6610.24853516
35542 6604.55224609
35602 6601.02148438
35662 6596.23632812
35722 6592.82666016
35782 6587.31445312
35843 6580.640625
35903 6578.06982422
35963 6573.88720703
36023 6570.02978516
36083 6566.27978516
36143 6562.60253906
36203 6557.00341797
36263 6552.8046875
36324 6547.40869141
36384 6542.45068359
36444 6535.26464844
36504 6532.65673828
36564 6527.62060547
36624 6522.05517578
36684 6517.85791016
36744 6514.05371094
36805 6511.03125
36854 6506.77587891
36903 6501.81445312
36963 6496.64013672
37023 6492.87548828
37083 6486.09863281
37143 6483.53173828
37203 6477.38671875
37254 6473.49658203
37305 6470.86865234
37365 6466.09082031
37425 6463.47949219
37485 6458.99560547
37606 6448.11279297
37666 6444.36669922
37726 6439.59423828
37786 6434.67919922
37846 6431.21679688
37906 6426.85742188
37966 6422.82958984
38027 6417.625
38087 6414.29638672
38147 6407.13964844
38207 6403.52587891
38267 6397.82519531
38327 6394.24169922
38387 6387.26074219
38447 6384.53466797
38507 6384.37744141
38568 6375.08886719
38628 6373.24853516
38688 6369.27685547
38748 6364.41503906
38808 6360.82421875
38868 6358.28857422
38928 6353.30859375
38988 6347.57470703
39049 6342.25146484
39109 6339.98144531
39169 6334.68847656
39229 6330.74365234
39289 6325.91015625
39349 6320.29541016
39409 6315.7265625
39469 6311.67675781
39530 6306.85058594
39590 6301.91455078
39650 6297.59130859
39710 6293.31298828
39770 6289.42578125
39830 6283.03710938
39890 6279.91796875
39951 6275.04931641
40011 6271.42773438
40071 6268.62548828
40131 6263.14892578
40191 6258.37939453
40251 6251.30175781
40311 6249.29150391
40371 6246.58398438
40432 6244.31347656
40492 6238.38330078
40552 6235.49707031
40612 6231.29980469
40672 6226.28564453
40732 6221.58251953
40792 6218.01708984
40852 6214.04443359
40913 6210.33837891
40973 6205.79931641
41033 6199.17236328
41093 6196.33984375
41153 6194.56005859
41213 6188.87988281
41273 6183.38720703
41334 6178.50683594
41394 6174.00732422
41454 6170.62646484
41514 6168.47412109
41574 6163.88037109
41634 6159.43554688
41694 6156.48632812
41755 6151.02539062
41815 6148.10107422
41875 6143.52734375
41935 6138.47167969
41995 6136.92529297
42055 6133.02539062
42116 6127.15380859
42176 6121.78222656
42236 6117.96533203
42296 6114.42285156
42356 6110.90527344
42416 6106.53955078
42476 6100.45117188
42536 6095.67333984
42597 6092.40380859
42657 6088.70166016
42717 6085.13427734
42777 6077.5859375
42837 6075.82275391
42897 6070.63671875
42957 6067.27148438
43017 6063.4765625
43078 6060.13037109
43138 6057.45214844
43198 6053.37548828
43258 6045.7421875
43318 6045.17480469
43378 6038.83837891
43430 6036.1015625
43482 6030.72119141
43542 6023.93310547
43603 6022.13476562
43663 6018.00390625
43723 6014.60107422
43783 6009.08056641
43843 6005.203125
43903 5999.51025391
43963 5995.21435547
44023 5991.88232422
44083 5987.66748047
44144 5981.91064453
44204 5979.24511719
44264 5975.33007812
44324 5969.82080078
44384 5964.88964844
44444 5960.71533203
44685 5953.59472656
44745 5953.48583984
44805 5949.6796875
44865 5945.31494141
44926 5942.08056641
44986 5937.00292969
45046 5932.81103516
45106 5927.66796875
45166 5923.76318359
45226 5921.20410156
45286 5917.75732422
45346 5911.73388672
45407 5908.37841797
45467 5905.95751953
45527 5900.66601562
45587 5897.99755859
45647 5894.57568359
45707 5887.95751953
45767 5884.99462891
45802 5883.26464844
45872 5882.32421875
45908 5878.67529297
45968 5873.89599609
46028 5868.64404297
46088 5863.19726562
46148 5859.34375
46208 5857.95458984
46268 5854.64160156
46329 5848.90185547
46389 5844.27734375
46449 5843.23535156
46509 5840.47558594
46569 5836.29589844
46629 5829.4296875
46689 5826.75146484
46749 5822.48193359
46810 5818.72900391
46870 5814.16552734
46930 5810.83789062
46990 5808.58056641
47050 5805.35546875
47110 5800.27490234
47170 5797.55615234
47230 5796.00341797
47291 5789.875
47351 5784.80566406
47411 5780.97265625
47471 5777.44384766
47531 5773.82617188
47591 5771.29248047
47651 5767.90380859
47711 5763.20117188
47772 5759.05273438
47832 5755.39111328
47892 5751.21679688
47952 5748.01464844
47994 5745.00634766
48036 5742.55810547
48072 5740.51806641
48107 5738.48486328
48167 5734.55615234
48227 5730.43115234
48287 5727.93212891
48347 5724.27734375
48407 5719.10351562
48468 5714.35498047
48528 5710.83544922
48588 5708.17431641
48648 5705.56640625
48708 5702.03125
48768 5697.59228516
48828 5693.43212891
48889 5692.01367188
48949 5687.12353516
49009 5680.45605469
49069 5678.03173828
49129 5673.95361328
49189 5670.91210938
49249 5667.02490234
49309 5662.54443359
49370 5658.01757812
49430 5655.48828125
49490 5648.71972656
49550 5646.44287109
49610 5642.7421875
49670 5638.74169922
49730 5635.38769531
49790 5630.51904297
49851 5627.24365234
49911 5623.93066406
49946 5621.99853516
49981 5620.06738281
50041 5616.29296875
50101 5612.73144531
50161 5607.77832031
50204 5605.95068359
50247 5602.16992188
50307 5597.78271484
50367 5595.015625
50427 5589.94726562
50487 5585.80517578
50548 5583.69335938
50668 5580.50878906
50728 5577.30517578
50788 5573.64599609
50848 5568.38916016
50908 5562.68603516
50969 5557.33984375
51029 5553.09228516
51089 5547.94482422
51149 5545.81835938
51209 5542.19775391
51269 5536.79638672
51329 5535.12841797
51389 5531.15380859
51450 5528.2734375
51510 5520.82421875
51570 5520.27539062
51630 5517.17138672
51690 5515.2109375
51750 5509.42626953
51810 5504.71337891
51871 5502.37744141
51931 5500.1953125
51991 5493.56396484
52111 5492.01464844
52171 5482.59423828
52231 5481.74511719
52292 5477.30566406
52352 5472.89355469
52412 5471.01367188
52472 5465.14160156
52532 5463.5625
52592 5458.25537109
52713 5455.92919922
52893 5452.43261719
52953 5448.58691406
53013 5444.79101562
53073 5443.37695312
53133 5440.69970703
53194 5437.58398438
53254 5435.04394531
53314 5429.51025391
53374 5426.11914062
53434 5420.84423828
53494 5419.8828125
53554 5415.50878906
53614 5412.82910156
53675 5408.95410156
53735 5407.89306641
53795 5405.79638672
53855 5401.78125
53915 5396.58837891
53975 5394.71044922
54035 5390.24707031
54095 5389.19628906
54156 5388.51806641
54216 5382.15917969
54276 5378.51123047
54336 5375.77441406
54390 5370.22753906
54444 5367.35351562
54504 5365.16113281
54565 5360.51269531
54685 5355.68310547
54745 5349.81835938
54805 5346.12646484
54865 5343.38574219
54925 5338.48583984
54985 5335.49853516
55045 5334.57617188
55106 5330.17529297
55166 5325.21337891
55226 5324.53076172
55286 5322.74755859
55346 5315.82128906
55406 5314.06054688
55466 5311.15576172
55527 5305.33691406
55587 5304.09570312
55647 5300.85595703
55707 5299.36181641
55767 5296.61914062
55827 5294.29882812
55887 5291.16162109
55947 5283.43261719
56008 5282.58349609
56068 5278.87060547
56128 5274.75927734
56188 5272.66601562
56248 5269.62646484
56308 5266.75634766
56368 5264.70947266
56429 5258.14794922
56489 5257.51025391
56549 5256.69384766
56609 5251.74023438
56669 5247.41064453
56729 5244.68798828
56789 5240.91162109
56850 5238.15966797
56910 5234.84765625
56970 5231.82226562
57030 5229.10839844
57090 5225.63183594
57150 5222.19384766
57210 5220.65673828
57270 5217.53759766
57331 5215.140625
57391 5212.82226562
57451 5204.45263672
57511 5201.78369141
57571 5195.96386719
57631 5193.05175781
57691 5190.42333984
57752 5188.78417969
57812 5184.99072266
57872 5180.84228516
57932 5177.73388672
57967 5175.9140625
57977 5175.39013672
58072 5173.22021484
58133 5167.51269531
58193 5164.44140625
58253 5163.42773438
58313 5159.3359375
58373 5155.98828125
58433 5153.51855469
58492 5149.88037109
58551 5144.72998047
58611 5142.58007812
58671 5140.16992188
58732 5136.55615234
58792 5132.70703125
58852 5131.37792969
58912 5129.19384766
58972 5125.31445312
59032 5121.96679688
59092 5118.57226562
59152 5113.76269531
59213 5106.18652344
59273 5104.46337891
59333 5098.96240234
59453 5097.45556641
59513 5091.23046875
59573 5087.00244141
59633 5084.29736328
59694 5081.68164062
59814 5075.48095703
59874 5073.83203125
59934 5072.31738281
60054 5065.68847656
60114 5060.34326172
60235 5052.71875
60295 5051.70703125
60355 5045.73095703
60415 5044.68994141
60475 5037.63720703
60535 5035.36425781
60595 5033.55322266
60655 5027.89892578
60716 5026.3203125
60776 5019.71386719
60836 5018.70556641
60896 5017.09960938
61016 5014.65722656
61076 5013.73535156
61137 5006.05517578
61197 5005.86914062
61257 5003.15234375
61377 5006.16162109
61437 5004.71972656
