0 11026.2177734
60 11011.3027344
105 10999.6992188
150 10990.7880859
211 10973.5957031
271 10952.3183594
511 10882.2539062
572 10864.2080078
632 10854.6523438
692 10852.5244141
752 10845.7958984
812 10821.0703125
872 10813.9804688
912 10804.7041016
942 10792.6347656
993 10777.9345703
1053 10766.2197266
1088 10759.3710938
1101 10755.1884766
1129 10744.2578125
1181 10730.9453125
1242 10711.1875
1302 10694.8642578
1422 10672.4257812
1482 10655.3613281
1542 10636.7529297
1602 10619.0087891
1663 10605.4443359
1723 10586.0263672
1783 10569.4072266
1843 10555.3730469
1903 10536.3291016
1963 10528.7929688
2023 10523.5361328
2083 10487.0888672
2143 10482.21875
2204 10464.5039062
2264 10441.9404297
2324 10430.4863281
2384 10414.3486328
2444 10388.3847656
2504 10370.4316406
2570 10367.4707031
2618 10350.7412109
2678 10328.8935547
2738 10315.0976562
2798 10282.7998047
2858 10277.5361328
2918 10254.1464844
2978 10248.3896484
3039 10242.0595703
3099 10231.9794922
3159 10219.7128906
3219 10213.453125
3279 10201.03125
3339 10173.6630859
3399 10156.5683594
3459 10145.0361328
3520 10143.2353516
3580 10129.9033203
3640 10120.9257812
3697 10097.8222656
3745 10089.4501953
3797 10082.7470703
3857 10078.3320312
3917 10051.3789062
3977 10032.1132812
4037 10021.5761719
4146 10015.9785156
4194 10007.3583984
4261 9999.47167969
4308 9987.2890625
4419 9974.94042969
4479 9958.87207031
4540 9950.67089844
4600 9932.88378906
4660 9913.16796875
4768 9903.71875
4806 9896.703125
4857 9894.07910156
4917 9886.80859375
4977 9878.58105469
5012 9873.78222656
5035 9870.66503906
5083 9851.08007812
5143 9841.49609375
5203 9829.49707031
5263 9817.3515625
5384 9806.59863281
5444 9797.52148438
5494 9789.82910156
5521 9785.59277344
5571 9773.82617188
5691 9757.31542969
5751 9733.49707031
5811 9724.078125
5871 9708.81445312
5931 9692.98535156
5992 9681.91992188
6052 9669.28515625
6112 9644.80078125
6172 9639.82128906
6232 9629.14746094
6271 9628.42578125
6287 9625.7734375
6411 9609.79003906
6460 9578.89941406
6520 9569.26757812
6580 9545.06347656
6640 9544.02636719
6700 9528.76953125
6736 9519.86914062
6843 9524.31152344
6880 9515.43457031
6940 9495.35351562
7061 9489.26660156
7121 9455.890625
7181 9454.328125
7241 9454.05664062
7301 9433.04101562
7380 9429.76953125
7418 9428.06054688
7478 9420.04199219
7594 9396.93164062
7636 9385.42285156
7667 9378.60839844
7819 9379.36621094
7850 9367.90234375
7934 9354.37890625
7973 9346.36621094
8033 9318.42871094
8093 9311.29882812
8153 9307.37109375
8213 9300.66894531
8334 9277.93457031
8394 9269.01269531
8514 9250.375
8574 9241.67871094
8634 9220.47167969
8754 9210.24414062
8815 9188.80371094
8875 9183.80761719
8935 9170.62207031
8995 9161.08105469
9055 9132.21777344
9115 9125.64746094
9229 9128.4765625
9344 9110.09765625
9404 9108.28710938
9464 9095.31152344
9524 9066.07421875
9645 9056.61425781
9765 9062.48339844
9825 9026.71875
9885 9021.12207031
9946 9008.8203125
10006 8974.56738281
10066 8947.73046875
10126 8936.27050781
10186 8922.41015625
10246 8918.52246094
10306 8899.47949219
10366 8878.06640625
10427 8859.69140625
10607 8872.42578125
10667 8869.81835938
10727 8861.30566406
10787 8855.32226562
10848 8832.83886719
