0 9949.80078125
204 10753.2773438
264 10738.0683594
324 10720.1787109
384 10698.9033203
440 10679.6865234
497 10664.3671875
557 10658.9863281
617 10649.4707031
677 10638.5673828
737 10616.7724609
797 10595.7490234
858 10582.9208984
918 10567.6289062
978 10551.5751953
1038 10533.1337891
1098 10511.5996094
1158 10490.6875
1218 10476.4755859
1278 10466.7246094
1338 10448.0117188
1383 10440.3623047
1417 10434.9990234
1468 10421.3544922
1528 10406.8613281
1589 10390.6914062
1624 10381.2265625
1659 10371.7265625
1719 10353.53125
1779 10344.4306641
1840 10325.6650391
1900 10313.6259766
1960 10306.3974609
2020 10284.8886719
2080 10293.6572266
2117 10272.6103516
2177 10252.4111328
2237 10236.6015625
2297 10224.4970703
2357 10215.90625
2418 10197.7988281
2478 10182.1640625
2538 10173.3144531
2598 10164.7929688
2658 10150.6855469
2718 10124.3154297
2778 10115.8623047
2838 10099.8935547
2899 10088.4550781
2959 10088.0810547
3019 10073.0
3079 10070.7382812
3129 10057.6865234
3180 10048.1210938
3215 10041.4765625
3251 10034.8349609
3612 10101.375
3672 10088.3671875
3732 10080.0693359
3792 10069.8378906
3852 10061.4550781
3887 10056.5664062
3899 10054.9365234
3916 10051.4345703
3956 10042.2617188
4016 10030.1005859
4076 10019.1425781
4136 10010.6777344
4196 9999.39648438
4256 9989.10449219
4316 9981.71191406
4377 9970.44824219
4437 9958.82714844
4474 9952.77246094
4511 9945.88867188
4546 9938.34667969
4581 9937.14453125
4641 9926.87109375
4701 9917.828125
4761 9902.80078125
4821 9893.61914062
4882 9885.28027344
4942 9872.5859375
5002 9865.35351562
5062 9858.38183594
5122 9848.18164062
5182 9837.83984375
5242 9827.38085938
5303 9818.22363281
5363 9809.83203125
5423 9799.76464844
5483 9787.41308594
5543 9776.28710938
5603 9766.01269531
5663 9752.74902344
5711 9742.93261719
5737 9736.61132812
5774 9726.69140625
5834 9715.3203125
5894 9704.04394531
5929 9697.46679688
5964 9690.89160156
6024 9685.15429688
6084 9669.24902344
6145 9655.61523438
6205 9654.76171875
6265 9640.83789062
6325 9627.90039062
6385 9621.28125
6420 9617.42089844
6455 9613.55957031
6515 9601.70996094
6575 9594.57226562
6623 9578.65820312
6648 9578.00390625
6745 9567.84472656
6821 9554.81445312
6881 9541.85839844
6941 9535.83789062
7001 9527.6015625
7046 9521.79101562
7083 9512.30371094
7136 9510.8515625
7196 9494.26660156
7256 9483.91601562
7316 9475.50976562
7376 9472.23339844
7436 9461.55175781
7496 9454.20507812
7557 9434.15527344
7617 9425.86328125
7917 9426.39257812
7978 9415.07519531
8038 9406.59082031
8098 9398.28027344
8158 9388.49511719
8218 9378.2734375
8278 9368.79882812
8338 9361.01855469
8398 9352.22460938
8458 9345.94042969
8519 9335.15722656
8579 9328.68457031
8639 9318.88671875
8699 9310.82226562
8759 9301.20214844
8819 9291.57324219
8879 9282.79296875
8939 9273.19921875
9000 9265.39746094
9060 9250.45800781
9120 9246.73144531
9180 9239.30175781
9240 9232.83789062
9300 9224.56738281
9360 9215.4921875
9420 9207.66015625
9481 9197.12890625
9541 9189.04394531
9601 9182.703125
9661 9172.80859375
9721 9166.12109375
9781 9159.68359375
9841 9145.77539062
9901 9143.57128906
9961 9134.37792969
10022 9127.0
10082 9118.90527344
10142 9108.34179688
10177 9102.17675781
10212 9095.97949219
10272 9086.52734375
10333 9081.56347656
10393 9073.36523438
10453 9063.91796875
10513 9055.18554688
10573 9049.79589844
10633 9041.14746094
10693 9031.93457031
10736 9023.31152344
10779 9017.61523438
10834 9009.07128906
10889 9003.15722656
10949 8994.93457031
11009 8989.41210938
11070 8979.984375
11130 8972.421875
11190 8965.44824219
11250 8957.71191406
11310 8944.52050781
11370 8941.24414062
11430 8935.32421875
11490 8929.01757812
11551 8923.30859375
11611 8912.86523438
11671 8902.5078125
11731 8892.99804688
11791 8888.20605469
11851 8876.5859375
11911 8869.83007812
11971 8863.43652344
12031 8856.90429688
12092 8850.4375
12152 8846.375
12212 8838.20996094
12272 8828.56152344
12332 8818.77441406
12392 8809.47460938
12452 8799.10742188
12512 8797.05078125
12573 8790.71679688
12633 8784.65136719
12693 8773.80957031
12753 8767.23046875
12813 8757.17675781
12873 8749.98828125
12917 8746.6328125
12961 8741.4453125
13021 8731.79199219
13081 8725.1875
13141 8720.31738281
13201 8713.50195312
13262 8706.78222656
13322 8695.94726562
13382 8687.26367188
13442 8683.63183594
13502 8676.86230469
13562 8670.25292969
13622 8657.89746094
13682 8648.50683594
13743 8642.75976562
13803 8632.74023438
13854 8628.69433594
13905 8626.54199219
13965 8616.25683594
14025 8608.3671875
14085 8602.49023438
14326 8579.08007812
14386 8576.32128906
14446 8571.69433594
14506 8563.61035156
14566 8555.01269531
14626 8544.92480469
14687 8540.11230469
14747 8530.18164062
14807 8523.41503906
14867 8517.61523438
14927 8511.77832031
14987 8503.88183594
15031 8502.09960938
15054 8499.81738281
15092 8493.44726562
15153 8486.25390625
15213 8478.42675781
15273 8470.9375
15333 8466.04492188
15393 8461.77734375
15513 8444.97851562
15574 8443.49707031
15634 8440.26660156
15694 8439.91015625
15754 8426.50878906
15814 8420.94921875
15874 8415.18457031
15934 8408.20117188
