0 9735.14355469
121 9682.27832031
165 9672.63476562
209 9664.18652344
329 9633.43164062
390 9612.99902344
450 9591.44238281
510 9573.81738281
570 9551.37402344
647 9525.55957031
707 9502.50097656
767 9484.25878906
828 9460.80957031
888 9441.91503906
948 9429.81347656
1068 9386.06738281
1128 9371.09375
1248 9343.359375
1309 9321.95507812
1369 9304.47851562
1549 9278.4453125
1609 9278.3125
1669 9257.46386719
1789 9215.60742188
1850 9194.23046875
2030 9156.10449219
2150 9148.92382812
2271 9109.98828125
2331 9092.2578125
2391 9080.359375
2511 9053.13867188
2571 9040.51757812
2631 9037.91894531
2692 9025.08789062
2752 9006.31347656
2872 8999.02050781
3098 8942.203125
3279 8907.53222656
3339 8895.70996094
3399 8878.78417969
3559 8878.13378906
3703 8832.16601562
3824 8814.98242188
4064 8752.49707031
4124 8741.9921875
4237 8715.01269531
4275 8710.99414062
4395 8694.01660156
4515 8658.11621094
4576 8640.18847656
4636 8629.98730469
4696 8627.59667969
4756 8605.40332031
4816 8590.671875
4936 8578.38671875
5057 8572.09082031
5117 8568.33691406
5237 8555.4609375
6053 8200.25
6113 8191.78320312
6234 8205.63378906
6354 8150.82470703
6414 8145.15820312
6534 8130.52636719
6594 8118.48388672
6715 8097.20068359
6775 8084.96679688
6835 8074.80859375
6895 8052.86621094
6955 8045.79492188
7015 8036.55175781
7075 8023.22900391
7135 8006.92382812
7436 8496.92773438
7496 8490.34570312
7556 8478.58789062
7617 8468.7734375
7677 8463.06933594
7737 8457.82226562
7797 8450.78808594
7857 8441.52246094
7917 8431.17480469
7977 8422.3515625
8037 8413.31835938
8098 8402.04199219
8158 8393.03125
8218 8384.56152344
8278 8376.83300781
8338 8370.04980469
8398 8359.79394531
8451 8353.87207031
8481 8351.07714844
8519 8345.67871094
8577 8334.70996094
8611 8327.72558594
8648 8321.40722656
8708 8316.05078125
8769 8304.04882812
8829 8299.74511719
8889 8287.58007812
8949 8282.38574219
9009 8272.34765625
9069 8265.42285156
9129 8254.10351562
9189 8248.57324219
9250 8237.86035156
9310 8228.59472656
9370 8220.87304688
9430 8213.53222656
9490 8206.671875
9550 8196.75292969
9610 8189.73632812
9670 8180.06933594
9730 8170.70849609
9791 8160.74755859
9851 8154.85400391
9911 8147.63964844
9971 8135.98583984
10031 8129.09179688
10091 8123.01513672
10151 8113.43603516
10211 8104.98828125
10272 8095.16943359
10332 8085.83496094
10392 8077.71142578
10452 8070.22314453
10495 8064.10302734
10517 8062.63769531
10555 8058.29248047
10615 8048.81494141
10675 8041.42773438
10735 8029.13525391
10795 8017.33642578
10855 8013.99267578
10915 8004.15429688
10975 8000.13232422
11036 7988.86962891
11096 7982.54785156
11156 7975.6484375
11216 7971.29052734
11276 7962.04003906
11336 7953.58398438
11396 7942.63183594
11456 7938.88769531
11517 7929.54003906
11577 7919.8125
11629 7910.53271484
11681 7909.66992188
11742 7901.45410156
11802 7895.01855469
11862 7887.92333984
11922 7878.5078125
11982 7870.34082031
12042 7862.98291016
12102 7850.43212891
12163 7848.11572266
12223 7838.46630859
12283 7831.68701172
12343 7825.69726562
12403 7815.203125
12463 7805.55371094
12524 7803.06689453
12584 7795.49609375
12644 7783.35498047
12704 7776.78320312
12764 7769.71582031
12824 7763.78857422
12884 7755.71679688
12944 7751.80029297
13005 7744.86914062
13065 7733.86230469
13125 7729.37451172
13185 7724.14306641
13245 7713.00683594
13305 7702.49804688
13365 7696.76025391
13425 7688.70849609
13486 7686.828125
13546 7675.66796875
13606 7669.93310547
13666 7662.87988281
13726 7656.29785156
13786 7650.43066406
13846 7641.42626953
13906 7631.64746094
13967 7620.20947266
14027 7614.55859375
14087 7609.25048828
14122 7606.14501953
14157 7603.03613281
14217 7601.54296875
14278 7591.47900391
14338 7581.79199219
14398 7574.13037109
14458 7571.43310547
14518 7559.71289062
14578 7557.57910156
14638 7547.29931641
14698 7537.08251953
14759 7530.40820312
14819 7520.75244141
14879 7515.75732422
14939 7509.63232422
14974 7506.05615234
15009 7502.48242188
15069 7499.51269531
15129 7489.95800781
15190 7482.00585938
15250 7478.20898438
15310 7465.83203125
15430 7458.17578125
15490 7448.38671875
15550 7447.85791016
15610 7439.421875
15671 7428.06396484
15731 7427.82373047
15791 7417.56494141
15851 7412.47705078
15911 7410.86035156
16030 7400.39794922
16090 7393.921875
16150 7382.98193359
16211 7381.34570312
16271 7370.41210938
16331 7366.4296875
16391 7357.65771484
16451 7348.25537109
16511 7341.57177734
16546 7337.67285156
16572 7337.60400391
16612 7333.16162109
16672 7332.53710938
16732 7319.42236328
16792 7314.32177734
16852 7310.87890625
16912 7300.39990234
16972 7295.20556641
17033 7280.40722656
17153 7249.16455078
17200 7246.28564453
17226 7245.26904297
17264 7243.81396484
17324 7239.06689453
17384 7225.77001953
17444 7216.91064453
17504 7206.22949219
17564 7198.98291016
17625 7193.28808594
17685 7189.41064453
17745 7183.50439453
17795 7176.75488281
17844 7172.76464844
17904 7168.08154297
17965 7159.96533203
18025 7154.44482422
18085 7146.91992188
18138 7140.78613281
18191 7135.89941406
18251 7126.76367188
18312 7125.19775391
18372 7110.03515625
18492 7103.50976562
18552 7097.46728516
18612 7090.70556641
18672 7089.54638672
18732 7082.91503906
18793 7079.73388672
18853 7075.83007812
18913 7072.69042969
18973 7063.77783203
19033 7060.03955078
19093 7056.55566406
19213 7047.23339844
19274 7041.43994141
19334 7033.07275391
19394 7027.72363281
19454 7021.96582031
19514 7013.55371094
19574 7008.69140625
19623 7005.69628906
19673 6999.15332031
19733 6993.89111328
19793 6990.58447266
19853 6981.67431641
19913 6979.609375
19973 6973.85205078
20033 6969.78955078
20094 6964.06933594
20154 6956.62060547
20214 6948.4375
20274 6941.53076172
20394 6938.60693359
20454 6930.41162109
20515 6922.50292969
20575 6915.72412109
20635 6912.77099609
20755 6904.6484375
20808 6896.13183594
20861 6886.55078125
20981 6879.22851562
21042 6870.10644531
21102 6858.49462891
21162 6858.42529297
21222 6847.02587891
21282 6840.04101562
21402 6836.79052734
21462 6829.40917969
21523 6828.16162109
21583 6818.94042969
21703 6808.10449219
21763 6793.03076172
21883 6783.86474609
21943 6765.92041016
22004 6765.36865234
22064 6756.26708984
22184 6743.84863281
22244 6736.75244141
22545 6776.44238281
22605 6771.08447266
22665 6763.68017578
22725 6759.17675781
22785 6756.79492188
22845 6752.28564453
22905 6745.40820312
22966 6738.46923828
23026 6733.98681641
23086 6726.36572266
23146 6721.42236328
23206 6716.19726562
23266 6711.10058594
23326 6706.65673828
23386 6699.83496094
23447 6695.02880859
23507 6687.76416016
23567 6681.6171875
23627 6676.703125
23687 6670.11669922
23747 6667.12402344
23807 6662.73388672
23867 6656.79394531
23928 6649.59716797
23988 6645.65234375
24048 6639.92236328
24108 6635.51367188
24168 6628.9609375
24228 6623.8671875
24288 6620.22216797
24340 6616.9140625
24377 6614.35986328
24408 6611.80322266
24454 6606.08349609
24514 6601.74511719
24549 6599.21923828
24565 6598.08642578
24605 6592.16259766
24651 6587.30224609
24682 6583.45996094
24713 6581.84667969
24744 6580.91796875
24790 6576.06738281
24850 6569.89257812
24910 6564.65771484
24970 6558.39208984
25031 6554.51123047
25091 6551.15527344
25151 6545.70458984
25211 6539.63623047
25271 6536.90917969
25331 6530.47460938
25391 6522.90625
25451 6518.39892578
25512 6511.92236328
25572 6505.11523438
25632 6499.56640625
25692 6493.73339844
25752 6490.27001953
25812 6486.61425781
25872 6481.1640625
25932 6475.21826172
25992 6468.46142578
26053 6464.31738281
26113 6458.78271484
26173 6454.32421875
26233 6449.72265625
26293 6447.859375
26353 6443.47314453
26413 6436.95458984
26474 6430.39794922
26534 6424.03466797
26594 6419.37109375
26654 6416.15332031
26714 6412.16162109
26774 6406.69042969
26834 6400.45507812
26894 6397.49853516
26955 6392.54199219
27015 6385.75878906
27075 6382.88916016
27135 6377.47167969
27195 6370.82666016
27255 6364.20361328
27315 6360.30957031
27375 6358.33154297
27435 6354.01074219
27496 6347.00683594
27556 6342.328125
27616 6335.44775391
27676 6332.24560547
27736 6330.04150391
27796 6322.73388672
27856 6317.79980469
27977 6311.93945312
28037 6306.53564453
28097 6300.15332031
28157 6292.4375
28277 6286.22705078
28337 6278.84814453
28397 6274.66748047
28458 6266.99707031
28518 6262.01220703
28557 6261.33642578
28573 6260.71728516
28610 6257.04638672
28670 6251.28710938
28731 6248.40722656
28791 6238.42431641
28851 6237.07324219
28911 6232.64892578
28971 6228.33398438
29031 6226.23730469
29091 6219.11279297
29152 6215.81542969
29212 6212.73193359
29272 6210.11816406
29332 6203.51708984
29392 6199.05273438
29452 6195.5
29512 6189.89501953
29572 6186.66455078
29633 6183.45117188
29693 6179.37890625
29753 6173.63574219
29813 6168.22851562
29873 6160.0078125
29993 6154.26806641
30053 6151.66552734
30114 6147.84960938
30174 6143.20751953
30234 6139.20068359
30294 6134.453125
30332 6130.77441406
30370 6124.26220703
30430 6122.55419922
30490 6119.14746094
30550 6113.04492188
30610 6110.33642578
30670 6105.41650391
30730 6100.67285156
30790 6095.95605469
30851 6092.41601562
30911 6087.99658203
30971 6084.2265625
31031 6076.90625
31091 6070.93896484
31151 6069.81933594
31211 6066.88818359
31271 6062.52099609
31331 6059.96728516
31392 6053.69580078
31452 6049.27783203
31512 6043.84179688
31572 6040.04101562
31632 6036.24414062
31692 6030.37548828
31752 6026.53564453
31813 6020.86962891
31873 6014.88769531
31933 6011.98828125
31993 6008.70410156
32053 6004.04101562
32113 5999.64404297
32173 5994.78173828
32234 5990.97460938
32294 5985.79443359
32354 5980.83496094
32414 5978.53955078
32474 5974.01269531
32534 5968.75292969
32594 5965.29296875
32654 5961.47705078
32715 5954.49560547
32775 5952.45361328
32835 5950.12695312
32895 5943.12792969
32955 5937.49902344
33015 5934.44384766
33075 5929.20458984
33135 5925.70849609
33196 5918.42138672
33256 5916.33007812
33376 5909.09912109
33436 5904.40234375
33496 5899.69824219
33556 5895.39550781
33605 5892.31347656
33655 5890.14160156
33715 5884.75488281
33775 5881.25634766
33835 5876.61914062
33896 5872.61816406
33956 5867.03857422
34016 5863.76708984
34076 5857.61523438
34136 5857.27929688
34196 5854.33935547
34256 5845.91943359
34312 5845.64794922
34349 5844.42285156
34409 5839.48291016
34470 5834.31396484
34530 5829.16015625
34590 5822.55761719
34650 5818.640625
34710 5814.31298828
34770 5813.43066406
34830 5805.28320312
34891 5801.97851562
34951 5798.75439453
35011 5797.24609375
35071 5792.25830078
35131 5788.38671875
35191 5785.28808594
35240 5783.03417969
35288 5778.19091797
35348 5774.25537109
35408 5769.45117188
35468 5765.72509766
35529 5761.10888672
35589 5757.25585938
35889 5739.77490234
35949 5732.90625
36010 5732.14208984
36068 5730.98925781
36106 5726.79394531
36166 5722.67919922
36226 5716.38427734
36286 5711.75976562
36347 5706.43945312
36407 5702.8828125
36467 5699.04785156
36506 5698.08935547
36546 5692.23828125
36606 5691.92724609
36666 5684.99072266
36726 5681.45996094
36786 5678.78662109
36846 5675.03271484
36906 5673.00195312
36967 5667.70751953
37027 5663.20214844
37087 5656.44335938
37147 5654.29443359
37207 5650.36572266
37267 5643.31298828
37327 5640.91650391
37388 5635.65332031
37448 5631.38867188
37508 5628.59130859
37568 5626.59277344
37628 5619.39648438
37688 5615.18603516
37748 5613.42236328
37808 5605.12353516
37869 5602.34375
37929 5597.93847656
37989 5595.33740234
38049 5594.67626953
38109 5591.12988281
38169 5585.18457031
38229 5577.95605469
38289 5573.61816406
38350 5571.87646484
38410 5568.10498047
38470 5564.4140625
38530 5557.54003906
38590 5553.14746094
38636 5545.86474609
38684 5544.57666016
38708 5541.51123047
38745 5540.90869141
38806 5537.46972656
38866 5534.1015625
38926 5532.46923828
38986 5526.734375
39046 5521.08105469
39106 5517.11816406
39166 5513.05273438
39227 5511.73095703
39287 5507.60009766
39347 5503.2890625
39407 5499.34326172
39467 5495.75048828
39527 5492.11865234
39588 5489.53417969
39648 5484.96923828
39708 5479.0703125
39750 5477.02880859
39793 5474.06152344
39853 5469.94677734
39913 5469.24853516
39973 5465.30126953
40033 5458.51220703
40154 5452.62011719
40214 5451.93554688
40274 5445.81689453
40334 5445.06738281
40394 5442.83056641
40454 5440.91992188
40515 5436.31884766
40575 5431.00146484
40615 5430.64453125
40656 5426.55322266
40716 5423.09863281
40776 5419.55810547
40836 5416.60742188
40883 5413.10498047
40931 5409.51416016
40991 5406.34667969
41051 5404.33056641
41111 5398.55859375
41232 5394.21630859
41292 5392.76855469
41352 5387.42382812
41412 5383.90039062
41472 5379.72167969
41532 5375.86083984
41592 5369.48339844
41653 5367.38867188
41713 5364.23339844
41773 5361.83984375
41833 5358.02441406
41893 5353.66894531
41953 5350.54638672
42010 5346.40820312
42055 5344.82324219
42104 5340.88085938
42164 5336.27001953
42224 5331.52783203
42284 5330.13720703
42344 5328.41357422
42404 5325.50585938
42465 5318.31982422
42525 5313.97021484
42585 5307.21435547
42645 5305.78125
42705 5302.38037109
42765 5300.15722656
42825 5299.48291016
42886 5296.52392578
42946 5291.47607422
43006 5290.16992188
43066 5283.75292969
43126 5282.3671875
43186 5281.09375
43246 5274.51220703
43306 5272.54150391
43367 5270.05908203
43427 5266.31933594
43487 5262.46777344
43547 5259.20654297
43607 5256.18798828
43667 5252.45898438
43728 5247.59863281
43788 5244.82324219
43848 5241.35546875
43908 5238.47753906
43968 5234.765625
44028 5233.09375
44088 5229.14208984
44148 5224.44677734
44209 5219.41552734
44329 5215.64453125
44389 5210.61376953
44449 5206.23779297
44509 5202.94433594
44569 5197.49755859
44630 5193.17236328
44690 5188.53173828
44750 5185.38818359
44930 4983.61376953
44990 4967.79931641
45050 4964.60839844
45110 4959.15380859
45171 4956.72021484
45231 4955.50097656
45291 4950.72119141
45351 4947.80517578
45411 4942.60498047
45471 4940.86328125
45531 4937.49658203
45592 4922.99462891
45652 4915.69091797
45712 4913.53466797
45772 4907.29150391
45832 4899.02197266
45892 4892.953125
45952 4885.2421875
46012 4883.44482422
46073 4882.5078125
46133 4880.56494141
46193 4875.58544922
46253 4872.93896484
46373 4872.84277344
46433 4868.27294922
