0 10266.4570312
165 10197.2646484
382 10128.7470703
443 10115.5410156
563 10064.59375
864 9954.75292969
924 9945.28417969
1024 9899.0390625
1064 9897.86621094
1605 9695.68847656
1665 9685.1171875
2266 9788.375
2386 9755.40722656
2446 9746.37988281
2507 9731.63476562
2567 9721.74707031
2627 9709.97070312
2687 9699.9921875
2797 9671.3046875
2835 9660.27832031
2895 9644.45117188
2955 9635.88378906
3015 9629.51855469
3075 9614.63085938
3195 9581.12597656
3256 9579.17382812
3316 9566.01074219
3376 9552.72949219
3436 9537.94335938
3496 9524.07226562
3616 9496.08496094
3677 9482.69824219
3764 9461.89160156
3779 9458.91308594
3816 9453.45410156
3851 9452.45117188
3886 9442.765625
3947 9428.9296875
4007 9414.56738281
4054 9402.6796875
4101 9391.65136719
4162 9379.09765625
4222 9364.11230469
4282 9356.10351562
4342 9345.10644531
4462 9314.91894531
4522 9299.00292969
4643 9269.14746094
4703 9265.12304688
4763 9258.23828125
4823 9249.39550781
4883 9240.73632812
4943 9230.2265625
4988 9216.26757812
5032 9205.2265625
5093 9201.71484375
5153 9189.46386719
5213 9176.85253906
5273 9166.93066406
5393 9131.546875
5453 9118.82421875
5574 9089.2890625
5634 9078.87597656
5694 9070.71289062
5754 9064.95117188
5814 9059.26074219
5995 9036.06835938
6115 9010.32128906
6175 8999.02734375
6295 8965.63378906
6355 8954.43164062
6476 8920.83691406
6536 8914.08105469
6596 8905.53808594
6656 8894.53515625
6697 8893.72265625
6739 8888.73632812
6799 8884.63085938
6852 8873.78320312
6895 8862.97265625
6944 8847.6796875
7065 8842.7265625
7185 8813.84277344
7606 8860.68554688
7666 8853.30957031
7725 8843.57910156
7785 8834.35351562
7845 8826.0546875
7880 8821.21875
7915 8816.38085938
7950 8807.77832031
7985 8805.21191406
8045 8791.18066406
8105 8786.41894531
8165 8777.04296875
8225 8769.88671875
8265 8761.91601562
8305 8753.72167969
8343 8750.86035156
8381 8746.44042969
8441 8737.02246094
8501 8727.77734375
8561 8717.0703125
8621 8708.14355469
8681 8701.44042969
8742 8693.11425781
8802 8680.43066406
8842 8674.890625
8882 8668.0546875
8942 8659.421875
9002 8652.71289062
9062 8643.55859375
9122 8631.76464844
9183 8625.9140625
9243 8617.58203125
9303 8602.74609375
9363 8597.234375
9423 8587.02050781
9483 8577.34472656
9543 8572.66113281
9603 8558.51367188
9664 8546.17285156
9724 8543.02441406
9784 8534.13964844
9844 8523.18554688
9904 8516.7734375
9964 8510.00488281
10024 8494.38476562
10084 8489.08496094
10145 8480.21191406
10205 8466.28613281
10265 8458.01367188
10325 8450.03027344
10377 8445.21679688
10429 8439.17089844
10489 8432.34960938
10549 8417.45996094
10609 8412.59179688
10669 8410.3671875
10729 8399.86230469
10789 8393.19726562
10850 8382.73242188
10895 8375.02929688
10940 8368.87304688
11001 8355.66796875
11061 8349.34863281
11121 8339.11523438
11181 8332.21777344
11241 8322.43261719
11301 8317.02734375
11361 8310.60351562
11422 8302.74511719
11482 8292.43652344
11542 8282.55175781
11602 8275.37207031
11662 8271.12109375
11722 8262.85644531
11782 8254.4296875
11843 8242.1171875
11903 8236.52148438
11963 8227.53320312
12023 8217.24511719
12083 8207.36914062
12143 8196.86816406
12203 8184.87402344
12263 8181.0234375
12324 8173.91259766
12384 8164.1953125
12444 8158.53808594
12497 8150.78955078
12528 8147.80957031
12540 8146.61328125
12575 8143.1875
12612 8137.30419922
12649 8129.33691406
12709 8124.12744141
12769 8113.97363281
12829 8112.1953125
12889 8101.44726562
12949 8088.07519531
13010 8073.78222656
13070 8065.46484375
13130 8059.38378906
13190 8056.65185547
13250 8052.08300781
13310 8047.25732422
13370 8039.81591797
13430 8024.56054688
13491 8016.07470703
13551 8009.20703125
13611 7999.31347656
13971 7997.0
14032 7989.27099609
14092 7982.48388672
14152 7972.96191406
14212 7967.79931641
14272 7961.31347656
14332 7951.19873047
14392 7942.77050781
14453 7934.68457031
14513 7931.00488281
14573 7922.49023438
14633 7915.14306641
14693 7909.34277344
14753 7900.34228516
14813 7892.91259766
14874 7885.43994141
14934 7877.66992188
14969 7873.13671875
14979 7871.84179688
15014 7867.22998047
15073 7859.98193359
15133 7854.21337891
15193 7846.04980469
15253 7839.22900391
15313 7829.11035156
15373 7825.68457031
15433 7815.28173828
15494 7810.37158203
15554 7801.59570312
15614 7790.11230469
15734 7783.04199219
15794 7775.67041016
15854 7767.69970703
15914 7762.16845703
15974 7755.07421875
16034 7747.31933594
16095 7741.52246094
16155 7733.07714844
16215 7724.98242188
16275 7718.47509766
16335 7709.88818359
16395 7703.05517578
16455 7690.87646484
16515 7686.69628906
16576 7679.20800781
16636 7670.79199219
16696 7661.43554688
16756 7655.91064453
16816 7647.18945312
16876 7641.43701172
16936 7639.33398438
16997 7634.09033203
17057 7624.75537109
17117 7617.02197266
17177 7604.21972656
17297 7601.08935547
17357 7594.86914062
17417 7589.19726562
17478 7579.06054688
17538 7572.06005859
17598 7569.83300781
17658 7562.35449219
17718 7552.56738281
17778 7546.42724609
17838 7544.28417969
17898 7534.64013672
17959 7527.36474609
18019 7521.49951172
18079 7513.53515625
18139 7508.87109375
18199 7503.58105469
18259 7493.41015625
18319 7488.40820312
18380 7485.63134766
18440 7479.7421875
18500 7472.53369141
18560 7463.93652344
18620 7456.47998047
18680 7449.01171875
18740 7443.19042969
18800 7438.17138672
18861 7430.78027344
18921 7421.64941406
18981 7417.79541016
19041 7410.24707031
19101 7406.75048828
19161 7403.44433594
19221 7391.79150391
19281 7383.23046875
19342 7380.2109375
19402 7372.32519531
19456 7365.33447266
19511 7356.71044922
19572 7351.02099609
19632 7344.53759766
19692 7341.16308594
19752 7334.38476562
19812 7326.41015625
19872 7320.52294922
19933 7311.28613281
19993 7304.43945312
20053 7301.10302734
20113 7295.60449219
20173 7290.54248047
20233 7286.64160156
20293 7274.16162109
20353 7269.81884766
20413 7262.63427734
20474 7258.06542969
20534 7249.78808594
20594 7244.09667969
20654 7243.03857422
20714 7236.05712891
20774 7230.24560547
20834 7222.61474609
20894 7213.85205078
20955 7207.640625
21015 7198.56689453
21075 7192.96337891
21135 7188.62792969
21195 7179.37060547
21255 7169.15185547
21315 7168.36328125
21376 7163.05126953
21436 7155.78759766
21496 7144.37939453
21556 7140.96630859
21616 7133.14794922
21676 7132.13232422
21736 7120.08203125
21796 7112.09521484
21857 7110.78369141
21917 7102.828125
21977 7100.21630859
22037 7090.15771484
22157 7082.74267578
22217 7079.46728516
22278 7073.53955078
22338 7066.84863281
22398 7061.99365234
22450 7056.02001953
22502 7051.68164062
22537 7048.76513672
22572 7045.84570312
22632 7039.171875
22667 7035.27832031
22688 7032.94873047
22734 7027.99560547
22855 6999.33251953
22975 6988.67578125
23035 6981.87255859
23095 6973.14990234
23155 6965.55810547
23275 6958.94238281
23396 6952.63867188
23516 6929.83007812
23576 6922.83056641
23696 6916.67871094
23756 6911.72851562
23817 6909.66992188
23877 6902.64648438
23937 6901.29150391
23997 6895.2578125
24057 6884.25097656
24117 6884.1875
24177 6872.06152344
24229 6866.61474609
24256 6863.78222656
24412 6863.40673828
24472 6849.52832031
24532 6847.30859375
24818 6853.69677734
24878 6849.67138672
24939 6843.64501953
24999 6838.11376953
25059 6832.81298828
25119 6824.76660156
25179 6821.47558594
25239 6817.2265625
25299 6809.61474609
25360 6804.10351562
25420 6800.28857422
25480 6795.921875
25540 6786.38427734
25600 6782.62646484
25661 6781.04931641
25721 6775.23535156
25781 6768.56933594
25841 6762.57714844
25901 6757.57617188
25961 6752.88427734
26202 6564.06738281
26262 6559.38916016
26502 6420.15869141
26803 6398.41015625
26863 6393.25195312
26923 6391.56494141
26983 6385.72802734
27044 6382.53027344
27104 6381.13232422
27164 6372.37890625
27224 6366.63037109
27284 6363.62646484
27344 6359.61181641
27404 6353.00390625
27464 6350.69335938
27524 6349.21289062
27585 6345.39794922
27645 6340.62890625
27705 6335.18798828
27765 6328.37011719
27825 6322.62011719
27885 6320.08349609
27945 6315.39306641
28006 6310.45068359
28066 6305.75048828
28126 6301.26123047
28186 6300.85400391
28246 6295.52734375
28306 6291.78808594
28347 6287.17578125
28368 6285.73974609
28408 6280.89013672
28529 6275.32617188
28589 6272.1171875
28649 6266.82910156
28709 6263.39257812
28769 6259.16845703
28829 6251.72607422
28890 6249.58447266
28950 6247.37060547
29010 6243.453125
29070 6236.40234375
29130 6234.49707031
29190 6231.36328125
29250 6224.27929688
29310 6222.34423828
29371 6217.21386719
29431 6213.11865234
29491 6207.95849609
29551 6204.71728516
29611 6199.98974609
29671 6195.77587891
29732 6191.94580078
29792 6187.45947266
29852 6182.60302734
29912 6179.87060547
29972 6176.10546875
30032 6172.88671875
30092 6167.44726562
30152 6164.29882812
30212 6161.11572266
30272 6155.45849609
30333 6151.24853516
30393 6146.16357422
30453 6141.84423828
30511 6138.56103516
30569 6134.69677734
30629 6129.50244141
30689 6126.10595703
30749 6122.53466797
30809 6119.03027344
30869 6115.11669922
30929 6108.69921875
30990 6105.21289062
31050 6099.77441406
31110 6097.40283203
31170 6094.86132812
31230 6091.09960938
31290 6085.51367188
31350 6081.89111328
31411 6077.59082031
31471 6070.63183594
31531 6068.56396484
31591 6065.92431641
31651 6060.41943359
31711 6056.88623047
31831 6049.42041016
31892 6046.17822266
31952 6041.37744141
32012 6035.37792969
32072 6031.90576172
32132 6027.69238281
32192 6023.33935547
32253 6020.94873047
32313 6016.93554688
32373 6014.03320312
32433 6013.08740234
32493 6007.98974609
32553 6004.10742188
32613 6001.47216797
32854 5986.37890625
32914 5981.50830078
32974 5978.16748047
33034 5975.50390625
33094 5972.03222656
33154 5966.40527344
33215 5962.28515625
33275 5956.58203125
33320 5952.47851562
33365 5950.34423828
33425 5946.28417969
33485 5944.08398438
33545 5940.5546875
33606 5936.36865234
33666 5931.51953125
33726 5929.94189453
33786 5927.86767578
33846 5920.37939453
33906 5917.11425781
33949 5913.63671875
33977 5911.73876953
33998 5910.34472656
34033 5907.9609375
34094 5906.01074219
34154 5901.11425781
34214 5895.97851562
34254 5894.56201172
34269 5894.02587891
34285 5893.47705078
34310 5892.58984375
34356 5890.10107422
34391 5888.18554688
34427 5886.26904297
34463 5883.63085938
34475 5882.79296875
34509 5880.32324219
34569 5875.82324219
34614 5872.86621094
34660 5867.80712891
34720 5866.28076172
34781 5860.79150391
34872 5859.25488281
34932 5854.19921875
34993 5850.234375
35053 5846.16601562
35113 5842.86474609
35173 5839.76806641
35233 5835.41699219
35293 5831.56640625
35353 5828.43798828
35413 5822.09472656
35474 5820.01269531
35534 5816.33105469
35594 5810.57568359
35654 5807.09667969
35714 5806.0625
35774 5800.88037109
35834 5798.42578125
35895 5795.11767578
35955 5790.23583984
36015 5786.72607422
36053 5780.92285156
36092 5780.08154297
36152 5777.85351562
36212 5775.08007812
36261 5771.03369141
36309 5768.78710938
36369 5763.30126953
36430 5761.19140625
36490 5759.39306641
36550 5755.32128906
36610 5749.57226562
36670 5745.30371094
36730 5741.45117188
36790 5736.35742188
36851 5735.22314453
36911 5730.61816406
36971 5726.54003906
37031 5722.78662109
37072 5718.94433594
37128 5714.02294922
37176 5713.44824219
37223 5711.42626953
37283 5707.48046875
37343 5701.08496094
37403 5696.51953125
37463 5695.18066406
37523 5692.68554688
37584 5688.06982422
37644 5684.73486328
37704 5680.69238281
37764 5676.14355469
37824 5672.18798828
37884 5670.90429688
37944 5667.87255859
38005 5663.76171875
38065 5658.49072266
38125 5657.50097656
38185 5652.09277344
38239 5650.7890625
38270 5648.68408203
38287 5646.04931641
38327 5644.98388672
38364 5642.77197266
38401 5638.34423828
38461 5637.11328125
38521 5633.24169922
38582 5629.5078125
38642 5627.32128906
38702 5621.24023438
38762 5617.02148438
38822 5614.49414062
38882 5610.65625
38942 5608.49853516
39002 5605.16015625
39063 5603.54882812
39123 5596.06835938
39183 5594.71386719
39243 5590.66992188
39303 5586.38330078
39363 5583.50195312
39423 5579.36083984
39483 5578.01757812
39544 5573.24365234
39604 5567.06542969
39664 5565.5546875
39724 5562.375
39784 5558.51220703
39844 5555.78808594
39904 5551.80029297
39940 5549.46630859
39959 5548.15087891
40185 5543.15234375
40245 5541.08398438
40305 5537.56445312
40365 5534.03271484
40425 5530.95800781
40485 5527.08837891
40545 5524.07373047
40606 5519.39794922
40666 5517.52197266
40726 5514.26806641
40786 5507.47802734
40846 5506.30761719
40906 5503.08300781
40966 5501.23974609
41026 5496.82910156
41086 5493.1328125
41131 5490.96923828
41162 5485.04833984
41194 5484.38720703
41225 5482.22851562
41252 5481.96972656
41268 5481.81396484
41304 5481.47607422
41364 5477.66455078
41424 5474.29345703
41484 5471.10986328
41544 5468.25976562
41605 5463.06005859
41665 5459.54492188
41725 5457.69580078
41785 5455.81152344
41845 5452.23486328
41904 5450.28369141
41949 5446.78564453
41980 5445.15429688
42017 5442.43505859
42069 5439.84960938
42129 5437.05566406
42189 5432.89501953
42249 5429.42773438
42309 5426.35693359
42369 5423.46777344
42429 5419.38330078
42489 5413.96826172
42550 5413.0078125
42610 5410.57128906
42670 5406.72460938
42709 5404.68505859
42733 5402.64941406
42764 5400.07666016
42802 5399.50390625
42854 5394.3984375
42914 5392.60595703
42974 5388.58886719
43034 5385.546875
43094 5383.14160156
44083 5380.51074219
45132 5281.50048828
45187 5278.59912109
45217 5277.01025391
45237 5275.97558594
45259 5273.60449219
45288 5271.12304688
45334 5266.40673828
45387 5264.1171875
45422 5262.60253906
45438 5261.91845703
45460 5259.65771484
45477 5257.98974609
45487 5256.94970703
45502 5256.30029297
45527 5255.65869141
45573 5251.46826172
45693 5248.46191406
45754 5245.69677734
45814 5242.04101562
45874 5238.24902344
45934 5235.47265625
45994 5231.52636719
46054 5226.63916016
46114 5223.36865234
46211 5220.27441406
46247 5216.17333984
46307 5213.05322266
46367 5210.45556641
46427 5207.12792969
46487 5205.65478516
46547 5203.18212891
46608 5199.96142578
46668 5196.79052734
46728 5193.94824219
46788 5188.90869141
46908 5185.4609375
46968 5182.95898438
47028 5180.39208984
47088 5177.5625
47148 5173.68798828
47209 5169.87792969
47269 5167.09619141
47329 5164.65820312
47389 5163.18505859
47449 5159.27978516
47509 5157.63574219
47569 5154.28808594
47630 5150.61132812
47690 5148.09130859
47750 5144.75292969
47810 5142.87255859
47870 5138.76513672
47930 5134.43505859
47990 5131.96240234
48050 5129.72851562
48111 5128.71826172
48171 5121.76611328
48471 5112.08447266
48531 5108.70068359
48592 5104.45166016
48652 5101.16162109
48712 5098.71728516
48772 5098.00097656
48832 5096.06396484
48892 5090.84130859
48952 5086.53710938
49013 5083.23144531
49073 5080.265625
49133 5077.53222656
49193 5076.86962891
49253 5072.57861328
49313 5068.97265625
49373 5065.64599609
49433 5062.97802734
49494 5059.43212891
49554 5056.33642578
49614 5052.70507812
49674 5049.73486328
49734 5047.51806641
49794 5044.35058594
49854 5043.62011719
49915 5038.18359375
49975 5034.51660156
50035 5032.16357422
50095 5028.11083984
50155 5026.73583984
50215 5022.40673828
50275 5019.06542969
50336 5017.44775391
50396 5012.70263672
50456 5011.24658203
50516 5006.88525391
50576 5003.65429688
50636 5002.06445312
50696 4996.83203125
50756 4994.47314453
50816 4990.64355469
50877 4988.79882812
50937 4985.04394531
50997 4981.98486328
51057 4976.83251953
51117 4974.75537109
51177 4972.23144531
51238 4967.22216797
51298 4964.72216797
51358 4960.68261719
51418 4958.37988281
51478 4954.90673828
51538 4952.43994141
51598 4949.48486328
51659 4945.09277344
51719 4940.82373047
51779 4937.16796875
51839 4934.61376953
51899 4933.61181641
51959 4930.28076172
52019 4926.65087891
52079 4921.4765625
52140 4919.40283203
52200 4916.11621094
52260 4915.65283203
52320 4911.31835938
52380 4907.00341797
52440 4904.10742188
52500 4899.69433594
52561 4897.34765625
52621 4897.19873047
52681 4894.02587891
52741 4890.2578125
52801 4889.95458984
52861 4888.31494141
52921 4884.32910156
52981 4881.67724609
53017 4880.13085938
53052 4878.578125
53112 4874.64404297
53172 4870.1796875
53232 4867.37207031
53292 4864.72119141
53353 4862.30029297
53413 4862.06982422
53461 4857.40722656
53508 4856.97802734
53568 4852.07958984
53628 4849.49658203
53688 4847.80175781
53748 4845.13671875
53808 4839.44384766
53868 4835.71337891
53928 4833.3984375
53988 4829.83056641
54049 4828.16308594
54109 4825.65869141
54169 4822.99267578
54229 4818.328125
54349 4817.61572266
54409 4811.75585938
54470 4811.23291016
54530 4808.30078125
54590 4805.21875
54650 4801.02636719
54710 4799.48974609
54770 4796.38037109
54830 4793.12695312
54891 4790.01416016
54951 4788.18457031
55011 4785.74560547
55071 4784.63085938
55131 4781.29833984
55251 4777.31054688
55312 4773.33056641
55372 4769.4140625
55432 4765.77783203
55492 4765.61474609
55552 4761.65576172
55612 4758.47509766
55672 4756.43798828
55733 4753.05371094
55853 4750.25732422
55913 4745.93310547
55973 4741.93212891
56033 4739.34375
56093 4737.49267578
56154 4735.83935547
56214 4732.00878906
56274 4729.10205078
56334 4727.26464844
56394 4723.20019531
56454 4721.78027344
56514 4717.51953125
56575 4713.21142578
56635 4711.15917969
56695 4709.74511719
56755 4705.79589844
56815 4705.08789062
56875 4701.62451172
57056 4549.15527344
57236 4460.01757812
57296 4458.39306641
57356 4458.37939453
57416 4457.48828125
57477 4456.65087891
57537 4454.90625
57597 4447.17480469
57717 4446.21435547
57837 4445.77246094
57898 4442.36914062
57958 4440.91845703
58018 4438.24121094
58078 4437.16455078
58138 4433.59228516
58198 4432.24511719
58499 4425.77880859
58679 4427.03466797
58739 4425.40429688
58799 4422.24609375
58860 4420.11328125
58920 4419.55126953
58980 4416.73046875
59040 4414.17089844
59100 4411.48535156
59160 4408.96142578
59220 4408.44238281
59280 4405.21484375
59341 4403.37207031
59401 4401.03808594
