0 10155.6386719
271 10077.5654297
788 9920.91503906
1389 9759.38574219
1570 9707.99707031
1750 9653.83789062
2291 9672.00195312
2351 9662.86132812
3133 9496.71484375
3193 9491.68847656
3430 9442.21191406
4005 9318.65136719
4065 9310.625
4306 9266.0703125
4470 9225.44726562
4530 9218.24511719
4710 9185.94433594
5071 9118.38574219
5311 9073.40136719
5492 9040.97070312
5552 9033.09277344
5612 9024.51269531
5672 9016.39355469
5732 9008.96582031
5853 8984.09179688
5973 8963.38769531
6033 8956.5390625
6068 8952.54492188
6103 8948.53417969
6284 8930.55175781
6464 8890.58105469
6524 8887.38671875
6645 8860.65136719
6705 8857.15625
6765 8848.04785156
6825 8841.46777344
7056 8798.61816406
7154 8796.00683594
7214 8789.48242188
7514 8749.875
7634 8728.35449219
7695 8718.95117188
7815 8701.97265625
7995 8672.71582031
8055 8663.60546875
8391 8635.80566406
8572 8604.49804688
8692 8582.03710938
8752 8574.90527344
8812 8569.23046875
8932 8551.65625
9053 8531.59765625
9113 8523.58886719
9173 8514.20019531
9233 8505.98046875
9353 8487.17773438
9399 8479.84277344
9446 8472.78027344
9787 8414.77929688
9805 8413.08105469
9843 8408.82519531
9910 8395.81835938
9955 8389.1796875
10015 8383.45996094
10196 8354.15136719
10436 8319.06054688
10496 8311.81933594
10556 8303.99316406
10617 8295.63574219
10737 8278.73242188
10797 8273.0859375
10857 8265.02441406
11098 8224.96582031
11218 8207.72070312
11278 8200.47851562
11579 8149.48730469
11639 8141.75
11699 8134.10742188
11759 8131.11523438
11819 8121.98779297
11939 8103.96044922
12120 8073.90087891
12300 8048.52001953
12360 8045.00976562
12481 8024.02832031
12541 8015.41015625
12601 8012.39550781
12721 7998.71044922
12841 7980.69628906
13072 7950.18017578
13122 7943.35986328
13182 7934.53466797
13242 7926.13427734
13303 7918.49560547
13423 7903.96337891
13483 7899.29394531
13723 7864.0
13784 7862.10986328
13904 7843.45507812
14084 7817.9375
14144 7811.22460938
14265 7798.50195312
14385 7780.27539062
14505 7765.79589844
14615 7746.58935547
14641 7743.37841797
14679 7734.27197266
14739 7730.85400391
14774 7728.85888672
14809 7726.86572266
14869 7718.47900391
14967 7715.50048828
15005 7707.41015625
15045 7699.6875
15085 7693.78857422
15145 7691.55322266
15205 7686.43212891
15446 7654.64355469
15506 7646.50048828
15566 7641.06445312
15686 7620.86523438
15746 7612.51611328
15807 7607.95654297
15853 7604.32861328
15900 7595.02880859
15960 7590.75439453
16020 7589.0234375
16080 7587.8671875
16140 7581.91308594
16261 7566.49902344
16321 7562.37890625
16381 7555.14550781
16501 7536.32568359
16561 7536.21972656
16621 7529.48974609
16682 7520.703125
16742 7514.11474609
16802 7510.859375
16935 7493.78564453
17296 7488.99169922
17356 7487.53271484
17416 7479.58837891
17476 7470.14404297
17536 7462.85449219
17596 7456.06298828
17657 7450.11572266
17717 7443.01757812
17777 7439.37939453
17837 7432.26904297
17957 7418.88964844
18017 7411.09130859
18077 7406.39990234
18198 7388.87451172
18258 7382.15771484
18318 7374.19140625
18378 7369.38964844
18413 7366.57910156
18449 7363.75146484
18509 7358.90429688
18569 7351.94873047
18629 7346.52392578
18689 7337.95410156
18749 7331.94824219
18810 7325.2265625
18870 7318.36767578
18930 7312.58349609
18990 7305.79296875
19050 7297.61132812
19110 7293.13574219
19170 7287.31445312
19230 7281.29150391
19290 7272.15820312
19351 7266.88427734
19411 7259.06152344
19471 7254.12548828
19531 7248.46533203
19591 7243.29199219
19651 7236.91357422
19711 7229.30957031
19772 7225.53613281
19832 7216.87011719
19892 7209.09716797
19952 7202.51806641
20012 7198.5625
20072 7191.40380859
20132 7187.47949219
20193 7179.41943359
20313 7159.53369141
20373 7156.19287109
20433 7149.24511719
20493 7144.33886719
20553 7141.33398438
20614 7134.47998047
20662 7125.20800781
20688 7121.16064453
20709 7119.33496094
20740 7118.07666016
20787 7114.38183594
20847 7105.62060547
20907 7101.80273438
20967 7093.37158203
21087 7076.58886719
21148 7072.37304688
21208 7068.14599609
21268 7060.90917969
21328 7057.16113281
21388 7048.79443359
21448 7041.50244141
21497 7036.89453125
21547 7031.98730469
21607 7028.06689453
21667 7019.18408203
21727 7010.06884766
21787 7003.43505859
21907 6991.07373047
22028 6978.67529297
22088 6973.375
22148 6965.2890625
22208 6955.88085938
22268 6950.24462891
22388 6933.56835938
22449 6932.51611328
22509 6928.85302734
22569 6928.10644531
22629 6921.95263672
22809 6901.78515625
22869 6894.23291016
22930 6886.35546875
22990 6881.43310547
23049 6877.37060547
23169 6862.22851562
23229 6856.64892578
23289 6850.45068359
23350 6842.47119141
23410 6834.48828125
23470 6830.38818359
23530 6826.96386719
23590 6821.47167969
23650 6812.37548828
23710 6803.0625
23771 6802.15576172
23831 6797.54052734
23951 6789.82861328
24011 6783.99169922
24071 6780.16503906
24131 6774.4375
24191 6767.58056641
24252 6762.17480469
24372 6747.06787109
24657 6753.53271484
24692 6750.72607422
24727 6747.92333984
24787 6739.68457031
24847 6732.43261719
24907 6728.51513672
24967 6726.04199219
25027 6719.52783203
25088 6714.51708984
25148 6708.33007812
25208 6701.1953125
25268 6694.77050781
25328 6688.921875
25388 6683.63623047
25448 6678.5
25508 6675.71191406
25569 6666.86425781
25629 6662.10009766
25689 6659.19042969
25749 6654.8359375
25809 6648.30615234
25869 6641.43164062
25929 6635.83105469
25990 6629.18652344
26050 6624.4140625
26102 6622.11328125
26139 6617.05322266
26200 6612.89648438
26260 6605.27246094
26320 6602.40917969
26380 6596.01416016
26440 6591.33544922
26500 6586.45068359
26560 6580.98144531
26620 6576.52148438
26680 6569.08447266
26741 6565.34375
26801 6558.79931641
26861 6554.54541016
26921 6550.45996094
26981 6544.08886719
27041 6537.72070312
27101 6533.82226562
27161 6526.95605469
27222 6521.51318359
27257 6518.3203125
27292 6515.12304688
27327 6513.15185547
27362 6510.24511719
27423 6505.77685547
27483 6497.50195312
27543 6494.64794922
27603 6487.22802734
27663 6479.06005859
27723 6478.87402344
27783 6470.18261719
27843 6468.56054688
27904 6464.72753906
27964 6457.49316406
28024 6454.98828125
28084 6446.49902344
28491 6101.31445312
28551 6095.68798828
28851 6078.95117188
28912 6076.08789062
28972 6073.66699219
29032 6067.38769531
29092 6064.08789062
29152 6063.62011719
29212 6060.08544922
29272 6055.40820312
29333 6051.75488281
29393 6045.2421875
29453 6041.06298828
29513 6037.09570312
29633 6032.01757812
29693 6026.15234375
29753 6020.88671875
29814 6015.95605469
29874 6012.75292969
29934 6005.83447266
29994 6003.93945312
30054 6002.0234375
30114 5998.42382812
30174 5993.89208984
30234 5989.56494141
30295 5983.99267578
30355 5980.49316406
30415 5977.73144531
30475 5970.68164062
30535 5966.75439453
30595 5964.19580078
30655 5957.86083984
30715 5954.68408203
30776 5952.79980469
30836 5948.24511719
30896 5944.15869141
30956 5939.70996094
31016 5937.31640625
31076 5932.63964844
31136 5927.83203125
31197 5924.14501953
31257 5921.93457031
31317 5918.89160156
31377 5912.27832031
31437 5908.66503906
31497 5906.83496094
31557 5902.90039062
31618 5897.86279297
31678 5891.81982422
31738 5891.60351562
31798 5888.80957031
31858 5885.05175781
31918 5876.98339844
31979 5874.00048828
32039 5873.35839844
32099 5870.47460938
32159 5865.32958984
32220 5859.29736328
32280 5855.84179688
32340 5853.10449219
32400 5848.94873047
32460 5844.62011719
32520 5840.92431641
32580 5837.29931641
32641 5834.41064453
32676 5832.72558594
32686 5832.24365234
32721 5826.66210938
32781 5823.42578125
32841 5822.16845703
32901 5817.08251953
32961 5812.87158203
33021 5809.67089844
33082 5804.22705078
33142 5802.11816406
33202 5798.49804688
33262 5795.55273438
33322 5788.65527344
33382 5785.11572266
33442 5782.03955078
33503 5778.03466797
33563 5774.42431641
33623 5771.82324219
33683 5768.34326172
33743 5765.74658203
33803 5759.39013672
33863 5754.48730469
33923 5752.56982422
33983 5747.51025391
34044 5742.859375
34104 5739.53125
34164 5735.140625
34224 5732.23632812
34284 5728.35107422
34344 5724.67236328
34404 5722.03808594
34464 5718.03417969
34525 5712.890625
34585 5710.66015625
34645 5707.21289062
34705 5703.98632812
34765 5701.421875
34825 5696.66455078
34885 5692.65576172
34945 5690.49316406
35006 5686.88037109
35066 5681.43701172
35126 5678.91699219
35186 5676.25
35246 5672.47314453
35306 5666.63134766
35366 5663.12158203
35426 5661.74511719
35486 5657.31689453
35522 5654.73291016
35557 5652.15185547
35592 5650.23095703
35623 5648.21191406
35680 5644.60498047
35717 5642.43359375
35742 5640.66894531
35790 5638.72949219
35832 5637.92431641
35873 5636.125
35933 5631.46728516
35993 5625.68212891
36053 5621.99023438
36113 5618.91503906
36173 5618.50195312
36234 5615.48730469
36294 5612.18115234
36354 5605.38183594
36414 5602.05126953
36474 5599.16552734
36534 5593.19384766
36594 5590.02734375
36654 5585.84082031
36714 5583.88232422
36775 5579.60107422
36835 5573.88378906
36895 5573.01806641
36955 5568.43408203
37015 5563.80029297
37075 5561.88574219
37135 5556.6015625
37195 5554.07910156
37256 5548.70751953
37316 5544.60498047
37376 5542.32617188
37436 5541.42578125
37496 5537.09082031
37556 5531.0078125
37616 5526.62548828
37677 5523.35839844
37737 5518.23925781
37797 5514.10986328
37857 5510.86865234
37917 5506.51513672
37977 5504.03613281
38037 5497.57128906
38097 5497.0078125
38158 5495.74023438
38218 5491.31738281
38278 5487.09960938
38338 5486.80273438
38398 5481.66943359
38458 5477.68457031
38518 5473.88134766
38579 5472.03710938
38639 5468.47314453
38999 5455.20605469
39060 5449.94970703
39120 5447.25195312
39180 5443.83154297
39240 5440.40429688
39300 5436.73925781
39360 5434.86865234
39420 5429.8671875
39480 5426.82177734
39541 5421.70410156
39601 5420.07177734
39661 5415.60693359
39721 5414.01318359
39781 5410.40039062
39841 5407.13330078
39901 5403.97998047
39961 5399.81640625
40022 5398.49902344
40082 5394.95703125
40142 5390.62695312
40202 5388.23925781
40242 5386.66943359
40282 5384.08007812
40318 5381.82373047
40353 5379.57128906
40413 5374.82275391
40473 5371.24902344
40533 5366.61816406
40593 5364.97119141
40653 5361.36669922
40713 5358.29589844
40773 5353.52001953
40834 5348.85791016
40894 5343.95458984
40954 5340.22314453
41074 5337.03466797
41134 5331.66503906
41194 5329.99316406
41254 5325.39941406
41315 5321.21142578
41375 5317.96923828
41435 5316.32373047
41495 5313.91455078
41555 5311.26806641
41615 5306.78808594
41675 5300.61230469
41736 5298.11035156
41856 5294.60058594
41916 5289.55517578
41976 5285.53662109
42096 5280.59570312
42157 5275.64648438
42217 5273.28955078
42277 5270.98242188
42316 5263.26708984
42354 5262.46044922
42414 5256.59326172
42535 5257.74755859
42595 5254.32080078
42655 5249.66748047
42715 5247.61914062
42775 5243.54785156
42835 5240.44677734
42896 5235.05859375
43016 5233.64160156
43076 5229.22167969
43136 5225.08886719
43196 5222.24902344
43256 5214.29541016
43316 5213.45556641
43377 5209.80126953
43437 5206.02441406
43497 5203.67822266
43557 5197.66308594
43617 5197.36523438
43738 5191.01123047
43798 5186.19238281
43858 5181.47167969
43918 5180.39306641
43978 5177.97705078
44038 5172.97900391
44098 5170.18652344
44158 5167.74511719
44219 5163.19921875
44279 5161.32275391
44339 5158.19580078
44399 5150.86669922
44519 5148.46337891
44579 5144.57714844
44640 5144.39697266
44700 5142.50878906
44760 5137.85595703
44820 5137.33984375
44880 5130.00244141
44940 5127.24462891
45000 5125.30371094
45121 5121.80419922
45181 5118.72363281
45241 5115.79150391
45301 5113.14404297
45361 5106.83398438
45421 5105.609375
45481 5103.98876953
45541 5097.79394531
45602 5096.15576172
45662 5093.21533203
45722 5091.12646484
45842 5086.27246094
45902 5082.92724609
45962 5078.01123047
46022 5074.28076172
46083 5072.84521484
46137 5070.92138672
46192 5067.81738281
46252 5065.42773438
46313 5061.92578125
46373 5058.78466797
46433 5057.68505859
46491 5052.62841797
46550 5049.35888672
46610 5048.11816406
46670 5042.83496094
46730 5040.14990234
46790 5038.24023438
46850 5035.19726562
46910 5030.22265625
46971 5028.18457031
47031 5025.26220703
47091 5024.76123047
47151 5020.88476562
47211 5019.1171875
47271 5016.25292969
47331 5011.32958984
47392 5008.15576172
47512 5010.76416016
47589 5010.3828125
47649 5005.23291016
47709 5002.21679688
47769 4999.17382812
47829 4996.21582031
47889 4994.12451172
47949 4991.19970703
