0 10366.0742188
278 10276.4570312
316 10268.7929688
496 10220.8486328
676 10168.3662109
917 10087.1904297
1037 10055.6689453
1218 9999.43066406
1398 9936.00292969
1458 9926.08105469
1578 9887.19726562
1812 9829.12792969
2406 9853.43457031
2466 9843.27734375
2646 9803.59277344
2827 9768.06445312
3067 9716.77050781
3162 9697.84863281
3198 9690.87597656
3318 9663.68652344
3378 9655.81738281
3438 9646.39257812
3618 9605.24121094
3799 9570.09277344
3853 9562.01171875
3883 9553.97753906
3920 9547.1640625
3980 9536.38769531
4221 9492.81738281
4281 9484.98046875
4341 9476.42773438
4582 9429.453125
4642 9418.53027344
4742 9396.26269531
4778 9389.56933594
4813 9382.89550781
4873 9374.875
5053 9341.25683594
5113 9333.61035156
5294 9290.68066406
5534 9230.83203125
5594 9224.92382812
5715 9196.27050781
5775 9193.48925781
5895 9170.56933594
6015 9146.13964844
6135 9126.19433594
6171 9121.24121094
6206 9116.28515625
6326 9093.13964844
6386 9083.16210938
6506 9061.58007812
6566 9053.68066406
6927 9048.01269531
7047 9028.09277344
7107 9020.07714844
7228 8995.78417969
7288 8989.6640625
7348 8980.22851562
7528 8948.38476562
7588 8941.61523438
7649 8933.2421875
7709 8922.39648438
7769 8911.84082031
7829 8903.16601562
7864 8898.09082031
7899 8892.99804688
8020 8869.51757812
8080 8866.05371094
8140 8858.30664062
8200 8848.93847656
8260 8837.53613281
8320 8828.63476562
8441 8809.58007812
8501 8799.60351562
8621 8779.67480469
8681 8774.64648438
8801 8755.35449219
8861 8749.07128906
8982 8723.21875
9042 8717.59960938
9102 8708.66601562
9222 8687.02539062
9282 8680.5546875
9343 8673.02832031
9403 8662.28417969
9463 8657.48828125
9523 8648.36132812
9643 8628.375
9703 8623.0625
9877 8591.58691406
9908 8585.27832031
9944 8580.90917969
10004 8574.08398438
10065 8568.88671875
10125 8559.83886719
10185 8550.96191406
10305 8530.69238281
10365 8523.03320312
10485 8502.43457031
10546 8494.75585938
10606 8487.40917969
10726 8466.77539062
10786 8460.19335938
10846 8451.0390625
10906 8441.06933594
10966 8432.62109375
11027 8424.44238281
11147 8403.38867188
11207 8398.31445312
11568 8365.27441406
11608 8358.8984375
11648 8355.63085938
11709 8348.43066406
11769 8343.05761719
11829 8331.99023438
11889 8325.04101562
11949 8318.20996094
12130 8283.19824219
12190 8276.88671875
12250 8268.53710938
12310 8260.23925781
12370 8250.18847656
12430 8242.01269531
12490 8235.63378906
12550 8226.29296875
12611 8220.54003906
12671 8210.77636719
12731 8201.1953125
12791 8196.86523438
12851 8185.70849609
13031 8167.63671875
13092 8157.6953125
13152 8150.84423828
13212 8140.15722656
13272 8132.88037109
13332 8123.99414062
13392 8114.70166016
13452 8109.12939453
13513 8101.05859375
13573 8095.57128906
13633 8089.89746094
13813 8052.37109375
13933 8044.25927734
13994 8033.05908203
14054 8029.66259766
14094 8023.53222656
14134 8019.21240234
14169 8015.42382812
14204 8011.63671875
14384 7977.14013672
14444 7971.87207031
14565 7965.10400391
14745 7943.91943359
14925 7915.24316406
14985 7908.79492188
15046 7901.67480469
15226 7879.39160156
15286 7870.26171875
15346 7864.43212891
15381 7861.02929688
15417 7857.61181641
15477 7846.42773438
15537 7843.00390625
15597 7837.03320312
15657 7829.69238281
15717 7822.20800781
15777 7814.37792969
15838 7807.14013672
15898 7796.38818359
16018 7790.25537109
16078 7784.40771484
16137 7776.70654297
16196 7770.43408203
16256 7765.89648438
16314 7758.77880859
16372 7752.61865234
16433 7747.07373047
16493 7739.61035156
16553 7728.51757812
16613 7727.58154297
16673 7719.92041016
16733 7710.81396484
16853 7696.65332031
16914 7693.58203125
16974 7685.43359375
17034 7682.73730469
17094 7671.85253906
17214 7653.85058594
17274 7645.57666016
17335 7641.63623047
17395 7635.31445312
17455 7629.47949219
17515 7621.16162109
17575 7618.59130859
17635 7609.01708984
17695 7603.74560547
17755 7596.14111328
18116 7575.89697266
18176 7567.37792969
18236 7560.18896484
18297 7553.49169922
18357 7546.34423828
18417 7542.25488281
18477 7535.87207031
18537 7528.21533203
18597 7520.73291016
18657 7513.31005859
18718 7507.35595703
18778 7501.36425781
18838 7494.74121094
18898 7490.16943359
18958 7485.55371094
19018 7479.18212891
19078 7470.62402344
19138 7463.35058594
19198 7460.54541016
19259 7453.60742188
19319 7445.09863281
19379 7438.34326172
19439 7431.24902344
19499 7425.16748047
19559 7419.33984375
19619 7411.03662109
19679 7402.67480469
19740 7397.72802734
19800 7393.95947266
19860 7387.46679688
19920 7380.88183594
19980 7373.01611328
20016 7368.35400391
20051 7363.66845703
20112 7358.45654297
20172 7350.25830078
20232 7345.37011719
20292 7342.17431641
20352 7334.60839844
20412 7327.20214844
20473 7319.46679688
20533 7314.00244141
20593 7307.04345703
20653 7302.41015625
20713 7296.87792969
20773 7287.99316406
20833 7278.44335938
20894 7275.39550781
20954 7266.89160156
21014 7260.07568359
21074 7258.25488281
21134 7246.83154297
21227 7231.14257812
21262 7229.04345703
21297 7226.94384766
21358 7220.52587891
21418 7215.87451172
21478 7209.11914062
21538 7204.95458984
21598 7195.69775391
21658 7193.36083984
21719 7186.64404297
21779 7180.06054688
21839 7171.72509766
21899 7164.79980469
21959 7156.00097656
22019 7153.03515625
22080 7150.17724609
22140 7144.57421875
22200 7136.0625
22260 7128.79296875
22320 7125.35595703
22380 7115.59082031
22440 7107.83789062
22500 7103.79882812
22561 7096.76074219
22621 7093.28955078
22681 7089.42285156
22741 7078.78564453
22801 7077.13476562
22861 7069.00488281
22921 7064.63964844
22981 7057.2734375
23042 7053.71972656
23102 7050.03710938
23162 7039.51123047
23222 7035.05957031
23282 7028.14746094
23342 7022.02001953
23402 7019.49511719
23462 7016.06494141
23522 7007.08544922
23583 7002.81054688
23643 6993.62402344
23703 6989.75878906
23763 6983.11914062
23823 6974.64990234
23883 6967.80419922
23943 6963.84667969
24004 6959.625
24048 6959.23779297
24093 6954.44970703
24128 6950.70898438
24163 6946.96777344
24224 6939.73681641
24584 6922.61035156
24645 6918.12255859
24705 6913.60839844
24765 6905.02246094
24825 6898.37548828
24885 6895.66064453
24945 6891.00927734
25005 6884.09179688
25065 6877.66650391
25126 6873.75585938
25174 6868.09619141
25222 6865.18164062
25282 6860.37207031
25343 6853.50195312
25403 6850.16308594
25463 6845.38134766
25523 6840.08740234
25583 6834.06738281
25643 6827.22851562
25703 6821.42578125
25764 6816.86328125
25824 6812.52734375
25884 6806.29199219
25944 6800.4453125
26004 6794.05615234
26064 6789.24121094
26124 6785.35742188
26184 6779.10253906
26245 6774.05371094
26305 6767.46826172
26365 6762.63818359
26425 6757.64599609
26485 6753.94873047
26545 6747.05175781
26605 6741.21533203
26666 6736.26806641
26726 6731.2421875
26786 6725.26611328
26846 6720.13671875
26906 6714.50146484
26966 6708.79931641
27026 6703.02490234
27086 6699.70605469
27147 6691.97021484
27207 6684.87109375
27267 6680.52734375
27327 6678.64746094
27387 6673.88818359
27808 6353.22558594
27868 6352.85888672
27928 6345.90625
27989 6341.29736328
28289 6322.12988281
28349 6316.51318359
28409 6307.83642578
28470 6306.41210938
28530 6303.73925781
28590 6298.37402344
28650 6294.17285156
28710 6291.55908203
28749 6287.80712891
28764 6284.89892578
28802 6282.71435547
28862 6279.91210938
28922 6276.20263672
28982 6272.44775391
29043 6267.80224609
29103 6262.79101562
29163 6253.91845703
29232 6251.93359375
29270 6250.41162109
29330 6246.95703125
29390 6243.07714844
29450 6238.92138672
29511 6233.02783203
29571 6231.40332031
29631 6227.27197266
29666 6224.86279297
29701 6222.45507812
29761 6214.73583984
29821 6210.57373047
29881 6206.47216797
29941 6203.96972656
30002 6199.43408203
30037 6196.77929688
30048 6195.92919922
30084 6195.0390625
30144 6189.19824219
30204 6186.07714844
30265 6181.390625
30325 6178.54833984
30381 6176.45898438
30438 6170.38867188
30498 6161.83886719
30535 6157.35302734
30572 6154.80810547
30615 6153.72314453
30658 6147.91699219
30718 6146.66357422
30778 6142.58984375
30838 6140.33691406
30898 6134.12597656
30959 6127.83398438
31019 6122.46923828
31079 6121.76025391
31139 6119.5390625
31188 6116.41259766
31228 6112.04638672
31269 6108.17626953
31318 6106.56152344
31353 6105.40917969
31363 6105.07617188
31398 6102.73681641
31433 6100.40576172
31468 6098.07226562
31529 6092.921875
31578 6088.64990234
31608 6085.73828125
31648 6084.47851562
31685 6081.81298828
31721 6080.41845703
31757 6079.36474609
31792 6077.22265625
31852 6074.82763672
31912 6068.71972656
31972 6065.04443359
32033 6061.34619141
32093 6056.28613281
32146 6052.05029297
32199 6047.16210938
32259 6041.19335938
32319 6039.27636719
32365 6036.58544922
32392 6035.93212891
32432 6032.75146484
32492 6027.13037109
32552 6026.29736328
32612 6020.39453125
32672 6014.28662109
32733 6010.50097656
32793 6007.00732422
32853 6002.30664062
32913 6000.52539062
32973 5995.70654297
33032 5993.640625
33092 5989.46826172
33152 5983.53613281
33212 5982.02490234
33272 5978.38623047
33332 5975.62841797
33392 5968.70800781
33453 5964.30859375
33513 5961.71044922
33550 5958.32177734
33568 5957.72705078
33608 5957.11767578
33668 5952.53955078
33728 5947.72460938
33789 5946.46142578
33849 5941.96972656
33906 5935.39111328
33964 5932.07910156
34024 5928.74658203
34085 5925.19384766
34145 5924.40234375
34205 5918.84228516
34265 5912.99169922
34325 5911.88964844
34385 5906.82275391
34445 5898.61132812
34506 5896.38476562
34566 5892.1875
34601 5889.73925781
34636 5887.29003906
34696 5884.00976562
34756 5879.12011719
34816 5874.45458984
34876 5873.95068359
34937 5871.67871094
35237 5860.92333984
35297 5855.22167969
35357 5850.7890625
35417 5847.02050781
35478 5845.10546875
35538 5841.0859375
35598 5836.03222656
35658 5834.19140625
35718 5828.41015625
35778 5823.97216797
35838 5823.46044922
35959 5826.35351562
36019 5820.80273438
36079 5814.78027344
36139 5813.21875
36199 5810.17089844
36259 5804.50732422
36320 5801.19628906
36380 5796.29199219
36440 5791.16162109
36500 5789.67773438
36560 5785.89355469
36602 5782.99707031
36643 5779.35400391
36703 5776.47167969
36764 5772.90722656
36824 5769.02832031
36884 5765.20996094
36944 5762.12158203
37004 5755.76464844
37064 5753.21972656
37124 5749.16064453
37160 5746.78369141
37195 5744.40771484
37291 5741.84228516
37327 5738.72900391
37387 5733.02636719
37448 5729.41162109
37483 5727.30224609
37518 5725.19238281
37578 5721.78808594
37638 5718.74023438
37698 5713.7734375
37734 5713.01708984
37771 5711.26074219
37831 5707.58105469
37891 5702.59326172
37951 5700.28564453
38011 5697.34863281
38071 5694.26660156
38132 5687.56494141
38192 5681.83544922
38252 5679.75390625
38312 5675.11962891
38372 5671.84912109
38432 5669.42529297
38492 5664.18261719
38543 5662.34423828
38594 5660.50097656
38654 5658.24023438
38714 5653.44482422
38758 5650.64013672
38782 5650.30273438
38822 5647.37011719
38882 5642.96972656
38942 5636.36523438
39002 5634.42773438
39037 5633.29736328
39072 5632.16210938
39133 5626.49560547
39193 5621.09033203
39253 5618.09082031
39313 5615.11279297
39373 5612.67285156
39433 5610.49072266
39469 5609.21044922
39504 5607.92871094
39564 5604.06103516
39624 5599.37988281
39684 5595.57958984
39744 5593.63574219
39805 5589.77832031
39865 5585.76367188
39925 5580.62353516
40002 5576.77685547
40062 5571.78173828
40122 5568.37744141
40182 5563.49316406
40243 5559.68603516
40303 5558.48632812
40363 5556.67773438
40423 5552.52978516
40483 5549.33398438
40543 5544.92041016
40603 5538.25146484
40663 5536.03759766
40707 5534.21533203
40739 5533.15380859
40788 5529.45361328
40849 5525.43847656
40884 5523.10351562
40919 5520.77050781
40979 5517.35693359
41039 5512.34912109
41099 5510.72753906
41159 5509.19775391
41210 5503.76611328
41238 5501.03027344
41276 5499.12158203
41336 5498.12255859
41396 5494.59082031
41516 5489.00488281
41577 5484.79443359
41637 5481.00244141
41697 5477.03369141
41757 5471.66699219
41817 5468.86621094
41877 5463.90722656
41937 5460.97998047
41997 5458.37451172
42058 5453.60742188
42118 5451.55615234
42178 5446.97607422
42213 5444.30371094
42248 5441.63134766
42297 5440.63183594
42346 5438.95068359
42406 5433.91845703
42459 5431.3984375
42512 5429.48486328
42573 5424.07470703
42633 5422.72070312
42693 5418.23583984
42753 5415.75341797
42813 5410.65576172
42873 5407.15234375
42934 5402.94140625
42994 5400.63378906
43054 5396.80419922
43114 5393.58789062
43174 5389.31835938
43234 5385.81933594
43294 5383.53662109
43355 5382.12304688
43415 5377.68994141
43475 5375.50292969
43535 5373.97900391
43595 5370.53955078
43655 5364.70410156
43715 5359.9453125
43775 5355.07861328
43836 5353.00341797
43896 5346.50830078
43956 5341.26269531
44016 5338.08544922
44076 5336.34667969
44136 5335.90185547
44197 5332.77636719
44257 5326.76220703
44377 5322.34082031
44437 5318.90917969
44497 5315.39648438
44557 5312.69580078
44617 5308.84375
44677 5306.13134766
44798 5300.85449219
44858 5297.96142578
44918 5293.70019531
44978 5288.21875
45038 5283.46142578
45099 5281.95751953
45159 5278.81542969
45219 5277.52929688
45279 5276.12744141
45399 5273.99023438
45459 5268.41259766
45519 5262.71923828
45579 5260.56884766
45640 5259.27148438
45700 5255.86328125
45760 5254.13769531
45820 5250.625
45880 5245.34521484
45940 5241.03955078
46000 5239.58398438
46060 5235.53759766
46120 5230.52441406
46181 5226.87890625
46241 5221.37646484
46301 5221.18261719
46602 5219.30175781
46662 5217.65966797
46722 5213.68457031
46782 5210.86132812
46842 5206.69091797
46902 5203.30371094
46962 5201.52685547
47023 5197.94140625
47083 5194.95849609
47143 5191.1796875
47203 5186.67919922
47263 5185.10693359
47323 5181.80273438
47383 5178.125
47444 5176.94970703
47504 5171.16650391
47564 5168.20263672
47624 5167.89355469
47684 5165.09375
47744 5161.58544922
47804 5159.42578125
47864 5157.01025391
47925 5153.62158203
47985 5148.80615234
48045 5147.15820312
48105 5144.77832031
48165 5139.53076172
48225 5136.13720703
48285 5133.20263672
48320 5131.48925781
48355 5129.77734375
48415 5126.08203125
48476 5121.47460938
48536 5118.97509766
48596 5117.82324219
48656 5115.32958984
48716 5111.04492188
48776 5107.99804688
48836 5105.87255859
48896 5101.96679688
48957 5099.93261719
49017 5095.82324219
49077 5091.08935547
49137 5090.00537109
49197 5088.84375
49257 5085.16748047
49317 5081.26367188
49377 5077.53369141
49438 5074.0703125
49498 5072.59228516
49558 5070.73632812
49618 5066.20605469
49678 5062.78955078
49738 5059.56591797
49798 5057.58544922
49858 5053.91162109
49919 5051.85205078
49979 5049.98486328
50039 5045.54443359
50099 5043.29736328
50159 5041.86132812
50219 5038.29150391
50279 5035.84130859
50340 5030.62451172
50400 5026.96386719
50460 5026.22460938
50520 5024.75683594
50580 5019.15771484
50640 5013.60253906
50700 5011.72070312
50760 5007.75292969
50821 5005.81591797
50881 5003.890625
50941 5001.28417969
51001 4997.87744141
51061 4994.93017578
51121 4990.64160156
51181 4987.12451172
51241 4986.10302734
51302 4983.13085938
51362 4978.11181641
51422 4975.45703125
51482 4972.63476562
51542 4969.27783203
51602 4966.86572266
51662 4963.80859375
51714 4962.05175781
51743 4958.38232422
51781 4956.31689453
51841 4954.81445312
51901 4951.78076172
51961 4949.25683594
52021 4946.45849609
52081 4942.70898438
52142 4939.63232422
52202 4936.80566406
52262 4935.29931641
52322 4932.21923828
52382 4930.06542969
52442 4928.24902344
52502 4926.82470703
52562 4923.38378906
52622 4921.64599609
52683 4916.45800781
52743 4915.28271484
52803 4910.14648438
52863 4907.28613281
52923 4905.33886719
52983 4904.30322266
53043 4900.76904297
53103 4896.28173828
53164 4894.51416016
53224 4892.16894531
53284 4889.21777344
53344 4883.79345703
53396 4881.94335938
53449 4880.4375
53509 4876.96630859
53569 4874.99511719
53629 4872.61962891
53690 4869.65380859
53750 4866.53515625
53810 4864.93847656
53852 4862.10986328
53894 4861.89013672
53954 4857.54736328
54014 4856.44091797
54075 4853.65625
54135 4849.83691406
54195 4847.36767578
54255 4844.29443359
54315 4841.14599609
54375 4838.93359375
54435 4837.04101562
54496 4833.19384766
54556 4830.15625
54616 4829.20849609
54676 4825.59765625
54736 4823.08544922
54796 4819.97851562
54856 4816.14404297
54916 4814.78417969
54977 4813.02832031
55037 4809.55273438
55097 4806.48779297
55217 4801.99414062
55277 4798.55712891
55337 4796.52050781
55397 4794.52490234
55458 4789.32373047
55518 4787.55517578
55578 4784.54296875
55638 4780.92333984
55698 4780.47705078
55758 4778.56591797
55878 4773.17871094
55939 4770.21630859
55999 4769.10498047
56059 4763.80029297
56119 4762.43212891
56179 4759.50488281
56239 4757.12890625
56299 4754.90185547
56359 4751.63427734
56420 4751.00439453
56480 4748.21191406
56540 4745.58203125
56600 4742.17724609
56660 4738.33203125
56720 4736.92626953
56780 4735.22558594
56840 4732.55175781
56901 4728.42529297
56961 4725.81884766
57021 4725.63818359
57081 4723.55322266
57141 4718.87744141
57201 4716.19775391
57261 4712.65917969
57321 4709.56494141
57381 4708.1015625
57442 4705.35449219
57502 4703.78320312
57562 4698.71826172
57622 4696.33251953
57682 4694.79394531
57742 4691.55126953
57802 4688.78710938
58163 4444.421875
58223 4441.75878906
58283 4439.58691406
58524 4431.45703125
58584 4431.21777344
58644 4429.17822266
58704 4426.54248047
58764 4422.92041016
58825 4421.63525391
58885 4421.25683594
58945 4419.11816406
59005 4416.61474609
59065 4414.2578125
59125 4411.03320312
59245 4407.60058594
59306 4406.89794922
59366 4403.66552734
59426 4399.43164062
59486 4397.41650391
59546 4395.75390625
59606 4395.29736328
59666 4393.19677734
59726 4389.82910156
59787 4386.80615234
59847 4384.95507812
59907 4383.09570312
59967 4381.90234375
60027 4380.18505859
60087 4377.26025391
60147 4376.90234375
60208 4373.47949219
60268 4370.59521484
60328 4368.56005859
60388 4366.34912109
60448 4362.72363281
60508 4361.36962891
60568 4358.35644531
60628 4357.81640625
60689 4357.2578125
60749 4355.02929688
60809 4351.39794922
60869 4349.53320312
60929 4347.0
60989 4344.24316406
61049 4340.85546875
61109 4339.6015625
61170 4338.55078125
61290 4334.8046875
61350 4333.01367188
61410 4329.74072266
61470 4327.07910156
61530 4325.51123047
61590 4323.07226562
61651 4321.93310547
61711 4321.02441406
61771 4317.21582031
61892 4314.40283203
61952 4312.51904297
62012 4310.41650391
62072 4309.21142578
62132 4307.68457031
62193 4304.99121094
62253 4303.18847656
62313 4301.41357422
62373 4297.0625
62433 4296.46191406
62493 4293.03369141
62614 4290.77832031
62674 4287.11083984
62734 4284.69873047
62794 4283.25878906
62854 4280.57177734
62914 4278.23486328
62974 4276.41699219
63095 4274.47509766
63155 4272.03710938
63215 4268.32519531
63275 4266.02734375
63335 4264.69287109
63395 4263.02050781
63455 4262.28564453
63515 4260.875
63576 4258.55712891
63636 4256.07080078
63696 4254.15625
63756 4251.58691406
63816 4249.39404297
63876 4247.25146484
63936 4244.76074219
64057 4243.32324219
64117 4241.65234375
64177 4238.58544922
64237 4235.66308594
64297 4234.86083984
64357 4232.75732422
64417 4230.96191406
64477 4228.19921875
64538 4225.62011719
64598 4221.75341797
64658 4221.1171875
64718 4219.51708984
64778 4217.27099609
64838 4215.53662109
64898 4214.03027344
64958 4212.57617188
65079 4207.27587891
65139 4205.28125
65199 4201.50439453
65259 4200.87841797
65319 4200.35546875
65379 4195.64404297
65439 4194.36572266
65500 4193.27099609
65560 4190.53027344
65620 4187.92919922
65680 4185.31738281
65740 4183.26025391
65800 4182.72607422
65861 4180.23144531
65921 4178.13037109
65981 4175.54394531
66041 4174.10546875
66101 4173.02050781
66161 4169.92919922
66221 4169.37646484
66281 4167.49609375
66341 4162.36523438
66402 4161.45898438
66462 4159.52050781
66582 4157.43505859
66642 4154.33105469
66702 4153.25341797
66762 4150.54003906
66823 4146.45654297
66883 4145.81884766
66943 4144.85644531
67003 4143.66064453
67063 4138.81591797
67123 4138.07861328
67184 4135.16943359
67244 4132.85302734
67304 4131.18408203
67364 4128.18896484
67424 4127.27636719
67484 4124.31103516
67544 4120.70263672
67605 4118.22558594
67665 4116.35351562
67725 4115.66845703
67845 4113.17480469
67905 4110.55761719
67965 4108.74755859
68025 4108.66992188
68086 4105.40478516
68146 4104.07080078
68206 4102.26757812
68266 4098.43066406
68386 4097.47509766
68446 4094.54833984
68506 4092.5378418
68567 4090.14941406
68627 4086.94091797
68687 4085.34448242
68747 4081.27148438
68807 4079.95019531
68867 4078.52124023
68927 4077.35522461
68987 4075.30957031
69048 4073.27050781
69108 4072.84960938
69168 4069.97290039
69228 4066.79052734
69288 4062.92211914
69331 4061.34326172
69349 4060.68481445
69384 4059.39233398
69444 4058.12524414
69504 4054.33227539
69564 4052.72338867
69624 4050.09326172
69685 4046.02905273
69745 4044.8828125
69805 4044.2565918
69865 4041.05322266
69925 4039.72265625
69985 4038.46191406
70045 4035.22827148
70105 4034.20654297
70166 4033.10742188
70226 4030.56103516
70286 4028.65527344
70346 4026.15454102
70406 4024.40991211
70466 4023.01391602
70526 4021.17871094
70586 4016.44873047
70647 4014.0246582
70707 4010.6652832
70767 4009.74975586
70827 4005.45483398
70887 4005.25634766
70947 4003.41748047
71007 4002.66601562
71067 4001.32861328
71127 3998.87060547
71187 3997.41723633
71248 3995.43408203
71308 3990.51977539
71368 3989.83544922
71428 3988.92163086
71488 3987.08398438
71548 3985.59790039
71608 3982.87963867
71669 3979.9777832
71729 3978.51025391
71789 3976.68701172
71849 3974.79296875
71909 3972.30102539
71969 3970.60766602
72029 3967.28881836
72090 3967.08203125
72150 3966.34179688
72210 3966.14550781
72270 3964.61181641
72330 3963.69848633
72390 3962.44580078
72450 3959.63427734
72511 3956.85083008
72571 3954.98657227
72631 3952.25024414
72691 3949.73608398
72751 3949.44140625
72811 3946.20532227
72871 3944.34277344
72992 3944.35229492
73052 3941.14331055
73112 3940.1887207
73172 3937.89379883
73232 3936.37402344
73292 3933.98876953
73352 3930.48925781
73412 3925.69189453
73473 3921.86621094
73533 3920.96289062
73593 3918.4309082
73653 3915.89941406
73713 3914.94335938
73773 3913.74951172
73833 3911.89526367
73893 3909.39526367
73954 3907.81054688
74014 3906.29125977
74134 3904.21826172
74194 3902.21655273
74254 3898.27319336
74314 3897.80444336
74374 3895.04516602
74495 3890.6484375
74555 3888.609375
74615 3886.64379883
74675 3884.26879883
74792 3882.7487793
74848 3880.41479492
74909 3877.75952148
74969 3875.35400391
75089 3872.90917969
75209 3872.45849609
75269 3870.4621582
75330 3867.06860352
75390 3866.15966797
75450 3863.93212891
75510 3860.98803711
75570 3859.92041016
75630 3858.26025391
75690 3857.02319336
75750 3854.58569336
75811 3852.29956055
75871 3849.28491211
75931 3845.41455078
75991 3845.40649414
76051 3843.16699219
76111 3842.46923828
76148 3839.08349609
76184 3838.0324707
76304 3835.42797852
76424 3837.87402344
76485 3834.81640625
76545 3834.58105469
76605 3831.37060547
76665 3828.44042969
76725 3827.06030273
76785 3824.06591797
76845 3823.10131836
