0 8272.73242188
255 8195.08105469
547 8120.70605469
1258 8038.44042969
1318 8034.03222656
1378 8027.81494141
1438 8021.71679688
2942 7753.55175781
3098 7729.00488281
3374 7681.25830078
3614 7641.5859375
4035 7580.90625
4215 7552.46240234
4396 7524.36181641
5285 7330.07421875
5610 7286.89160156
5791 7264.65771484
6031 7223.05126953
6151 7206.93310547
6452 7166.44335938
6512 7160.68261719
7053 7212.55322266
7294 7180.06396484
7414 7164.79736328
7474 7158.90380859
7655 7136.60107422
7715 7130.27197266
7835 7117.88183594
8002 7094.7109375
8049 7090.00195312
8289 7056.45117188
8350 7050.52539062
8410 7044.73730469
8590 7023.15820312
8710 7009.39013672
8891 6986.33154297
9011 6973.27197266
9191 6951.07226562
9432 6921.81884766
9552 6910.32910156
9733 6890.81103516
9853 6874.09375
9973 6861.17382812
10093 6845.97900391
10214 6833.19287109
10274 6828.51464844
10374 6811.73242188
10434 6807.04785156
10494 6800.98144531
10554 6794.94091797
10674 6780.9609375
10795 6769.50048828
11155 6731.25195312
11396 6702.51269531
11516 6690.07958984
11636 6674.44042969
11696 6670.35400391
11817 6661.13623047
11937 6646.24707031
11997 6639.86865234
12117 6624.91796875
12177 6622.64306641
12598 6580.28515625
12658 6576.90136719
12719 6571.24511719
12779 6565.85498047
12839 6561.80615234
13019 6540.65283203
13079 6533.87548828
13139 6528.49755859
13200 6522.42919922
13260 6516.58398438
13320 6510.19384766
13380 6506.50097656
13500 6493.86035156
13741 6459.17333984
13801 6455.5234375
13981 6435.15722656
14041 6428.8359375
14101 6422.27929688
14162 6417.64453125
14222 6411.37060547
14282 6408.72119141
14462 6387.82275391
14522 6381.05664062
14642 6368.73144531
14763 6357.11230469
14883 6348.69384766
14943 6342.87988281
15063 6331.6953125
15123 6325.41796875
15244 6311.59423828
15424 6293.30761719
15484 6286.62304688
15544 6283.96826172
15604 6277.48828125
15725 6258.00439453
15785 6257.0234375
15845 6255.05078125
15905 6250.60449219
16025 6237.0546875
16085 6233.61132812
16206 6220.12304688
16266 6213.54443359
16326 6211.00683594
16506 6189.82470703
16566 6183.70263672
16687 6172.1171875
16747 6166.63183594
16807 6161.96435547
16867 6155.49707031
16927 6151.58447266
17047 6139.74707031
17108 6133.22705078
17168 6129.59375
17288 6115.28759766
17408 6103.41894531
17589 6082.20898438
17649 6078.75585938
17709 6076.17480469
17769 6070.85302734
17829 6067.98242188
17949 6058.22070312
18190 6033.45654297
18250 6029.18164062
18430 6005.97851562
18791 6007.41748047
18851 6002.36621094
18964 5992.83544922
19018 5989.11230469
19078 5983.95507812
19198 5971.72021484
19258 5968.52783203
19318 5963.35058594
19379 5957.22167969
19439 5953.67626953
19499 5948.15576172
19559 5943.26171875
19619 5937.11572266
19679 5931.67285156
19739 5928.421875
19860 5917.45019531
19920 5914.39404297
19980 5908.61962891
20040 5903.04101562
20160 5892.15429688
20220 5891.91796875
20280 5887.45166016
20401 5874.10546875
20521 5864.83105469
20581 5858.73828125
20641 5854.09326172
20701 5847.46630859
20761 5842.62402344
20821 5837.92480469
20882 5834.53857422
20942 5828.22509766
21002 5825.59179688
21062 5819.73681641
21122 5814.05175781
21302 5803.79785156
21423 5793.67480469
21483 5788.46337891
21543 5783.19433594
21603 5779.48535156
21723 5767.00244141
21783 5762.50537109
21844 5758.37011719
21964 5746.72216797
22024 5741.08398438
22084 5740.36230469
22144 5735.75830078
22264 5722.93164062
22325 5718.19482422
22385 5717.33740234
22445 5712.72119141
22565 5701.94726562
22625 5698.3125
22684 5693.07226562
22743 5689.73486328
22803 5683.74902344
22863 5679.10693359
22923 5675.18505859
22983 5672.58349609
23044 5667.76367188
23164 5655.55566406
23224 5652.81738281
23284 5648.06542969
23344 5645.81738281
23404 5640.58984375
23525 5628.36376953
23585 5624.40087891
23645 5623.51855469
23705 5619.06884766
23765 5614.08300781
23825 5609.18505859
23885 5605.88623047
23945 5601.23681641
24006 5596.40478516
24066 5592.18896484
24126 5586.06884766
24186 5579.61621094
24246 5576.55273438
24306 5571.49658203
24366 5569.51513672
24426 5562.92529297
24487 5557.78369141
24547 5554.76708984
24607 5550.484375
24667 5545.546875
24727 5542.328125
24787 5537.59912109
24847 5533.88525391
24907 5528.38037109
24967 5523.91601562
25028 5519.296875
25088 5514.94238281
25148 5511.12597656
25208 5505.27050781
25268 5500.86767578
25328 5498.79736328
25388 5493.27197266
25449 5487.90917969
25509 5482.98535156
25569 5480.65136719
25629 5476.39404297
25689 5473.45703125
25990 5453.08398438
26050 5448.86816406
26110 5443.64599609
26543 5215.25341797
26603 5214.29785156
26663 5213.17773438
26723 5208.62109375
26784 5203.91650391
26844 5201.01367188
26897 5197.03808594
26951 5194.41503906
27011 5189.13818359
27071 5185.69287109
27132 5185.49267578
27192 5182.27294922
27252 5175.640625
27312 5173.81933594
27372 5170.68261719
27432 5167.86474609
27492 5162.27441406
27552 5158.36279297
27612 5155.00146484
27673 5152.00097656
27718 5148.66064453
27764 5145.05517578
27834 5140.16992188
27894 5137.77441406
27954 5133.63720703
28014 5130.90771484
28075 5129.09082031
28135 5124.20849609
28195 5120.43701172
28255 5118.02392578
28315 5115.37646484
28375 5111.45654297
28435 5107.73291016
28495 5103.39355469
28556 5099.46044922
28616 5096.31933594
28676 5094.25097656
28736 5092.07177734
28796 5085.87402344
28856 5081.40332031
28901 5079.47558594
28947 5078.88183594
29007 5072.43457031
29067 5069.640625
29127 5065.83544922
29187 5060.87060547
29247 5058.68017578
29307 5056.02978516
29367 5052.07226562
29428 5048.37060547
29488 5043.63671875
29548 5041.41894531
29608 5038.05810547
29668 5036.47607422
29728 5034.43554688
29788 5031.59667969
29848 5028.60205078
29908 5024.13623047
29954 5022.58935547
29999 5021.01123047
30059 5018.19140625
30119 5012.58789062
30179 5008.22265625
30239 5004.51464844
30299 5002.10253906
30360 4998.33544922
30420 4997.05126953
30480 4993.50537109
30540 4991.46484375
30600 4986.42919922
30660 4983.52685547
30720 4981.53662109
30780 4976.19873047
30841 4973.00927734
30901 4969.35400391
30961 4966.32128906
31021 4963.89990234
31081 4962.01171875
31141 4958.03222656
31201 4952.33203125
31261 4950.4140625
31322 4949.08935547
31382 4944.61425781
31420 4944.13330078
31457 4943.56298828
31578 4934.95263672
31626 4932.12207031
31674 4931.43505859
31735 4928.5390625
31855 4918.1875
32035 4921.9453125
32095 4919.95556641
32156 4916.07617188
32216 4909.82324219
32276 4909.14404297
32336 4907.03955078
32396 4903.3125
32456 4900.71777344
