0 10985.1816406
782 10623.7685547
945 10558.9892578
1291 10408.5664062
1481 10370.1015625
1704 10315.8710938
1998 10231.3857422
2102 10223.0087891
2205 10180.3310547
2893 10015.8525391
3253 10198.9033203
3314 10196.8496094
3423 10190.7314453
4042 10047.5400391
4186 10016.7851562
4227 10010.0390625
5110 9829.86328125
5208 9808.6015625
5247 9800.64160156
5307 9791.58300781
5488 9755.09277344
5548 9746.90429688
6810 9497.61621094
6991 9460.90625
7086 9441.81445312
7121 9434.75195312
7181 9427.79785156
7422 9378.87792969
7577 9341.3671875
7599 9336.74316406
7645 9333.87207031
7885 9286.58886719
8005 9269.60351562
8218 9228.82128906
8519 9169.15136719
8699 9136.63476562
8759 9130.02636719
9060 9061.28222656
9241 9028.5
9301 9023.69824219
9337 9017.66308594
9373 9010.39257812
9408 9005.86425781
9503 9001.37988281
9796 8941.75683594
9856 8933.60351562
9916 8930.59667969
9976 8921.57617188
10097 8897.63964844
10157 8888.91699219
10337 8858.36132812
10457 8834.92382812
10518 8831.95410156
10698 8806.39355469
10938 8753.98339844
11179 8722.49023438
11720 8714.68261719
11780 8706.03613281
11840 8699.95410156
11961 8679.33300781
12021 8670.61230469
12141 8653.12792969
12201 8644.38085938
12261 8636.36035156
12502 8598.49121094
12622 8583.00878906
12742 8566.02148438
12802 8558.73339844
12923 8538.26660156
12983 8529.10742188
13043 8521.06738281
13103 8513.5390625
13271 8490.91992188
13319 8482.75
13354 8479.5078125
13389 8472.69921875
13449 8466.18164062
13629 8434.57421875
13680 8427.74023438
13731 8424.02246094
13791 8417.24707031
13911 8399.51953125
13972 8391.18847656
14092 8371.66894531
14152 8362.68457031
14212 8354.69726562
14272 8351.87988281
14332 8342.98730469
14392 8333.75585938
14453 8326.59667969
14513 8318.7109375
14633 8300.06835938
14753 8280.37109375
14813 8278.875
14874 8272.66699219
14934 8266.23242188
15174 8229.48535156
15234 8221.29785156
15410 8193.98144531
15441 8186.48583984
15476 8181.72363281
15530 8181.77734375
15865 8122.94677734
15986 8104.89599609
16106 8084.72216797
16166 8079.17675781
16226 8070.49609375
16286 8068.38818359
16347 8059.40429688
16467 8042.10009766
16527 8034.4609375
16587 8027.04199219
16647 8021.82324219
16707 8012.91992188
16828 7998.79199219
16948 7979.72070312
17008 7973.5625
17068 7968.20214844
17164 7949.13476562
17184 7945.87255859
17226 7940.71875
17287 7934.92285156
17341 7927.8828125
17396 7927.26953125
17456 7922.03710938
17576 7897.28662109
17636 7892.59960938
17697 7885.43554688
17757 7878.65917969
17817 7875.5546875
17877 7872.19482422
17937 7864.29931641
18057 7849.671875
18117 7844.28369141
18178 7837.92089844
18238 7831.44775391
18298 7824.54541016
18418 7812.20410156
18599 7786.87890625
18659 7778.81933594
18719 7772.64355469
18779 7763.34521484
18839 7762.19287109
19200 7746.37744141
19260 7737.61767578
19320 7733.25195312
19380 7727.08007812
19501 7708.64355469
19561 7704.46728516
19621 7695.75
19741 7682.27685547
19801 7676.86132812
19861 7673.21386719
19921 7666.93603516
20042 7649.0703125
20102 7644.46777344
20222 7626.35498047
20282 7620.29833984
20342 7615.46435547
20403 7611.00683594
20463 7606.45507812
20523 7599.63574219
20583 7592.609375
20643 7585.92041016
20703 7577.85449219
20763 7571.73046875
20824 7562.58300781
20884 7556.76123047
20944 7550.54882812
21004 7546.06054688
21124 7528.61230469
21184 7521.37158203
21244 7513.63867188
21305 7512.43164062
21425 7496.58691406
21485 7491.47998047
21545 7483.93847656
21605 7478.70458984
21665 7471.61035156
21725 7465.40966797
21786 7457.97900391
21846 7453.12353516
21906 7445.28222656
21966 7437.09033203
22026 7431.73876953
22086 7427.45849609
22146 7420.33789062
22207 7413.90283203
22248 7410.53173828
22290 7401.82373047
22351 7398.57617188
22411 7392.34619141
22471 7385.60351562
22519 7380.32714844
22567 7374.76367188
22627 7369.24511719
22687 7363.73095703
22747 7356.81835938
22807 7349.33007812
22867 7343.2265625
22927 7339.32275391
23048 7325.97412109
23108 7319.57128906
23168 7313.69287109
23228 7308.43505859
23348 7292.38378906
23408 7288.61669922
23463 7281.59716797
23517 7273.80273438
23552 7272.55322266
23571 7270.10449219
23616 7267.37451172
23651 7263.95410156
23686 7258.56542969
23746 7252.12011719
23807 7245.35205078
23867 7236.22070312
23927 7230.27832031
23987 7224.57080078
24047 7216.62890625
24107 7210.16699219
24167 7206.48779297
24227 7200.71044922
24288 7192.34130859
24348 7185.14697266
24408 7181.3984375
24468 7176.40087891
24528 7172.12109375
24649 7158.18945312
24709 7149.88574219
24769 7142.43017578
24829 7137.4609375
24889 7131.41455078
24949 7125.03369141
24984 7120.45898438
25019 7119.31005859
25080 7111.03173828
25140 7104.359375
25200 7097.47070312
25260 7088.2578125
25320 7079.64599609
25380 7071.36816406
25440 7066.41992188
25501 7058.98730469
25561 7050.21582031
25741 7034.1953125
25801 7028.54931641
25861 7023.14257812
26042 7008.12060547
26102 6999.57470703
26162 6998.95556641
26282 6983.37646484
26342 6981.59033203
26403 6974.34423828
26463 6968.96679688
26523 6963.33056641
26583 6955.17773438
26624 6951.12792969
26665 6945.390625
26726 6941.97265625
26770 6941.23779297
26850 6936.46044922
26885 6929.10253906
26945 6924.98876953
27066 6923.37939453
27186 6906.14013672
27246 6901.28222656
27306 6896.42480469
27366 6888.98632812
27426 6882.14599609
27486 6879.56445312
27546 6873.71142578
27607 6867.05419922
27667 6862.93261719
27743 6860.58789062
27803 6852.94482422
27863 6847.73388672
27923 6839.43652344
27984 6836.76660156
28044 6828.00732422
28164 6820.63476562
28224 6813.58105469
28284 6805.92529297
28344 6801.33544922
28405 6801.02392578
28525 6786.01318359
28585 6781.96044922
28645 6777.87988281
28705 6775.26757812
28825 6759.00732422
28886 6758.75732422
29006 6739.20410156
29066 6736.47363281
29246 6723.14892578
29306 6718.21923828
29367 6713.95068359
29427 6707.08544922
29547 6698.00537109
29607 6694.97216797
29667 6686.07177734
29727 6682.77539062
29788 6674.10644531
29908 6657.58154297
30028 6655.46923828
30088 6648.99804688
30148 6640.80419922
30209 6638.8828125
30269 6632.90771484
30329 6626.10449219
30389 6624.78173828
30449 6617.71142578
30690 6590.34667969
30750 6585.86376953
30810 6582.69775391
30870 6577.8359375
30930 6571.28466797
31231 6579.41015625
31291 6574.07666016
31351 6567.87548828
31411 6563.13330078
31471 6557.88574219
31832 6315.31884766
31892 6311.99658203
31952 6305.97509766
32012 6301.93994141
32072 6298.42333984
32133 6293.95263672
32193 6289.04101562
32253 6284.23925781
32313 6281.50976562
32373 6278.99560547
32433 6273.34521484
32493 6269.97216797
32553 6267.22753906
32614 6261.29736328
32650 6259.95703125
32686 6256.33740234
32746 6252.68701172
32788 6247.76660156
32830 6244.92480469
32890 6239.55273438
32950 6237.39111328
33010 6234.06542969
33046 6230.43408203
33078 6227.51318359
33135 6223.6015625
33195 6218.69824219
33255 6212.71826172
33315 6209.85693359
33376 6206.26269531
33436 6200.09082031
33496 6197.33984375
33556 6193.41699219
33616 6188.03857422
33676 6182.91113281
33731 6178.37158203
33786 6177.90771484
33821 6174.51855469
33856 6173.63623047
33917 6167.26416016
33977 6162.39794922
34037 6161.1875
34097 6159.4296875
34157 6153.49902344
34217 6145.39794922
34277 6141.42431641
34337 6138.21679688
34397 6134.64111328
34458 6131.890625
34518 6127.84423828
34578 6124.39648438
34638 6120.91308594
34698 6114.91113281
34758 6109.34179688
34818 6107.88330078
34878 6099.08886719
34938 6093.90673828
34999 6092.17138672
35059 6085.55175781
35119 6082.66650391
35179 6081.80957031
35239 6074.62939453
35299 6071.31738281
35359 6066.98339844
35480 6060.68945312
35540 6055.34863281
35660 6048.47314453
35720 6045.40234375
35780 6037.02539062
35840 6032.88476562
35900 6026.83789062
35961 6026.52197266
36021 6022.46630859
36081 6015.40283203
36141 6011.36132812
36201 6008.43994141
36261 6001.4296875
36321 5998.55175781
36622 5990.22949219
36682 5985.35449219
36742 5981.65283203
36803 5978.02880859
36863 5973.12792969
36923 5970.33935547
36983 5968.34570312
37043 5964.43310547
37103 5960.07324219
37163 5956.69335938
37223 5953.11914062
37283 5948.99658203
37344 5944.78808594
37404 5939.59765625
37464 5936.32617188
37524 5933.24755859
37584 5926.21826172
37644 5922.32080078
37704 5918.96728516
37765 5917.55664062
37825 5914.765625
37885 5909.921875
37945 5905.61621094
38005 5902.81347656
38065 5898.50341797
38125 5893.56396484
38185 5890.77441406
38246 5886.47460938
38306 5882.85742188
38356 5880.38476562
38407 5876.46484375
38467 5874.12255859
38527 5869.75146484
38587 5863.62988281
38648 5859.93261719
38708 5856.64257812
38768 5854.80908203
38828 5850.22412109
38868 5848.22216797
38888 5846.859375
38929 5843.88037109
38989 5839.22412109
39049 5834.96875
39110 5831.54492188
39170 5829.41162109
39230 5823.25048828
39290 5820.43505859
39350 5818.45898438
39410 5813.77685547
39470 5810.65771484
39530 5806.78466797
39591 5802.50195312
39651 5798.53662109
39711 5793.86181641
39771 5790.26269531
39831 5786.89257812
39891 5784.6484375
39951 5779.59423828
40011 5775.16894531
40072 5772.03027344
40132 5769.19775391
40192 5764.69042969
40252 5761.18798828
40312 5756.71142578
40372 5753.28125
40432 5751.78173828
40492 5751.29833984
40552 5745.35058594
40613 5741.18994141
40673 5739.01953125
40733 5733.15673828
40793 5729.10644531
40853 5725.4453125
40913 5721.89453125
40973 5719.12451172
41034 5715.24951172
41094 5712.3125
41154 5708.10986328
41214 5704.62402344
41274 5700.5390625
41334 5696.76074219
41394 5691.38671875
41454 5689.18359375
41514 5687.26953125
41574 5682.94238281
41635 5676.62402344
41695 5672.61181641
41755 5671.69824219
41815 5669.89697266
41875 5664.21630859
41935 5660.33349609
41995 5655.89355469
42056 5651.03173828
42116 5649.8515625
42176 5646.19287109
42236 5637.16601562
42296 5635.84765625
42356 5632.69873047
42477 5627.35400391
42537 5622.70507812
42597 5617.09130859
42657 5615.51025391
42717 5607.97021484
42777 5604.03759766
42837 5602.95654297
42897 5598.76660156
42958 5596.10693359
43018 5592.43603516
43078 5588.89794922
43198 5583.74316406
43258 5580.82177734
43318 5577.31884766
43379 5571.95117188
43439 5567.06787109
43499 5562.36865234
43559 5558.54199219
43619 5554.46875
43679 5550.52099609
43739 5546.49121094
43799 5543.42724609
43859 5539.55371094
43920 5535.64013672
43980 5531.93212891
44040 5526.78369141
44100 5523.83691406
44160 5520.97412109
44220 5517.97949219
44280 5514.87841797
44341 5511.43359375
44401 5507.95019531
44461 5505.58886719
44521 5499.91064453
44581 5497.79248047
44641 5493.17724609
44701 5490.63183594
44761 5485.95654297
44822 5479.88085938
44882 5477.7109375
44942 5476.74316406
45002 5468.28759766
45062 5465.53320312
45122 5462.35498047
45182 5458.99121094
45242 5457.26416016
45303 5454.35595703
45363 5452.10693359
45423 5451.49951172
45483 5448.34033203
45543 5445.89941406
45603 5442.42333984
45663 5437.87451172
45723 5432.69628906
45784 5430.33935547
45844 5423.9609375
45904 5421.39697266
45964 5420.46386719
46024 5417.99169922
46084 5415.15429688
46144 5411.51123047
46204 5406.54785156
46264 5401.20703125
46325 5399.74267578
46385 5397.76660156
46445 5392.84423828
46505 5388.29150391
46565 5387.89941406
46625 5386.04443359
46685 5380.57177734
46745 5377.76757812
46806 5373.86962891
46866 5371.41748047
46926 5371.0703125
46986 5366.92675781
47046 5363.99072266
47106 5362.04492188
47166 5354.85595703
47226 5353.29199219
47527 5335.22314453
47587 5332.265625
47648 5328.80322266
47708 5322.47851562
47768 5320.19140625
47828 5318.49169922
47948 5311.40478516
48008 5310.96337891
48068 5307.56494141
48129 5305.47119141
48249 5307.53808594
48309 5305.56298828
48369 5302.16601562
48429 5298.89648438
48490 5294.49609375
48550 5289.70214844
48610 5288.02294922
48670 5283.45654297
48790 5279.92871094
48850 5274.88085938
48911 5274.56787109
48971 5269.59814453
49031 5265.87109375
49091 5265.02978516
49151 5258.46875
49211 5256.22558594
49271 5253.70800781
49331 5251.75976562
49392 5247.58203125
49452 5243.875
49512 5242.44189453
49572 5240.04833984
49632 5237.61865234
49692 5234.85449219
49752 5230.40380859
49813 5225.28564453
49873 5221.13183594
49933 5217.18017578
49993 5216.21728516
50053 5214.01269531
50113 5208.05078125
50173 5205.93701172
50234 5203.57763672
50294 5200.29296875
50354 5196.18701172
50414 5192.37841797
50474 5189.40136719
50534 5187.84570312
50594 5183.22802734
50654 5179.265625
50715 5175.48876953
50775 5170.95068359
50835 5167.52246094
50895 5167.49121094
50955 5162.77197266
51015 5160.36914062
51075 5157.18847656
51133 5154.04492188
51169 5151.87060547
51189 5148.94335938
51231 5147.50390625
51292 5143.92919922
51352 5141.20166016
51413 5135.05712891
51473 5133.43603516
51534 5130.65136719
51594 5126.83447266
51654 5125.09326172
51714 5120.83496094
51775 5116.31933594
51835 5111.68847656
51895 5110.70556641
51955 5107.46972656
52075 5109.27197266
52135 5106.57421875
52196 5103.453125
52256 5100.578125
52316 5098.71630859
52376 5094.20898438
52436 5090.68457031
52496 5088.84619141
52556 5084.76220703
52617 5081.71679688
52677 5078.73828125
52737 5076.25927734
52797 5071.65576172
52857 5068.72802734
52917 5065.98730469
52977 5062.64404297
53037 5057.84716797
53098 5055.39355469
53158 5051.94726562
53218 5046.94433594
53278 5043.38769531
53338 5042.83447266
53398 5039.85888672
53458 5038.62060547
53518 5034.11767578
53578 5031.05175781
53639 5027.39794922
53699 5023.99951172
53759 5021.83203125
53819 5018.7265625
53879 5014.68115234
53939 5013.19775391
53999 5007.81396484
54060 5005.72216797
54120 5002.92285156
54180 5001.70947266
54240 4997.09472656
54360 4994.96240234
54420 4987.51953125
54480 4985.78222656
54541 4981.84667969
54601 4977.86767578
54661 4976.75830078
54721 4971.30126953
54781 4968.65722656
54841 4966.80126953
54901 4961.02001953
54962 4958.57958984
55022 4958.47460938
55082 4954.07958984
55142 4952.36474609
55202 4949.47753906
55262 4944.46679688
55322 4944.26123047
55382 4938.87158203
55443 4935.28173828
55503 4934.43164062
55563 4930.73583984
55623 4928.87744141
55683 4928.65429688
55743 4920.81640625
55803 4917.48046875
55863 4917.07617188
55923 4912.54736328
55984 4908.47216797
56044 4907.04589844
56104 4903.99169922
56164 4903.46337891
56244 4896.70703125
56305 4895.3671875
56365 4891.91455078
56425 4889.31152344
56485 4885.72509766
56545 4881.87890625
56605 4880.21484375
56665 4876.08349609
56725 4873.48291016
56786 4872.78125
56846 4870.94775391
56906 4869.54150391
56966 4864.92138672
57026 4861.12890625
57086 4857.7421875
57146 4853.62695312
57206 4850.97314453
57266 4848.40478516
57327 4846.38427734
57387 4843.27685547
57447 4841.078125
57507 4838.33935547
57627 4835.00292969
57687 4832.78662109
57808 4831.14160156
57868 4827.21875
57928 4823.35302734
57988 4823.27392578
58048 4818.98925781
58108 4815.47851562
