0 11145.5439453
121 11036.7666016
351 10989.6259766
411 10957.5742188
532 10904.8085938
712 10790.7109375
747 10773.0302734
782 10755.2734375
843 10727.421875
889 10702.6669922
935 10678.3427734
1056 10627.890625
1116 10597.2304688
1236 10561.09375
1341 10539.0761719
1447 10457.1103516
1568 10443.5996094
1628 10413.7802734
1688 10396.4404297
1748 10381.3144531
1868 10320.7539062
1928 10302.5136719
1989 10294.7734375
2109 10281.5634766
2169 10256.2294922
2229 10234.2285156
2289 10209.1113281
2349 10193.3867188
2409 10165.9580078
2470 10163.140625
2530 10142.2431641
2650 10129.3916016
2710 10115.0664062
2830 10093.8710938
2890 10081.3310547
2951 10073.7197266
3011 10053.3623047
3071 10028.3007812
3106 10013.6884766
3141 9999.0078125
3201 9979.30175781
3262 9970.61132812
3322 9959.29003906
3442 9960.5546875
3502 9938.87890625
3562 9927.01074219
3622 9908.39160156
3682 9884.35839844
3743 9871.53808594
3803 9854.64453125
3923 9832.57226562
3983 9801.10058594
4164 9746.07714844
4344 9564.49023438
4404 9559.0
4585 9486.91308594
4705 9409.83984375
4765 9400.30273438
5186 10040.7949219
5246 10024.7402344
5306 10010.9824219
5353 10004.671875
5401 9993.77929688
5436 9985.69824219
5471 9977.61132812
5531 9965.84667969
5591 9951.95800781
5651 9940.30761719
5711 9929.34082031
5771 9913.09082031
5831 9902.57910156
5892 9893.04980469
5933 9880.00585938
5974 9876.54785156
6035 9864.12011719
6070 9856.85839844
6105 9849.57128906
6165 9838.45117188
6226 9826.40820312
6286 9814.65625
6346 9806.69335938
6406 9791.43359375
6466 9786.171875
6526 9768.5546875
6586 9757.50878906
6646 9753.33691406
6707 9737.00683594
6767 9726.59277344
6827 9712.71289062
6887 9696.80078125
6947 9690.48925781
7007 9679.93945312
7067 9667.30957031
7127 9655.18457031
7188 9641.53320312
7248 9627.3046875
7308 9615.70019531
7368 9609.62402344
7428 9597.56640625
7488 9590.3046875
7548 9577.109375
7608 9562.58886719
7669 9555.20214844
7729 9542.72753906
7789 9531.77539062
7849 9519.49316406
7909 9512.58398438
7969 9502.00292969
8029 9491.31445312
8064 9485.08105469
8100 9478.81933594
8160 9465.36621094
8220 9455.63476562
8280 9441.53613281
8340 9435.06835938
8400 9418.77148438
8461 9414.6640625
8521 9400.74121094
8581 9394.05859375
8641 9381.17773438
8701 9372.64648438
8761 9361.00585938
8821 9345.26269531
8881 9338.83984375
8942 9330.14355469
9002 9319.625
9062 9309.56738281
9122 9300.06640625
9182 9288.93066406
9242 9280.64941406
9302 9272.60644531
9363 9259.55566406
9423 9251.99121094
9483 9241.45410156
9543 9229.97558594
9603 9216.640625
9663 9208.66992188
9723 9194.52636719
9783 9184.62011719
9844 9177.90332031
9904 9168.44726562
10024 9152.96289062
10084 9136.40722656
10144 9124.55078125
10204 9115.28222656
10264 9106.42089844
10324 9096.03027344
10385 9090.2109375
10445 9080.74023438
10505 9070.29101562
10565 9055.21875
10625 9051.71777344
10685 9040.8125
10745 9028.5078125
10806 9018.77929688
10866 9007.98339844
10926 8999.21972656
10986 8991.38085938
11046 8981.02929688
11081 8974.97949219
11116 8968.87109375
11176 8956.56640625
11236 8950.06933594
11296 8944.42578125
11357 8931.99023438
11417 8923.51269531
11477 8910.01171875
11537 8897.33886719
11597 8893.70214844
11657 8881.24609375
11717 8874.25585938
11777 8859.37597656
11898 8844.39648438
11958 8833.99414062
12018 8828.13769531
12078 8819.29492188
12138 8805.34570312
12198 8802.26171875
12491 8796.85449219
12551 8785.41894531
12611 8775.99902344
12671 8766.88574219
12731 8759.90429688
12792 8753.08105469
12852 8743.05761719
12912 8733.49316406
12972 8725.42480469
13032 8717.13964844
13092 8708.65332031
13152 8699.65527344
13212 8690.43261719
13273 8681.96679688
13333 8675.13671875
13393 8665.3046875
13453 8656.98535156
13513 8646.74121094
13573 8638.43847656
13633 8627.17089844
13694 8617.97363281
13754 8613.55761719
13814 8607.72949219
13874 8598.5234375
13934 8582.95605469
13994 8567.97265625
14054 8559.51660156
14115 8553.9765625
14175 8545.88085938
14235 8536.86035156
14295 8527.58398438
14415 8503.52929688
14475 8497.01855469
14536 8491.04296875
14596 8480.60742188
14656 8475.66796875
14716 8468.44140625
14774 8456.58300781
14832 8452.58007812
14892 8441.89941406
14952 8430.3515625
15012 8430.21679688
15073 8422.16113281
15133 8409.25878906
15193 8406.56347656
15253 8394.89550781
15313 8382.91601562
15373 8377.70800781
15433 8369.63183594
15494 8361.59179688
15554 8352.79003906
15614 8342.35742188
15674 8336.953125
15734 8326.73144531
15854 8318.89160156
15914 8303.69140625
15975 8293.76464844
16035 8286.57910156
16095 8278.65625
16155 8267.21582031
16275 8254.08789062
16336 8241.96679688
16396 8226.36914062
16456 8224.92871094
16516 8214.07324219
16576 8210.015625
16636 8202.77929688
16696 8186.29248047
16756 8183.7734375
16817 8173.97265625
16877 8173.88037109
16937 8166.94189453
17057 8150.71630859
17117 8144.42431641
17177 8142.29150391
17237 8138.71044922
17298 8122.29980469
17358 8120.44873047
17418 8107.93017578
17478 8102.28369141
17538 8098.55712891
17658 8084.43994141
17718 8080.14697266
17778 8075.65283203
17839 8068.44482422
17899 8059.25
17959 8053.14306641
18019 8046.18261719
18079 8032.03759766
18139 8027.63720703
18199 8024.51806641
18259 8008.55664062
18319 8004.61181641
18380 7992.21435547
18440 7989.76171875
18500 7984.34423828
18560 7970.43310547
18620 7965.50048828
18680 7958.94433594
18740 7954.19042969
18800 7945.16845703
18861 7935.20410156
18921 7931.59423828
18981 7920.95605469
19041 7912.40625
19308 7897.71191406
19368 7897.39697266
19428 7890.25195312
19488 7884.37158203
19548 7877.89941406
19609 7869.1015625
19669 7863.4375
19729 7854.68164062
19789 7846.26953125
19849 7841.04296875
19909 7835.14990234
19969 7828.09472656
20029 7819.48242188
20080 7814.59765625
20131 7809.546875
20185 7804.63671875
20239 7798.49658203
20274 7794.52832031
20309 7790.56152344
20369 7783.16357422
20430 7776.03662109
20490 7769.18115234
20550 7762.58398438
20610 7753.64208984
20670 7749.46972656
20730 7742.85009766
20790 7735.79638672
20851 7729.87597656
20911 7723.28466797
20971 7715.70703125
21031 7709.50195312
21091 7703.00927734
21151 7694.68505859
21211 7687.06103516
21272 7680.33154297
21332 7673.69238281
21392 7668.89746094
21452 7661.7421875
21512 7654.10009766
21572 7648.10546875
21632 7643.63330078
21692 7635.10253906
21753 7627.05419922
21813 7620.140625
21873 7614.68847656
21933 7608.34033203
21993 7601.96972656
22053 7593.10449219
22113 7586.51367188
22174 7581.20654297
22234 7574.44873047
22294 7567.55615234
22354 7561.45898438
22414 7556.57666016
22474 7551.54931641
22534 7544.21728516
22594 7537.27050781
22654 7531.96923828
22715 7526.59326172
22775 7519.69335938
22835 7513.00634766
22895 7505.05761719
22955 7496.84570312
23015 7492.11035156
23076 7484.37792969
23136 7478.21142578
23196 7472.72363281
23256 7462.12939453
23314 7455.9921875
23372 7453.02050781
23413 7447.14404297
23454 7445.99511719
23514 7441.21337891
23575 7436.28222656
23635 7427.69384766
23671 7425.84130859
23708 7421.22509766
23768 7412.21484375
23828 7406.56835938
23888 7399.44433594
23948 7391.7265625
24008 7388.17138672
24069 7381.74072266
24129 7376.31640625
24189 7369.35791016
24249 7361.11230469
24286 7355.13964844
24324 7353.13183594
24376 7348.54736328
24428 7344.95019531
24488 7336.29492188
24548 7329.33154297
24608 7325.18310547
24669 7315.02880859
24729 7314.91650391
24789 7307.94775391
24849 7301.69580078
24909 7295.70849609
24969 7283.95410156
25029 7282.56347656
25090 7267.91162109
25150 7265.33837891
25210 7258.17236328
25330 7259.42773438
25390 7249.65625
25450 7242.17822266
25510 7236.85839844
25571 7232.56494141
25631 7226.70117188
25691 7218.82958984
25751 7213.77490234
25811 7207.21289062
25871 7200.57373047
25931 7197.47070312
26172 7175.35205078
26232 7167.96386719
26292 7161.7421875
26352 7157.33496094
26412 7150.05566406
26472 7145.06835938
26533 7140.39550781
26593 7132.69042969
26653 7129.99902344
26713 7122.33544922
26773 7115.40039062
26833 7112.27929688
26893 7107.24072266
26953 7099.56689453
27014 7094.59423828
27074 7090.21875
27134 7086.50634766
27194 7081.1484375
27254 7073.74951172
27314 7066.10546875
27374 7063.96386719
27434 7056.27978516
27495 7051.94091797
27555 7047.39501953
27615 7040.25439453
27675 7033.53857422
27735 7029.43505859
27795 7020.94287109
27855 7017.24609375
27915 7011.79296875
27976 7000.46240234
28036 6998.47607422
28096 6992.98144531
28156 6989.94384766
28209 6982.01318359
28261 6976.47070312
28296 6972.78076172
28331 6969.09228516
28392 6967.83056641
28452 6960.31787109
28512 6957.44580078
28572 6951.37597656
28632 6944.36328125
28692 6939.40722656
28752 6933.56542969
28812 6927.71240234
28872 6922.58056641
28933 6920.22119141
28993 6912.95019531
29053 6908.625
29113 6902.62646484
29173 6897.50048828
29222 6890.36865234
29270 6883.6640625
29330 6877.66455078
29391 6871.55419922
29451 6865.18457031
29505 6860.30322266
29559 6851.99560547
29596 6851.296875
29633 6847.45068359
29693 6841.23535156
29754 6836.11865234
29814 6832.05859375
29874 6824.63037109
29934 6819.57470703
29985 6813.41259766
30010 6810.28662109
30045 6806.00146484
30106 6801.75097656
30166 6796.48681641
30226 6793.1171875
30286 6789.96044922
30346 6779.28759766
30406 6774.43994141
30466 6770.94775391
30527 6767.14013672
30587 6760.828125
30647 6756.69970703
30707 6753.17089844
30767 6743.28222656
30827 6737.90380859
30887 6732.95654297
30947 6725.10205078
31008 6720.859375
31068 6716.96142578
31128 6700.91748047
31188 6700.56494141
31248 6696.19677734
31308 6689.32324219
31368 6683.85400391
31429 6681.53955078
31489 6674.44335938
31549 6669.57617188
31609 6665.89257812
31669 6659.01708984
31729 6651.38964844
31789 6647.47216797
31850 6643.50537109
31910 6637.82666016
31970 6633.13037109
32030 6628.21484375
32090 6620.79931641
32150 6617.17480469
32210 6610.57226562
32270 6608.58300781
32331 6603.0859375
32391 6596.21386719
32451 6593.70556641
32511 6587.38964844
32571 6581.16650391
32631 6576.96435547
32691 6573.43408203
32751 6569.31298828
32812 6563.10009766
32872 6558.16259766
32932 6551.15039062
33232 6301.53369141
33293 6297.76904297
33353 6289.89697266
33413 6284.39697266
33473 6279.84521484
33533 6277.76269531
33593 6272.22949219
33653 6264.58447266
33714 6261.97900391
33774 6257.61328125
33834 6253.55859375
33894 6247.80224609
33954 6245.28271484
34014 6240.94726562
34074 6236.30761719
34134 6231.890625
34194 6228.86914062
34255 6220.82519531
34315 6217.63769531
34375 6215.59179688
34435 6210.89697266
34495 6205.11962891
34555 6202.56787109
34615 6197.28369141
34675 6192.98339844
34736 6191.15087891
34796 6186.59326172
34856 6182.96386719
34916 6181.04101562
34976 6173.67236328
35036 6170.17480469
35096 6165.92529297
35156 6162.53271484
35217 6158.58886719
35277 6148.83642578
35317 6148.5390625
35358 6144.91162109
35418 6143.68115234
35478 6137.67871094
35538 6135.38818359
35598 6129.39648438
35658 6127.14892578
35718 6121.81005859
35778 6118.24267578
35814 6116.16113281
35848 6114.10986328
35908 6109.14355469
35968 6103.41210938
36005 6102.61523438
36042 6098.45898438
36163 6100.72705078
36223 6093.80664062
36283 6090.92871094
36343 6085.890625
36403 6081.96337891
36463 6079.71386719
36523 6076.34521484
36584 6068.29931641
36644 6065.03076172
36704 6060.27294922
36764 6055.40283203
36824 6054.63671875
36884 6045.63964844
36944 6038.36523438
37005 6037.98730469
37065 6035.60888672
37125 6035.27294922
37185 6027.10839844
37245 6025.32763672
37305 6015.89355469
37365 6015.72851562
37426 6008.18017578
37486 6004.19384766
37546 5999.37402344
37666 5995.47558594
37726 5987.89697266
37786 5983.52978516
37847 5977.91113281
37907 5966.53515625
37967 5966.19824219
38087 5962.65283203
38147 5961.82470703
38207 5952.91503906
38267 5952.19677734
38328 5946.68212891
38388 5941.20361328
38448 5933.66699219
38508 5928.07177734
38568 5925.60986328
38628 5919.36132812
38688 5915.25390625
38749 5912.55859375
38809 5905.41064453
38869 5903.09619141
38929 5897.26464844
38989 5893.68261719
39043 5891.84033203
39097 5886.78173828
39158 5886.26123047
39218 5882.83886719
39518 5912.44042969
39579 5909.36865234
39639 5904.24609375
39699 5900.82080078
39759 5898.49414062
39819 5891.14648438
39879 5888.52587891
39939 5886.28662109
40000 5882.41259766
40060 5878.93359375
40120 5875.50927734
40180 5871.49121094
40240 5868.48242188
40300 5863.48193359
40360 5860.69824219
40421 5853.10644531
40481 5849.65039062
40541 5847.63378906
40601 5844.16113281
40661 5841.7109375
40721 5837.5859375
40781 5832.43408203
40841 5828.71191406
40902 5825.17333984
40962 5822.67871094
41022 5819.74316406
41082 5815.53710938
41142 5810.73193359
41202 5806.2734375
41262 5803.78125
41322 5800.38378906
41383 5796.53808594
41443 5793.02783203
41503 5790.98974609
41563 5785.76660156
41623 5784.42822266
41683 5781.26171875
41743 5775.47900391
41864 5771.74267578
41924 5766.20166016
41984 5760.80273438
42044 5759.71337891
42104 5755.62207031
42164 5750.93017578
42224 5748.125
42285 5742.14453125
42345 5738.09130859
42405 5734.390625
42465 5731.54638672
42525 5728.74560547
42585 5724.74560547
42645 5719.64208984
42705 5716.37695312
42766 5712.79492188
42826 5707.97119141
42886 5704.78369141
42946 5701.13037109
43006 5698.13476562
43066 5694.41943359
43126 5691.17675781
43186 5686.66796875
43247 5682.36914062
43367 5679.32275391
43427 5674.78808594
43487 5671.10107422
43536 5666.40429688
43585 5664.20263672
43621 5662.62939453
43656 5661.05517578
43716 5658.64013672
43776 5656.14697266
43836 5650.24316406
43895 5646.11816406
43954 5644.32128906
44014 5641.44921875
44075 5638.24853516
44135 5633.5078125
44195 5630.90478516
44245 5627.75634766
44295 5623.00341797
44355 5620.8671875
44415 5617.49609375
44475 5613.09472656
44535 5609.84082031
44595 5605.39355469
44656 5603.11962891
44716 5598.78759766
44776 5594.82275391
44836 5591.55566406
44896 5588.96728516
44956 5586.05566406
45016 5583.51611328
45076 5579.19140625
45137 5575.36572266
45197 5572.31201172
45257 5570.28466797
45317 5566.2421875
45377 5562.27148438
45437 5558.71337891
45497 5555.31054688
45557 5551.62988281
45617 5548.15332031
45678 5545.32568359
45738 5543.22216797
45798 5539.28564453
45858 5533.37890625
45918 5529.21728516
45978 5527.05859375
46038 5524.32861328
46099 5520.54443359
46159 5517.72949219
46219 5515.79931641
46279 5511.22851562
46339 5508.30859375
46399 5504.34326172
46459 5501.29833984
46520 5496.88134766
46580 5493.8984375
46640 5490.52734375
46700 5486.54492188
46760 5483.13037109
46820 5480.31689453
46871 5478.46044922
46921 5474.78417969
46982 5471.01171875
47042 5467.83203125
47102 5464.51904297
47162 5461.18164062
47222 5457.56103516
47282 5454.57617188
47342 5449.12548828
47403 5447.10449219
47463 5444.48144531
47523 5440.38671875
47583 5437.43164062
47643 5432.11230469
47703 5427.99902344
47763 5425.26220703
47824 5422.78710938
47884 5417.765625
47944 5414.38232422
48004 5413.01904297
48064 5409.34765625
48124 5406.25878906
48184 5402.06884766
48244 5398.86425781
48304 5396.47607422
48365 5392.20507812
48425 5387.75
48485 5384.375
48545 5381.08056641
48605 5380.57324219
48665 5375.45410156
48725 5371.56445312
48785 5368.28808594
48830 5367.57958984
48875 5365.61132812
48935 5361.72753906
48995 5358.78808594
49055 5354.37402344
49115 5352.49462891
49175 5350.19726562
49236 5346.19189453
49296 5342.21533203
49356 5339.40966797
49416 5336.24462891
49476 5331.84130859
49536 5329.41845703
49596 5327.27636719
49657 5324.84521484
49717 5323.53710938
49777 5319.43017578
49837 5313.52978516
49897 5311.88671875
49957 5307.70849609
50017 5302.87304688
50077 5301.40966797
50138 5298.23535156
50198 5292.26513672
50258 5291.67724609
50318 5285.83642578
50618 5272.03515625
50679 5265.44873047
50799 5263.33691406
50859 5259.27441406
50979 5257.98388672
51039 5254.74609375
51100 5248.96044922
51160 5246.14746094
51220 5243.51806641
51280 5242.41015625
51340 5237.05712891
51400 5233.22363281
51460 5229.98681641
51520 5227.42480469
51581 5225.33935547
51641 5221.57470703
51701 5217.51025391
51761 5215.95410156
51821 5213.171875
51881 5209.12207031
51941 5208.25244141
52001 5203.89599609
52062 5200.38818359
52122 5196.18212891
52182 5195.27246094
52242 5191.9296875
52302 5188.68115234
52362 5184.54248047
52422 5182.3515625
52482 5178.05371094
52543 5175.09912109
52603 5172.77246094
52663 5170.33837891
52723 5166.18408203
52783 5165.04199219
52903 5164.39794922
52963 5162.16601562
53024 5157.75390625
53084 5155.19775391
53144 5151.95654297
53204 5148.26171875
53264 5144.94970703
