0 10589.5996094
48 10584.8291016
98 10567.7783203
218 10503.9960938
278 10484.4667969
338 10466.6289062
1000 10126.9384766
1112 10095.7607422
1293 9983.48828125
1413 9949.58300781
1594 9861.03417969
1654 9837.49707031
1714 9825.44335938
1774 9802.89746094
1834 9794.51953125
2120 9698.13671875
2166 9682.16894531
2286 9633.28710938
2346 9622.07324219
2527 9576.953125
2724 9575.39648438
2844 9522.86425781
2904 9509.375
3084 9485.51074219
3265 9463.13769531
3445 9396.30078125
3505 9378.79589844
3926 9310.88867188
3986 9291.27636719
4107 9277.68261719
4287 9231.88378906
4588 9142.3046875
4708 9105.35644531
4768 9093.48535156
4828 9075.33007812
4888 9058.40136719
5049 9043.9140625
5169 8999.00292969
5229 8984.83789062
5875 9431.94433594
5905 9430.90136719
5950 9425.21484375
6011 9411.32324219
6071 9404.13378906
6131 9390.7890625
6236 9374.42382812
6281 9362.20800781
6341 9349.6640625
6398 9340.16113281
6455 9327.30566406
6515 9316.60351562
6575 9311.21875
6636 9301.70996094
6696 9289.92773438
6756 9278.51269531
6816 9266.29492188
6876 9254.51269531
6936 9243.93945312
6997 9237.86523438
7057 9228.08398438
7117 9217.30859375
7177 9207.63574219
7237 9198.31152344
7297 9187.87011719
7357 9179.76367188
7417 9170.44238281
7478 9156.86816406
7538 9144.5859375
7598 9134.13574219
7658 9124.43847656
7718 9114.27832031
7778 9106.95117188
7838 9096.08789062
7898 9087.20800781
7959 9078.07128906
8019 9069.07714844
8079 9054.49414062
8139 9049.47949219
8199 9038.11328125
8259 9026.45019531
8319 9018.49316406
8379 9007.80273438
8439 8997.8359375
8500 8988.38476562
8560 8974.15722656
8620 8967.19042969
8680 8961.06152344
8740 8953.1484375
8800 8944.29101562
8860 8932.70117188
8920 8922.48339844
8981 8914.11914062
9041 8908.02832031
9101 8894.17480469
9221 8860.58300781
9281 8842.06445312
9342 8834.29199219
9402 8827.64160156
9462 8817.33398438
9522 8805.29199219
9582 8802.44140625
9642 8788.84960938
9702 8779.82324219
9762 8772.63378906
9823 8762.08398438
9883 8752.95117188
9943 8746.68359375
10003 8739.47460938
10063 8732.13867188
10123 8717.42089844
10183 8702.65820312
10244 8699.66796875
10304 8687.64648438
10364 8681.78320312
10424 8673.76855469
10484 8662.40820312
10544 8648.04101562
10604 8639.31347656
10665 8638.4609375
10725 8630.85839844
10785 8624.75292969
10845 8612.99414062
10905 8597.97558594
10965 8592.78125
11025 8592.28320312
11066 8586.33007812
11087 8581.61914062
11128 8570.30761719
11188 8564.13574219
11248 8557.83398438
11308 8553.07128906
11369 8545.85253906
11429 8533.90527344
11489 8523.77734375
11549 8512.86816406
11609 8505.03222656
11669 8492.0859375
11729 8485.57617188
11789 8475.75195312
11850 8465.6796875
11910 8457.58496094
11945 8452.84570312
11977 8448.48242188
12035 8439.74511719
12095 8426.73632812
12155 8419.45117188
12215 8408.50878906
12275 8396.79785156
12310 8389.96191406
12346 8383.08398438
12406 8373.015625
12466 8362.90039062
12827 8373.63574219
12887 8366.92578125
12922 8362.99804688
12943 8360.64453125
12989 8352.82910156
13049 8344.5625
13104 8338.30664062
13158 8328.86621094
13218 8321.29296875
13278 8312.49804688
13339 8306.95996094
13399 8296.56347656
13459 8288.81054688
13519 8279.46289062
13579 8272.06640625
13639 8266.41113281
13699 8257.58496094
13759 8249.13964844
13820 8240.92871094
13880 8232.59765625
13940 8224.0625
14000 8215.82421875
14060 8210.03613281
14120 8200.99023438
14181 8193.94140625
14241 8187.78662109
14301 8180.48925781
14361 8171.58789062
14421 8162.81298828
14481 8155.54882812
14541 8144.84033203
14601 8138.10400391
14661 8129.73193359
14722 8123.24023438
14782 8119.56005859
14842 8106.35302734
14902 8099.43554688
14962 8092.31201172
15022 8085.13818359
15082 8078.77050781
15143 8067.14746094
15203 8062.02587891
15263 8055.90869141
15323 8048.10205078
15383 8042.99023438
15443 8031.89550781
15483 8025.76074219
15522 8022.10302734
15571 8020.88671875
15619 8009.12255859
15656 8006.19335938
15668 8005.24902344
15703 8002.46337891
15763 7996.10400391
15823 7989.15917969
15884 7981.16308594
15944 7972.56103516
16004 7966.81445312
16064 7961.62646484
16117 7952.16699219
16169 7944.74755859
16230 7938.59765625
16290 7932.44140625
16350 7927.24902344
16410 7920.3125
16470 7911.36669922
16530 7902.82080078
16590 7895.28369141
16651 7889.61865234
16711 7884.4375
16771 7876.61767578
16831 7867.67675781
16891 7862.37988281
16951 7857.42626953
17011 7850.64501953
17071 7841.10595703
17132 7831.74853516
17192 7826.30859375
17252 7819.31005859
17312 7811.89355469
17372 7809.69921875
17432 7801.21044922
17492 7794.19628906
17552 7788.85839844
17613 7781.67675781
17673 7773.04101562
17733 7765.99267578
17793 7760.12402344
17853 7751.51269531
17913 7744.94384766
17973 7739.08105469
18034 7731.32128906
18094 7723.33740234
18154 7714.80224609
18214 7708.36328125
18274 7703.09716797
18334 7697.16748047
18394 7689.30419922
18454 7681.46435547
18515 7677.84765625
18575 7674.34716797
18635 7663.38330078
18695 7654.63671875
18755 7647.14257812
18815 7642.84667969
18875 7639.53710938
18936 7629.22363281
18996 7623.14208984
19056 7616.31396484
19116 7612.24169922
19176 7604.62597656
19236 7599.73291016
19296 7595.12890625
19356 7586.10693359
19417 7577.77001953
19477 7571.34570312
19537 7564.99365234
19597 7559.78125
19657 7552.33349609
19717 7545.81640625
20078 7511.65625
20138 7499.15234375
20198 7497.53662109
20258 7491.7890625
20318 7482.80957031
20378 7474.68212891
20439 7471.69140625
20499 7465.85400391
20559 7462.45214844
20619 7455.88623047
20679 7444.24267578
20739 7439.9609375
20800 7429.9296875
20860 7427.25830078
20920 7422.38183594
20978 7410.50341797
21036 7406.92431641
21096 7396.32714844
21156 7394.31152344
21216 7387.62207031
21277 7380.56787109
21337 7378.62939453
21397 7370.88818359
21457 7367.11523438
21517 7358.22753906
21557 7357.00097656
21597 7352.75146484
21657 7345.98193359
21717 7337.74609375
21778 7334.79052734
21838 7323.00048828
21898 7316.28369141
21958 7309.45849609
22018 7303.76513672
22078 7298.33740234
22138 7295.23681641
22198 7285.97851562
22259 7278.59277344
22319 7275.71337891
22379 7268.08837891
22439 7260.84130859
22499 7259.25488281
22559 7250.48730469
22619 7246.09423828
22679 7242.37451172
22740 7234.52978516
22800 7227.41552734
22860 7220.07177734
22904 7214.30859375
22948 7211.65185547
22983 7209.53466797
23018 7207.41552734
23078 7198.96044922
23138 7192.65625
23198 7186.41503906
23258 7179.97167969
23319 7173.89501953
23379 7166.87792969
23439 7162.16748047
23499 7157.26074219
23559 7151.64208984
23619 7146.57617188
23679 7140.63867188
23739 7131.78466797
23799 7125.66601562
23859 7121.88378906
23920 7116.35253906
23980 7106.58642578
24040 7105.80908203
24100 7098.45898438
24160 7090.35839844
24220 7087.42138672
24280 7082.09570312
24340 7076.35400391
24401 7068.93212891
24461 7062.39111328
24521 7058.04980469
24581 7052.80566406
24630 7047.14111328
24679 7041.64697266
24740 7039.58251953
24800 7034.65722656
24836 7028.78222656
24873 7028.53808594
24933 7021.33544922
24993 7016.30615234
25053 7014.84619141
25113 7009.86767578
25173 7001.72021484
25233 6993.67480469
25294 6989.09326172
25354 6981.5
25414 6981.03173828
25474 6975.77392578
25531 6970.46386719
25588 6965.33984375
25623 6962.18408203
25658 6959.03369141
25693 6955.88330078
25728 6952.71289062
25789 6949.67822266
25849 6946.38720703
25909 6939.25683594
25969 6935.00830078
26029 6926.96972656
26089 6920.22753906
26150 6917.52099609
26210 6909.10986328
26270 6905.12304688
26330 6900.32714844
26390 6896.25292969
26450 6892.09667969
26510 6884.51464844
26570 6878.67529297
26630 6874.32470703
26691 6869.53564453
26751 6866.68554688
26811 6858.82080078
26871 6855.40527344
26931 6850.49316406
26991 6844.60107422
27051 6840.02880859
27112 6833.84521484
27172 6829.14208984
27232 6824.22216797
27292 6819.77050781
27352 6814.03271484
27412 6806.12304688
27472 6799.01123047
27532 6789.87890625
27593 6784.59375
27653 6776.01757812
27713 6773.24414062
27773 6766.25292969
27833 6756.60107422
27893 6752.88525391
27953 6745.85058594
28014 6744.51708984
28074 6739.05908203
28134 6731.80029297
28194 6729.30957031
28254 6725.62011719
28314 6721.29248047
28374 6716.54492188
28434 6709.19335938
28494 6705.01806641
28555 6698.79248047
28604 6696.61621094
28654 6690.04443359
28714 6687.5859375
28774 6678.43066406
28834 6674.45751953
28895 6672.1484375
28955 6665.20800781
29015 6664.12402344
29075 6657.07763672
29135 6651.43896484
29195 6647.33886719
29255 6639.80224609
29315 6633.265625
29376 6629.31152344
29436 6625.45800781
29496 6619.76074219
29556 6613.49902344
29616 6611.16845703
29676 6604.70605469
29736 6600.76416016
29977 6595.93652344
30037 6594.5703125
30097 6590.47412109
30157 6583.52001953
30217 6579.93164062
30277 6576.54101562
30337 6570.89111328
30398 6564.79443359
30458 6561.87158203
30518 6555.52734375
30578 6549.85107422
30638 6543.08496094
30698 6539.78369141
30758 6535.11376953
30818 6530.58300781
30879 6525.86083984
30939 6521.01464844
30999 6515.73486328
31059 6509.56542969
31119 6506.25390625
31179 6500.78076172
31239 6497.52001953
31299 6493.93212891
31360 6488.48242188
31420 6482.58105469
31480 6478.45214844
31540 6474.03857422
31600 6470.91308594
31660 6465.02783203
31707 6460.34814453
31753 6456.73730469
31789 6454.01513672
31824 6451.29785156
31884 6447.06884766
31944 6441.10253906
32004 6436.52148438
32425 6167.11425781
32485 6165.53027344
32545 6160.31445312
32605 6158.81933594
32665 6156.65478516
32726 6150.12109375
32786 6145.53759766
32846 6142.66113281
32906 6138.56152344
32966 6133.71777344
33026 6130.52001953
33086 6127.80078125
33146 6125.75341797
33201 6121.01074219
33256 6118.28662109
33316 6111.57226562
33374 6109.85253906
33432 6104.74072266
33492 6098.54736328
33595 6094.19873047
33639 6091.609375
33674 6089.49951172
33697 6088.14892578
33744 6085.08251953
33779 6082.81347656
33806 6081.10205078
33857 6077.26025391
33892 6074.64355469
33927 6072.02587891
33987 6067.17919922
34048 6065.33398438
34108 6060.83300781
34168 6054.73779297
34228 6052.88671875
34288 6049.9453125
34408 6043.16748047
34469 6038.08496094
34529 6033.67333984
34589 6031.06494141
34649 6022.70214844
34709 6022.39404297
34769 6019.84814453
34829 6014.421875
34889 6010.62988281
34950 6006.58251953
35070 6000.21728516
35130 5995.34667969
35190 5990.71191406
35250 5987.38085938
35310 5979.67871094
35370 5979.10498047
35431 5976.046875
35491 5973.98974609
35551 5972.00878906
35611 5966.83642578
35671 5961.45605469
35731 5959.62841797
35791 5958.25341797
35851 5954.44384766
35912 5950.00585938
36190 5932.49658203
36228 5930.859375
36288 5924.84277344
36349 5918.9140625
36409 5916.14111328
36469 5914.12988281
36529 5908.85546875
36589 5905.94189453
36649 5901.28076172
36709 5898.45166016
36769 5891.59765625
36830 5891.47802734
36890 5889.7421875
37010 5884.71484375
37070 5879.41601562
37130 5878.49951172
37190 5874.57324219
37250 5869.29296875
37310 5866.24609375
37371 5862.28076172
37431 5857.67285156
37491 5856.34716797
37551 5851.91357422
37611 5846.92236328
37671 5844.36132812
37731 5841.53417969
37792 5837.48486328
37852 5834.26220703
37912 5830.25830078
37972 5827.39160156
38032 5822.62255859
38092 5819.67724609
38127 5817.94140625
38162 5816.20214844
38222 5812.90820312
38282 5806.77587891
38343 5803.60986328
38403 5802.10498047
38463 5799.59716797
38523 5794.38427734
38583 5790.39404297
38643 5788.82470703
38703 5783.796875
38763 5780.05126953
38824 5776.19384766
38884 5772.51074219
38944 5770.92236328
39004 5768.08398438
39064 5763.38525391
39124 5758.58105469
39184 5754.63964844
39244 5751.53125
39305 5748.24707031
39365 5744.35498047
39425 5742.20947266
39485 5738.01611328
39545 5734.99316406
39605 5733.35058594
39665 5729.79394531
39726 5726.52783203
39786 5722.14160156
39846 5718.28857422
39906 5713.76904297
39966 5708.97363281
40026 5707.66259766
40086 5704.04150391
40147 5700.94433594
40186 5698.20556641
40226 5695.11279297
40286 5691.86328125
40346 5688.64648438
40406 5684.33056641
40466 5681.34228516
40527 5679.05615234
40587 5675.06152344
40647 5670.99560547
40707 5667.98193359
40767 5664.94824219
40827 5659.87597656
40887 5657.21972656
40947 5653.61621094
41008 5650.41650391
41068 5646.96826172
41128 5642.11914062
41188 5638.89697266
41248 5636.33837891
41308 5633.56542969
41368 5631.59619141
41428 5627.23535156
41489 5623.09423828
41549 5620.6328125
41609 5617.63574219
41669 5611.31103516
41729 5609.02587891
41789 5607.20117188
41849 5604.47314453
41909 5601.41162109
41970 5595.18164062
42030 5592.12548828
42090 5589.49072266
42150 5586.52197266
42210 5582.34375
42270 5577.4296875
42330 5575.12109375
42390 5571.43408203
42450 5569.15039062
42511 5566.92431641
42571 5560.62451172
42631 5556.86572266
42691 5554.52246094
42751 5549.30712891
42811 5547.35595703
42871 5545.06494141
42932 5541.78027344
42992 5538.91210938
43052 5535.89648438
43112 5530.73193359
43172 5524.47070312
43232 5520.72509766
43292 5519.54248047
43353 5516.61669922
43413 5514.56933594
43473 5511.76269531
43533 5506.53955078
43593 5504.41894531
43653 5499.09130859
43713 5496.17773438
43773 5493.81884766
43834 5489.81591797
43894 5487.33251953
43946 5483.07421875
43998 5480.96044922
44033 5479.53710938
44068 5478.11230469
44128 5474.43798828
44188 5471.67578125
44248 5467.69921875
44308 5463.70361328
44368 5460.11083984
44429 5457.66015625
44489 5455.36816406
44549 5449.67041016
44609 5447.70996094
44669 5444.609375
44729 5439.52734375
44789 5437.54248047
44849 5434.45605469
44910 5431.22998047
44970 5429.81494141
45030 5424.89257812
45090 5421.12402344
45150 5418.23925781
45451 5406.28759766
45511 5404.10107422
45547 5402.80761719
45582 5401.51318359
45642 5397.79101562
45702 5393.48486328
45762 5390.08105469
45823 5386.92089844
45883 5383.71972656
45943 5378.37695312
46003 5376.53369141
46063 5374.05566406
46123 5370.87939453
46183 5367.08691406
46244 5363.5078125
46304 5362.32470703
46358 5359.92041016
46390 5356.47851562
46416 5355.33300781
46466 5352.24902344
46526 5348.58007812
46586 5345.0234375
46646 5343.22363281
46707 5340.45068359
46767 5337.15820312
46827 5334.90380859
46887 5332.18310547
46947 5329.89501953
47007 5325.77197266
47067 5324.41796875
47127 5320.19140625
47188 5316.35107422
47248 5313.81298828
47308 5309.41650391
47368 5307.45117188
47428 5304.65576172
47488 5299.28857422
47548 5298.60839844
47609 5295.078125
47669 5291.03759766
47729 5289.35644531
47789 5285.45068359
47849 5283.40917969
47909 5281.97558594
47969 5277.63623047
48029 5272.88232422
48090 5269.25097656
48150 5264.87060547
48210 5260.16259766
48270 5258.53222656
48330 5257.36767578
48390 5253.24511719
48450 5249.08984375
48510 5245.81103516
48571 5241.9140625
48631 5238.09814453
48691 5234.86376953
48751 5234.3125
48794 5232.25146484
48838 5230.80371094
48898 5224.71044922
48958 5222.45898438
49018 5219.16455078
49078 5214.13427734
49138 5211.78564453
49198 5210.79052734
49259 5207.85498047
49319 5205.60498047
49379 5203.19775391
49439 5200.71240234
49499 5196.15429688
49559 5191.88427734
49619 5189.21044922
49679 5188.04980469
49740 5184.08886719
49800 5182.30664062
49860 5178.9765625
49920 5175.45849609
49980 5172.35107422
50040 5168.33544922
50100 5167.04785156
50161 5165.41650391
50221 5160.69873047
50281 5155.11914062
50401 5153.79833984
50461 5150.92138672
50521 5146.06689453
50581 5141.87207031
50641 5139.25097656
50702 5136.73193359
50762 5134.49462891
50822 5132.35986328
50882 5128.85644531
50942 5123.78662109
51002 5123.10498047
51062 5120.29248047
51123 5118.28710938
51183 5114.41503906
51243 5112.31884766
51303 5107.30273438
51363 5106.328125
51423 5101.50097656
51543 5097.66601562
51604 5094.22021484
51664 5091.765625
51724 5088.50439453
51784 5086.91845703
51844 5084.63574219
51904 5080.5625
51964 5076.46435547
52024 5074.53808594
52085 5071.68847656
52145 5068.49169922
52205 5065.84960938
52265 5062.00830078
52325 5060.80371094
52385 5057.76220703
52445 5055.00048828
52626 5054.59521484
52686 5051.01757812
52746 5047.53759766
52806 5043.54296875
52866 5042.62011719
52927 5039.11279297
52987 5036.00634766
53047 5032.84082031
53107 5029.41455078
53167 5026.89013672
53227 5024.71923828
53287 5020.9765625
53347 5018.82617188
53408 5016.93896484
53468 5012.87109375
53528 5011.44433594
53588 5007.03710938
53648 5005.21826172
53708 5003.59863281
53768 4999.65625
53828 4998.2265625
