0 11298.2050781
2089 10529.6210938
2133 10524.3271484
2821 10353.5058594
3354 10219.7822266
3414 10216.9462891
3535 10213.453125
3655 10182.6660156
3955 10133.1699219
4557 10202.1591797
4737 10167.7636719
5468 10005.9677734
5537 10003.2421875
5657 9981.42285156
5837 9950.68554688
5958 9928.00976562
6258 9864.25390625
6356 9827.85253906
6369 9826.48828125
6404 9822.92285156
6525 9805.10644531
6946 9727.01660156
7246 9669.92089844
7306 9667.11621094
7427 9635.47363281
7607 9594.20214844
8250 9485.92089844
8310 9481.27636719
8430 9455.55664062
8791 9390.02832031
9032 9341.515625
9092 9335.97363281
9272 9324.90820312
9453 9300.16601562
9633 9271.84375
10114 9181.63867188
10595 9102.58984375
10655 9101.984375
10836 9069.88574219
11136 9011.86132812
11317 8983.73925781
11377 8979.328125
11940 8891.15429688
12000 8885.21386719
12120 8866.09960938
12240 8845.85839844
12300 8841.390625
12361 8836.85644531
12661 8884.98046875
12902 8845.91699219
12962 8839.57910156
13082 8823.87109375
13263 8799.24121094
13564 8753.24414062
13804 8718.86328125
13864 8713.21777344
13984 8700.09570312
14045 8693.03125
14466 8632.99609375
14526 8629.7578125
15007 8548.01171875
15067 8540.76953125
15187 8529.05957031
15307 8510.60449219
15488 8490.26757812
15632 8466.33789062
15812 8440.30566406
16053 8409.46386719
16113 8402.74804688
16233 8385.33789062
16354 8368.31835938
16414 8362.9140625
16534 8339.78808594
16569 8336.28515625
16579 8335.28417969
16637 8334.80859375
16697 8329.3515625
16938 8294.32910156
16998 8288.10742188
17299 8252.27441406
17840 8175.06835938
17960 8166.33837891
18020 8161.33691406
18080 8156.97705078
18261 8133.38720703
18321 8126.16699219
18381 8120.01220703
18441 8113.14013672
18621 8089.11962891
18682 8081.85009766
18837 8054.85986328
19196 8020.05126953
19256 8014.21679688
19316 8007.54736328
19376 8002.52490234
19436 7995.31103516
19482 7992.24316406
19529 7986.39501953
19649 7969.55322266
19709 7964.58251953
20010 7967.79882812
20118 7957.28808594
20165 7950.64111328
20286 7937.97705078
20346 7933.50634766
20466 7918.86865234
20587 7904.46289062
20647 7898.86865234
20767 7883.04443359
20827 7877.54589844
20887 7872.8828125
21188 7836.91455078
21248 7832.79150391
21368 7818.12255859
21489 7804.49560547
21549 7800.66992188
21609 7793.5859375
21729 7777.99853516
21789 7772.76416016
21849 7766.71142578
21909 7759.46923828
21970 7752.65820312
22030 7747.27392578
22090 7741.12890625
22150 7734.57617188
22210 7728.11523438
22331 7711.94091797
22451 7698.57714844
22511 7693.56884766
22631 7679.26611328
22691 7673.43603516
22752 7668.65820312
22872 7654.78125
22932 7649.55322266
22992 7646.36425781
23112 7631.75439453
23172 7625.32080078
23277 7613.16015625
23322 7606.31005859
23382 7601.83154297
23442 7598.21826172
23503 7593.36083984
23563 7587.33935547
23743 7566.06542969
23803 7561.59716797
23863 7554.46582031
23923 7548.66943359
23984 7542.07177734
24102 7530.16796875
24161 7524.87207031
24221 7519.40917969
24342 7502.93554688
24402 7500.95263672
24462 7494.95556641
24522 7489.03417969
24582 7484.65576172
24642 7477.65283203
24702 7471.20556641
24762 7468.04199219
24883 7452.13916016
24943 7447.59423828
25003 7441.33837891
25183 7421.67578125
25244 7414.80566406
25364 7401.59033203
25424 7396.81689453
25484 7390.63720703
25544 7384.64794922
25604 7378.05566406
25664 7374.21972656
25785 7362.49804688
25845 7355.68212891
25964 7346.36425781
26024 7339.27734375
26084 7333.36181641
26128 7331.95605469
26171 7327.53173828
26206 7323.96484375
26242 7320.38916016
26362 7306.48730469
26422 7305.29101562
26542 7292.50439453
26602 7286.72509766
26663 7282.00488281
26843 7263.59423828
26903 7256.80175781
26963 7250.74316406
27023 7245.59912109
27083 7240.82226562
27144 7235.53076172
27204 7229.16894531
27264 7223.39208984
27324 7218.12695312
27384 7213.67138672
27444 7208.31298828
27504 7202.34765625
27564 7198.40380859
27624 7194.35253906
27685 7188.18115234
27745 7183.66943359
27805 7177.40283203
27865 7170.24365234
28527 6888.43212891
28587 6883.51416016
28647 6879.86132812
28707 6875.16162109
28767 6870.25146484
28827 6864.82861328
28887 6861.05615234
28948 6855.39746094
29008 6849.61865234
29068 6846.15771484
29128 6841.515625
29188 6836.80664062
29248 6830.125
29308 6825.92822266
29368 6824.07080078
29429 6818.40039062
29489 6811.59082031
29549 6808.88427734
29609 6805.19726562
29669 6800.54003906
29729 6793.19287109
29789 6790.80517578
29849 6784.36083984
29909 6779.66308594
29970 6772.73193359
30030 6770.62207031
30090 6768.57275391
30150 6762.95605469
30210 6757.03564453
30270 6754.08740234
30331 6750.66552734
30391 6745.24755859
30511 6731.68261719
30571 6729.27392578
30631 6724.12646484
30752 6717.34521484
30812 6712.19726562
30932 6700.83886719
30992 6697.32714844
31052 6695.63476562
31172 6681.44628906
31233 6678.19433594
31293 6676.59130859
31353 6670.27001953
31413 6664.73388672
31473 6660.39208984
31533 6655.74414062
31593 6654.22460938
31653 6650.55957031
31714 6644.10107422
31774 6640.34521484
31834 6633.66113281
31894 6631.04052734
31954 6626.76855469
32014 6620.99707031
32074 6616.58007812
32135 6615.97509766
32195 6610.93017578
32255 6606.69335938
32315 6602.47900391
32375 6597.30322266
32435 6593.84619141
32495 6589.26367188
32616 6579.65722656
32676 6576.08691406
32736 6571.41259766
32796 6566.29882812
32856 6562.72314453
32916 6557.92041016
32976 6551.89941406
33036 6548.09326172
33097 6544.41259766
33157 6539.09082031
33217 6535.25195312
33277 6530.77685547
33337 6526.53125
33397 6522.38134766
33457 6519.04931641
33518 6514.19677734
33578 6508.22900391
33638 6505.01464844
33698 6499.26220703
33758 6493.34765625
33818 6489.36328125
33878 6485.64746094
33938 6482.2578125
33999 6478.46923828
34059 6472.74609375
34119 6468.02636719
34179 6466.53515625
34239 6460.35888672
34299 6455.56933594
34359 6449.43701172
34419 6447.31738281
34480 6441.80810547
34540 6437.37109375
34600 6431.88525391
34660 6425.06054688
34780 6417.359375
34840 6411.27636719
34900 6408.51806641
34961 6403.72363281
35021 6397.71923828
35141 6389.53173828
35201 6385.11425781
35261 6380.71728516
35321 6376.14013672
35382 6370.98242188
35442 6366.55322266
35502 6364.35791016
35562 6357.10302734
35622 6353.43457031
35682 6347.93945312
35742 6342.37255859
35803 6336.53564453
35863 6335.80419922
35923 6330.62109375
35983 6329.36083984
36043 6325.37060547
36103 6319.76171875
36163 6314.47851562
36223 6310.609375
36284 6308.22802734
36344 6301.80517578
36404 6297.67919922
36464 6293.44775391
36524 6288.87890625
36825 6289.60498047
36885 6286.02050781
36945 6279.37255859
37005 6274.96191406
37065 6272.38916016
37125 6268.51513672
37186 6263.59423828
37246 6260.24902344
37306 6256.23193359
37366 6254.03515625
37426 6247.828125
37486 6243.68652344
37546 6241.44970703
37607 6238.03320312
37667 6234.24072266
37766 6222.94824219
37801 6220.58544922
37836 6218.21923828
37896 6214.05664062
37956 6213.78808594
38017 6211.06201172
38077 6206.52246094
38137 6203.38330078
38197 6199.93359375
38257 6193.32226562
38317 6191.78564453
38377 6186.96289062
38437 6183.72558594
38498 6178.7421875
38558 6174.57666016
38618 6169.62695312
38678 6168.71142578
38738 6165.24755859
38798 6160.29980469
38858 6155.25537109
38919 6148.62695312
38969 6147.11181641
39019 6144.59277344
39078 6140.96533203
39138 6136.59863281
39191 6133.36376953
39245 6129.88671875
39280 6127.59863281
39315 6125.30908203
39375 6121.67285156
39435 6117.52539062
39495 6114.18261719
39530 6112.23339844
39565 6110.28320312
39625 6103.15966797
39685 6100.63037109
39746 6096.96142578
39806 6093.79833984
39866 6088.25585938
39926 6084.43652344
39986 6083.80419922
40046 6079.85742188
40106 6078.24414062
40166 6071.41601562
40227 6067.76660156
40287 6063.14990234
40347 6060.67822266
40407 6059.53857422
40467 6056.03173828
40588 6046.4921875
40648 6042.62890625
40708 6036.80371094
40768 6034.49609375
40828 6032.27783203
40888 6028.14501953
40948 6022.97705078
41009 6019.23876953
41069 6015.43896484
41129 6012.12939453
41189 6008.95605469
41249 6004.75878906
41309 6002.88330078
41369 5998.02197266
41430 5995.38183594
41490 5990.6171875
41550 5988.35791016
41610 5983.77001953
41670 5980.81347656
41730 5974.38916016
41850 5971.48828125
41911 5967.55078125
41971 5962.29150391
42031 5957.60107422
42091 5954.875
42151 5950.87353516
42211 5947.13085938
42271 5942.6640625
42331 5937.53027344
42392 5934.01953125
42452 5932.58105469
42512 5928.99316406
42572 5925.55078125
42632 5923.00048828
42692 5919.49804688
42752 5914.85595703
42812 5911.96972656
42873 5907.86865234
42916 5906.52783203
42960 5901.57861328
43020 5898.77978516
43080 5895.61865234
43140 5893.00341797
43201 5887.28857422
43261 5883.90332031
43321 5879.86181641
43381 5877.41796875
43441 5870.85644531
43501 5867.50048828
43561 5863.20507812
43622 5860.04199219
43682 5856.36816406
43742 5852.12109375
43802 5850.72705078
43862 5846.49853516
43922 5842.70703125
43982 5837.74804688
44043 5834.86328125
44103 5831.61279297
44163 5828.14501953
44204 5827.66650391
44245 5824.28759766
44306 5819.68310547
44356 5816.10107422
44407 5813.67382812
44467 5810.375
44527 5808.06542969
44587 5805.09228516
44647 5800.83447266
44707 5797.70898438
44767 5794.22509766
44827 5790.26757812
44887 5785.97021484
44948 5781.65869141
45008 5779.35449219
45068 5775.69970703
45128 5770.49609375
45188 5766.17285156
45248 5764.42871094
45308 5762.39941406
45369 5757.23535156
45429 5753.64111328
45489 5750.81591797
45549 5746.55322266
45609 5744.42871094
45669 5738.07519531
45729 5735.94287109
45789 5732.85595703
45849 5729.00585938
45910 5724.7578125
45970 5722.18310547
46030 5718.27490234
46090 5714.60205078
46150 5712.05322266
46210 5707.61376953
46270 5705.00585938
46571 5688.31689453
46631 5685.42431641
46691 5682.91796875
46751 5678.86865234
46811 5675.40771484
46871 5671.21337891
46932 5668.20751953
46992 5665.35595703
47052 5662.40478516
47112 5656.64208984
47172 5653.75537109
47232 5651.41162109
47292 5647.91943359
47352 5644.28710938
47412 5642.80029297
47473 5638.01513672
47533 5633.45166016
47593 5628.34082031
47653 5626.26123047
47702 5624.16357422
47750 5620.46875
47810 5617.56835938
47870 5613.18652344
47931 5610.57373047
47991 5607.78515625
48046 5602.32421875
48101 5600.43994141
48139 5597.46777344
48152 5596.45703125
48187 5593.703125
48428 5592.87060547
48488 5585.90722656
48548 5582.20654297
48608 5578.79394531
48668 5575.25732422
48728 5571.69433594
48789 5568.02197266
48849 5564.81738281
48909 5561.92822266
48969 5557.89453125
49029 5554.89257812
49089 5551.59179688
49149 5547.21972656
49210 5544.15039062
49270 5540.82177734
49330 5537.6484375
49390 5535.84423828
49450 5532.48583984
49510 5529.63134766
49570 5523.60595703
49691 5519.22753906
49751 5514.73583984
49811 5512.35693359
49871 5509.94238281
49931 5504.90478516
49991 5501.14941406
50051 5499.70654297
50112 5497.51416016
50172 5492.46337891
50232 5489.91748047
50292 5484.45458984
50352 5482.47705078
50412 5479.44189453
50472 5476.89941406
50533 5472.85253906
50593 5469.99365234
50653 5467.10107422
50713 5462.68554688
50773 5459.41601562
50833 5454.63574219
50893 5452.42382812
50953 5449.76660156
51013 5447.26318359
51074 5441.94873047
51134 5439.80908203
51194 5437.99121094
51237 5436.71630859
51280 5433.65136719
51340 5429.17529297
51400 5426.07421875
51461 5423.56738281
51521 5417.93701172
51581 5415.46484375
51641 5414.71777344
51701 5412.5625
51761 5408.55224609
51821 5403.07861328
51881 5399.98388672
51942 5398.91455078
52002 5394.79882812
52062 5391.97265625
52122 5389.38574219
52182 5386.67529297
52242 5382.25585938
52302 5377.92529297
52363 5375.68896484
52423 5371.57958984
52483 5368.46484375
52543 5366.79443359
52603 5363.71875
52663 5360.03564453
52723 5356.75244141
52783 5353.48486328
52844 5348.03417969
52904 5347.36328125
52964 5344.88085938
53024 5340.95800781
53084 5336.89941406
53144 5333.67871094
53204 5330.50878906
53264 5328.21289062
53325 5326.06396484
53385 5323.78076172
53445 5318.80175781
53505 5315.93945312
53565 5313.6640625
53625 5310.60302734
53685 5307.30957031
53745 5302.99902344
53806 5299.59130859
53866 5296.99511719
53926 5295.13378906
53986 5291.60449219
54046 5286.83984375
54106 5284.14599609
54467 5116.76708984
54527 5112.53271484
54587 5108.85205078
54648 5105.34814453
54708 5103.16943359
54768 5100.47265625
54828 5098.92675781
54888 5096.23535156
54948 5093.36621094
55008 5090.43212891
55068 5088.87792969
55129 5084.46777344
55189 5082.13037109
55249 5079.00830078
55309 5075.80615234
55369 5071.35400391
55429 5069.89453125
55489 5068.83740234
55550 5064.54345703
55670 5062.57421875
55730 5059.31982422
55790 5056.03857422
55850 5052.99462891
55910 5049.15136719
55970 5046.30224609
56031 5043.70361328
56075 5041.78222656
56120 5041.18066406
56180 5037.80419922
56221 5036.38818359
56262 5034.53515625
56322 5032.15966797
56382 5029.98046875
56442 5026.75048828
56743 5014.65722656
56803 5011.5390625
56863 5008.33544922
56923 5006.64111328
56984 5003.88037109
57044 5000.42431641
57104 4998.88183594
57164 4996.75878906
57224 4993.99951172
57284 4990.77392578
57344 4989.32519531
57404 4987.26171875
57464 4984.75927734
57525 4982.078125
57585 4977.48779297
57645 4974.6328125
57705 4973.73535156
57765 4970.70507812
57885 4966.95605469
57945 4963.71533203
58006 4960.98779297
58066 4958.56591797
58126 4955.62011719
58186 4949.55761719
58246 4949.45166016
58306 4947.11376953
58366 4943.61962891
58427 4941.23242188
58487 4939.51464844
58547 4936.57568359
58607 4933.96484375
58667 4931.46679688
58727 4928.96386719
58787 4926.70214844
58847 4922.82861328
58908 4918.19726562
58968 4916.13671875
59028 4912.77246094
59088 4912.5
59148 4907.66796875
59208 4903.32421875
59268 4899.72119141
59328 4897.20996094
59389 4895.86621094
59449 4892.48388672
59569 4889.21972656
59629 4888.20166016
59689 4886.1484375
59724 4884.95166016
59760 4883.74853516
59820 4879.91113281
59880 4876.11962891
59940 4874.44824219
60000 4871.46240234
60061 4869.47900391
60121 4869.0703125
60181 4865.48730469
60241 4864.56201172
60301 4861.73095703
60421 4858.54541016
60481 4855.08349609
60542 4850.74169922
60594 4850.49316406
60647 4847.64404297
60707 4844.72167969
60767 4843.17089844
60827 4839.17480469
60887 4837.54150391
60947 4836.59326172
61007 4833.90966797
61067 4832.03613281
61127 4830.18017578
61188 4828.61669922
61248 4825.765625
61308 4822.42724609
61368 4819.5703125
61428 4817.30957031
61488 4815.67724609
61548 4813.58935547
61609 4810.07666016
61669 4807.69824219
61729 4805.64550781
61789 4803.44287109
61849 4801.73388672
61909 4796.97753906
61969 4793.84765625
62029 4793.23828125
62090 4791.33691406
62150 4787.96875
62210 4787.11767578
62270 4782.73779297
62330 4779.96679688
62390 4778.84765625
62571 4769.85644531
62631 4768.48291016
62691 4766.17089844
62751 4765.21142578
62811 4761.36230469
62871 4757.30859375
62931 4756.99267578
62991 4755.77587891
63051 4750.8671875
63112 4747.60888672
63172 4745.21142578
63232 4742.01806641
63292 4739.53515625
63352 4737.43310547
63412 4734.05615234
63472 4730.46923828
63533 4728.13867188
63593 4726.49316406
63713 4724.46240234
63773 4721.61523438
63833 4718.23583984
63893 4716.82128906
63953 4714.31933594
64014 4712.97558594
64074 4710.40429688
64134 4708.49902344
64194 4706.07128906
64254 4704.35986328
64314 4700.65332031
64374 4698.73730469
64434 4696.66894531
64494 4694.62207031
64555 4692.24365234
64615 4688.42382812
64675 4685.35693359
64735 4683.93017578
64795 4680.96630859
64855 4679.37304688
64915 4677.75244141
64976 4673.51660156
65036 4671.59619141
65096 4670.19580078
65156 4668.09521484
65216 4666.07861328
65276 4663.91162109
65336 4658.93066406
65396 4657.33740234
65457 4655.31298828
65517 4652.56152344
65577 4650.03271484
65637 4647.81689453
65697 4644.57568359
65757 4642.81396484
65817 4641.11425781
65877 4639.61083984
65938 4636.04248047
65998 4633.61132812
66058 4631.37744141
66118 4628.52197266
66178 4626.07324219
66238 4624.54736328
66298 4621.11132812
66359 4618.70996094
66419 4615.82763672
66479 4614.71875
66530 4611.62988281
66571 4608.13818359
66621 4607.32763672
66681 4606.16748047
66741 4604.46923828
66801 4602.84814453
66862 4599.80664062
66922 4596.75292969
66982 4594.45947266
67042 4593.20410156
67102 4590.29492188
67162 4587.46435547
67222 4584.18945312
67282 4582.34619141
67343 4580.56298828
67403 4577.57373047
67463 4574.78369141
67523 4573.79443359
67583 4571.57373047
67643 4570.04443359
67703 4567.55859375
67764 4563.89111328
67824 4561.54931641
67884 4560.25097656
67944 4557.22998047
68004 4556.33251953
68064 4553.03320312
68124 4550.15722656
68185 4547.49560547
68245 4543.16308594
68305 4542.28759766
68365 4540.20068359
68425 4537.72314453
68466 4536.93554688
68507 4535.33935547
68542 4533.96777344
68577 4532.59667969
68637 4529.64501953
68697 4526.2109375
68757 4524.30029297
68817 4521.91308594
68877 4519.67822266
68937 4517.74658203
68998 4516.40771484
69058 4513.36914062
69118 4509.92333984
69178 4508.27490234
69238 4505.96191406
69298 4503.46777344
69358 4501.17871094
69418 4498.69873047
69479 4496.91748047
69539 4494.31933594
69599 4491.02197266
69659 4488.60742188
69719 4485.61230469
69779 4484.52929688
69839 4481.08544922
69900 4480.18896484
69960 4478.21044922
70020 4474.56787109
70080 4471.75146484
70140 4471.14648438
70200 4466.71240234
70260 4463.56640625
70320 4463.11425781
70381 4460.93457031
70441 4455.57568359
70501 4454.55126953
70561 4451.35693359
70621 4451.05761719
70681 4448.93847656
70741 4446.71777344
70922 4438.32128906
70982 4437.50146484
71042 4435.90332031
71102 4432.45507812
71162 4430.73193359
71222 4428.19189453
71282 4425.98730469
71343 4422.8203125
71403 4420.21533203
71824 4351.79589844
71884 4348.73046875
71944 4345.98779297
72004 4344.34375
72064 4341.92382812
72124 4339.33837891
72184 4338.10644531
72244 4335.12792969
72305 4332.91748047
72365 4331.19921875
72425 4330.09423828
72485 4329.34912109
72545 4326.59277344
72605 4323.41796875
72665 4321.31933594
72703 4320.24707031
72741 4318.61328125
72801 4316.6640625
72861 4314.53173828
72921 4312.60400391
72981 4311.30273438
73042 4309.51855469
73102 4307.38964844
73162 4305.10546875
73222 4303.2890625
73282 4300.12939453
73342 4297.56396484
73402 4295.63525391
73463 4294.03857422
73523 4292.46777344
73583 4289.97167969
73643 4287.52099609
73703 4285.79101562
73883 4286.10351562
73944 4282.45019531
74004 4281.31005859
74064 4277.65576172
74124 4275.36865234
74184 4272.5859375
74244 4271.74169922
74304 4269.62792969
74364 4268.28857422
74425 4265.88476562
74485 4263.84326172
74545 4261.1328125
74605 4259.62597656
74665 4257.30126953
74725 4254.01367188
74785 4253.60205078
74845 4251.29394531
