0 11668.4638672
201 11579.6347656
952 11252.8496094
1493 11270.0947266
1553 11266.0917969
1613 11261.8369141
5516 10338.0527344
6013 10241.0888672
6296 10214.1689453
7009 10071.6943359
7430 9989.37988281
7610 9953.77148438
7730 9928.8984375
7782 9922.06152344
7809 9916.09765625
7905 9896.79492188
8025 9874.73242188
8507 9786.82910156
8867 9724.92480469
9288 9647.93457031
9348 9641.88574219
9529 9608.04296875
9769 9568.07519531
10350 9464.19238281
10368 9461.84179688
10406 9455.70214844
10510 9435.92773438
10570 9428.76269531
10846 9380.38574219
10868 9377.0234375
10916 9371.47167969
11216 9321.17285156
11457 9275.21679688
11758 9233.52148438
11818 9226.04296875
11878 9219.81933594
11998 9199.66796875
12179 9176.70117188
12359 9144.94726562
12419 9136.86328125
12660 9100.24707031
12780 9076.79882812
12900 9060.12988281
13141 9021.25
13201 9013.06933594
13561 8961.97851562
13742 8933.88574219
13862 8913.67675781
14024 8886.08984375
14066 8884.12988281
14186 8866.89746094
14247 8860.45117188
14487 8823.453125
14667 8800.0546875
14788 8780.75683594
14968 8758.97949219
15088 8737.83496094
15122 8733.36230469
15157 8728.79980469
15217 8721.93554688
15278 8713.83007812
15458 8689.203125
15578 8674.625
15759 8649.22460938
15819 8643.25585938
16059 8605.97851562
16119 8599.63085938
16222 8583.91796875
16264 8578.99609375
16384 8561.5859375
16444 8556.34375
16479 8553.28613281
16490 8552.29589844
16502 8551.30273438
16515 8550.14746094
16553 8544.02441406
17377 8435.06933594
17497 8417.56347656
17557 8411.16601562
17617 8404.60351562
17738 8388.171875
17855 8375.29785156
18036 8349.9609375
18096 8342.85449219
18276 8317.53710938
18337 8309.48046875
18397 8301.54882812
18457 8296.04589844
18517 8288.63476562
18577 8281.3984375
18697 8264.55273438
18757 8257.64550781
18878 8240.43652344
18938 8235.41601562
18998 8227.35546875
19058 8221.94335938
19118 8213.90429688
19178 8206.6484375
19238 8199.31933594
19419 8175.62890625
19479 8169.23681641
19539 8160.98876953
19659 8146.78369141
19719 8138.83740234
19780 8131.20263672
19818 8128.17041016
19855 8124.61816406
19976 8109.63867188
20036 8104.23876953
20156 8088.14550781
20216 8080.77539062
20276 8074.04833984
20397 8060.015625
20457 8052.58105469
20517 8044.42675781
20577 8040.2421875
20637 8032.68701172
20757 8019.11767578
20818 8013.12939453
20938 7996.48339844
21058 7980.50732422
21118 7975.98876953
21239 7961.22167969
21299 7958.24072266
21419 7943.93994141
21599 7917.88134766
21659 7910.85742188
21720 7905.60498047
21780 7900.07617188
21960 7878.74023438
22072 7864.67675781
22132 7859.09960938
22192 7850.92626953
22252 7847.85742188
22433 7823.57714844
22493 7818.24902344
22546 7814.38037109
22600 7807.03808594
22660 7801.99365234
22780 7787.73193359
22900 7771.91259766
22960 7765.33056641
23021 7758.45849609
23081 7750.70068359
23141 7745.61279297
23201 7740.36572266
23321 7725.17480469
23381 7718.30126953
23442 7712.41259766
23502 7705.29150391
23802 7675.20507812
23862 7668.21533203
23923 7663.71142578
24043 7646.54833984
24103 7641.7265625
24163 7635.30859375
24223 7627.58837891
24283 7627.54736328
24404 7610.91796875
24440 7607.54003906
24465 7606.11230469
24514 7601.73486328
24569 7597.70947266
24624 7591.35742188
24744 7577.29394531
24804 7570.29785156
24864 7563.82128906
24924 7559.17333984
25104 7535.82617188
25164 7530.65527344
25225 7524.78417969
25285 7522.64501953
25345 7514.45410156
25465 7499.14160156
25525 7493.83056641
25585 7486.88818359
25645 7481.77880859
25706 7480.23291016
25886 7457.62744141
25946 7451.44726562
26006 7445.55273438
26127 7431.16601562
26187 7425.37695312
26247 7419.1171875
26307 7414.58349609
26367 7410.01269531
26427 7402.18945312
26487 7396.34375
26548 7388.30175781
26608 7382.28076172
26668 7377.49511719
26728 7373.33740234
26788 7366.29541016
26848 7360.39746094
26883 7356.95166016
26919 7353.48388672
26979 7347.60693359
27039 7340.78271484
27099 7336.43408203
27159 7328.73632812
27220 7324.50292969
27280 7318.38769531
27340 7310.953125
27400 7306.9609375
27460 7301.13671875
27520 7295.20458984
27580 7287.77490234
27640 7282.5859375
27701 7278.28076172
27761 7272.97802734
27821 7265.9765625
27881 7259.96728516
27941 7252.36132812
28001 7246.58251953
28061 7240.16796875
28122 7233.78466797
28182 7230.67138672
28242 7226.46240234
28282 7222.07861328
28300 7220.05859375
28320 7218.92626953
28361 7215.51660156
28421 7207.45214844
28481 7200.12109375
28541 7193.14111328
28601 7186.92773438
28661 7180.03222656
28721 7175.77783203
28781 7172.61328125
28842 7166.19628906
28902 7161.63232422
28962 7156.02587891
29022 7149.54492188
29082 7142.56884766
29142 7137.01025391
29202 7131.26757812
29262 7127.93945312
29323 7121.36669922
29383 7115.59765625
29443 7109.74707031
29503 7106.38769531
29563 7102.35351562
29623 7095.78125
29683 7089.015625
29743 7082.45654297
29804 7079.1171875
29864 7072.61425781
29924 7066.57714844
29984 7059.06689453
30044 7056.93017578
30081 7053.76025391
30117 7051.24462891
30176 7043.65429688
30236 7039.84716797
30296 7032.94140625
30356 7029.55273438
30416 7023.20849609
30476 7018.31152344
30537 7014.20507812
30597 7010.7421875
30657 7005.51757812
30717 6998.55175781
30777 6992.21044922
30837 6985.51123047
30897 6982.83447266
30958 6976.02636719
31018 6971.10302734
31078 6966.19482422
31138 6958.04931641
31198 6952.76953125
31258 6949.63671875
31318 6943.88574219
31373 6940.17138672
31428 6934.18457031
31463 6930.35253906
31498 6926.51367188
31558 6922.75634766
31618 6917.25146484
31678 6912.44873047
31738 6907.70166016
31799 6901.96386719
31859 6897.10986328
31919 6891.87353516
31979 6886.47900391
32039 6880.69970703
32099 6877.50390625
32159 6872.49365234
32219 6864.84912109
32280 6860.26513672
32340 6854.78222656
32375 6851.58398438
32410 6848.37158203
32470 6843.08984375
32530 6836.50683594
32591 6834.85058594
32651 6828.82714844
32711 6824.23876953
32771 6821.54931641
32831 6817.45654297
32891 6812.24072266
32951 6805.38867188
33011 6799.04199219
33071 6794.40966797
33132 6790.24316406
33192 6787.6328125
33252 6782.81103516
33312 6776.703125
33372 6773.62548828
33432 6767.45410156
33492 6764.29492188
33552 6758.07373047
33613 6752.70263672
33733 6739.74121094
33793 6734.14892578
33853 6729.71533203
33913 6726.65039062
33973 6720.51464844
34094 6710.22314453
34154 6703.65087891
34214 6699.74169922
34274 6692.96386719
34334 6688.25
34394 6685.60791016
34454 6683.73974609
34515 6676.57568359
34575 6672.07128906
34635 6668.47509766
34996 6641.03369141
35056 6634.66650391
35116 6630.26513672
35176 6625.34277344
35236 6622.96044922
35296 6619.58935547
35353 6612.55273438
35471 6599.49951172
35531 6598.92871094
35591 6594.55615234
35651 6591.47314453
35711 6586.16748047
35771 6581.77001953
35831 6576.48876953
35891 6570.75585938
35951 6564.91943359
36012 6559.88916016
36072 6559.00634766
36132 6552.47216797
36192 6546.29345703
36252 6542.11669922
36312 6538.23486328
36372 6533.27050781
36433 6528.78515625
36493 6525.21875
36553 6520.04931641
36673 6506.640625
36733 6504.140625
36793 6499.26416016
36854 6494.21875
36914 6491.13818359
36974 6485.31640625
37034 6480.17431641
37094 6476.00195312
37154 6472.20214844
37214 6465.78955078
37275 6460.47216797
37335 6457.51855469
37395 6451.43652344
37455 6447.10742188
37515 6444.15771484
37575 6440.75927734
37635 6433.53662109
37695 6429.79785156
37756 6426.04638672
37816 6419.15332031
37876 6414.75927734
37936 6410.40673828
37996 6406.79345703
38056 6402.86083984
38116 6398.76171875
38155 6398.01464844
38194 6393.77734375
38229 6389.92626953
38264 6386.07617188
38324 6383.00097656
38384 6378.42480469
38444 6373.19287109
38504 6368.67333984
38564 6363.39208984
38624 6359.23681641
38685 6355.51806641
38745 6351.13085938
38805 6346.03808594
38865 6339.80615234
38925 6335.84472656
38985 6330.92822266
39045 6326.78808594
39106 6320.20410156
39166 6316.23828125
39226 6313.00341797
39286 6308.20654297
39346 6304.91259766
39406 6300.15478516
39466 6294.85839844
39526 6289.20361328
39586 6283.10742188
39647 6279.95019531
39707 6277.23974609
39767 6270.2734375
39827 6265.94384766
39887 6264.22119141
39947 6260.48925781
40007 6255.54736328
40068 6250.48681641
40128 6244.62597656
40188 6239.60888672
40248 6236.83349609
40308 6232.45166016
40368 6227.35644531
40428 6223.16601562
40488 6215.76367188
40549 6212.30126953
40609 6209.35742188
40669 6202.81396484
40729 6200.22509766
40789 6196.73583984
40849 6190.50048828
40909 6186.69335938
40970 6182.09130859
41030 6176.59765625
41090 6170.87792969
41450 6154.30029297
41511 6151.55371094
41571 6146.16845703
41631 6143.12353516
41691 6138.35595703
41730 6136.30078125
41769 6134.08691406
41804 6132.09570312
41839 6130.10351562
41899 6123.78222656
41959 6119.32128906
42019 6114.19775391
42080 6110.56884766
42140 6107.51171875
42200 6102.56640625
42260 6096.96728516
42320 6092.98339844
42380 6088.98974609
42440 6085.49316406
42501 6081.77636719
42561 6076.85839844
42621 6073.09912109
42681 6067.85107422
42741 6063.203125
42801 6058.71777344
42861 6053.23876953
42921 6048.24707031
42982 6043.80761719
43042 6038.49169922
43102 6035.05322266
43162 6030.48632812
43222 6026.33691406
43282 6023.71582031
43342 6018.44921875
43402 6015.63574219
43462 6010.38427734
43523 6006.41943359
43583 6002.50341797
43643 5995.16064453
43703 5993.80419922
43763 5987.22558594
43823 5981.79296875
43883 5979.81982422
43944 5977.46875
44004 5973.42285156
44064 5967.80322266
44124 5963.98779297
44184 5957.80371094
44244 5952.13671875
44304 5948.80273438
44365 5945.24023438
44425 5943.36865234
44485 5938.53076172
44545 5934.32421875
44665 5922.46826172
44725 5918.01367188
44785 5911.74414062
44846 5909.53613281
44906 5909.47509766
44966 5907.14794922
45086 5897.30224609
45146 5893.41113281
45206 5890.91455078
45267 5884.98876953
45327 5882.10351562
45387 5874.61962891
45447 5871.20361328
45507 5869.15771484
45567 5868.93310547
45627 5864.99365234
45687 5861.64941406
45723 5859.69824219
45758 5857.73828125
45818 5852.11767578
45878 5845.30810547
45938 5838.78662109
45998 5835.43945312
46119 5831.6796875
46179 5825.36230469
46239 5821.37109375
46299 5820.78076172
46359 5815.43212891
46419 5809.50341797
46479 5808.66455078
46600 5798.90039062
46660 5797.45068359
46780 5787.64697266
46840 5783.41845703
46900 5777.6640625
46960 5776.46630859
47021 5774.85400391
47141 5763.85888672
47201 5761.95117188
47261 5758.83300781
47321 5755.99072266
47381 5753.21972656
47442 5746.68212891
47502 5739.78076172
47562 5738.73925781
47622 5732.13476562
47682 5728.31201172
47742 5721.99169922
47802 5721.41162109
47862 5720.5078125
47923 5715.54248047
47983 5712.9765625
48043 5707.85986328
48103 5701.67773438
48163 5699.55029297
48223 5695.44677734
48283 5690.0
48343 5685.37939453
48404 5682.61035156
48464 5678.98828125
48524 5673.05957031
48584 5668.69775391
48644 5664.54199219
48704 5659.97900391
48824 5656.69042969
48884 5652.5859375
48945 5646.05517578
49005 5644.01855469
49065 5637.75537109
49486 5373.48046875
49546 5372.62304688
49606 5369.91699219
49666 5366.60400391
49726 5364.6328125
49786 5360.5625
49846 5356.36523438
49907 5353.14501953
49967 5351.51708984
50027 5350.23925781
50087 5348.8984375
50147 5345.53320312
50207 5339.34472656
50267 5339.23583984
50328 5334.35205078
50388 5330.46484375
50447 5328.63574219
50565 5326.61816406
50625 5323.22167969
50685 5322.53515625
50745 5316.74902344
50865 5314.17236328
50925 5308.63330078
50985 5306.78759766
51046 5302.42919922
51166 5298.35791016
51226 5291.48339844
51286 5290.72119141
51466 5279.4453125
51767 5278.86914062
51827 5274.72607422
51887 5272.99609375
51947 5270.21923828
52008 5265.9609375
52109 5264.28564453
52150 5261.98779297
52185 5260.01953125
52220 5258.05322266
52280 5254.79003906
52340 5253.53271484
52400 5250.48974609
52460 5242.36865234
52521 5241.80859375
52581 5240.703125
52641 5237.18310547
52701 5235.19042969
52761 5231.91503906
52821 5228.39990234
52881 5226.35205078
52941 5224.81494141
53002 5221.78857422
53062 5218.09423828
53122 5215.05078125
53182 5211.72412109
53242 5210.90136719
53302 5204.99316406
53362 5201.84277344
53422 5199.93359375
53483 5198.17382812
53543 5194.54101562
53603 5191.14453125
53663 5187.44921875
53723 5183.61767578
53783 5179.50634766
53843 5178.81005859
53903 5178.64208984
53964 5173.75
54024 5170.15185547
54084 5166.32763672
54144 5164.72949219
54204 5163.03466797
54264 5159.24853516
54324 5155.45019531
54384 5152.81054688
54445 5150.05761719
54505 5146.78417969
54565 5144.10742188
54625 5141.16552734
54685 5136.85888672
54745 5136.7578125
54805 5133.94726562
54866 5130.84765625
54926 5127.03076172
54986 5124.27441406
55046 5119.26660156
55106 5117.65917969
55166 5115.87011719
55226 5113.95507812
55287 5112.63183594
55347 5110.55957031
55407 5107.38574219
55467 5103.14746094
55527 5100.66796875
55587 5098.24902344
55647 5095.90869141
55707 5094.07421875
55768 5092.2734375
55828 5088.32373047
55882 5084.26416016
55936 5081.53271484
55995 5079.62353516
56055 5075.85253906
56106 5074.55761719
56156 5072.25537109
56191 5070.64648438
56226 5069.03515625
56286 5065.61376953
56346 5063.32568359
56406 5059.13476562
56466 5056.73046875
56526 5054.53564453
56586 5052.61376953
56647 5049.09472656
56707 5045.11474609
56767 5042.78173828
56827 5040.24462891
56887 5038.85498047
56947 5034.89306641
57007 5031.49072266
57067 5029.14013672
57127 5027.13134766
57188 5022.89648438
57248 5020.98583984
57308 5016.28857422
57368 5014.55517578
57428 5012.73730469
57488 5008.90234375
57548 5006.88427734
57608 5001.90087891
57668 4999.75927734
57728 4996.98046875
57789 4994.64355469
57849 4991.9140625
57909 4989.26904297
57969 4985.38769531
58029 4982.63671875
58089 4980.48974609
58149 4977.48291016
58209 4975.52587891
58270 4972.19335938
58330 4969.95605469
58390 4966.49121094
58450 4963.60644531
58570 4963.66259766
58630 4962.25634766
58691 4959.31347656
58751 4957.71972656
58811 4953.67089844
58871 4949.78222656
58931 4946.84130859
58991 4943.98925781
59051 4940.29345703
59112 4937.9765625
59172 4935.46582031
59232 4932.97314453
59292 4931.22460938
59352 4926.58447266
59472 4923.27197266
59533 4917.89257812
59574 4914.97363281
59615 4913.57177734
59675 4911.80371094
59735 4908.46679688
59795 4905.23974609
59855 4901.55859375
59915 4901.07421875
59975 4896.84863281
60036 4895.20751953
60096 4894.87988281
60156 4890.84277344
60216 4888.40917969
60276 4885.93212891
60311 4884.48730469
60346 4883.04150391
60406 4880.33154297
60466 4879.20556641
60527 4876.08740234
60587 4873.48779297
60647 4871.03857422
60707 4867.16845703
60742 4864.91015625
60777 4862.64160156
60838 4861.48193359
60898 4860.74804688
60958 4858.82373047
61018 4855.83544922
61078 4849.33886719
61138 4847.03955078
61198 4845.29003906
61258 4843.89208984
61318 4840.79492188
61379 4838.91943359
61439 4835.78857422
61499 4834.13671875
61559 4829.24560547
61619 4828.17480469
61679 4824.63769531
61739 4822.43261719
61799 4820.40966797
61859 4818.46875
61920 4816.60400391
61980 4813.7421875
62040 4810.96337891
62100 4809.11914062
62160 4806.09375
62220 4802.32617188
62280 4802.22021484
62335 4799.77197266
62390 4797.61376953
62450 4793.57958984
62510 4791.39746094
62570 4788.34814453
62630 4786.12988281
62690 4783.98828125
62750 4780.60498047
62810 4777.79931641
62871 4774.98876953
62931 4772.86083984
62991 4771.04443359
63051 4769.65673828
63111 4765.00927734
63171 4761.578125
63231 4760.68212891
63291 4756.84667969
63352 4754.87890625
63412 4754.49414062
63472 4749.38232422
63532 4747.11230469
63592 4743.82910156
63652 4740.92382812
63712 4740.16845703
63772 4736.86621094
63833 4734.82275391
63893 4732.31152344
63953 4728.70361328
64013 4726.65576172
64073 4724.72070312
64193 4723.15136719
64253 4721.23095703
64314 4717.20898438
64374 4715.26660156
64434 4712.09082031
64494 4709.66015625
64554 4708.06591797
64614 4705.06298828
64674 4702.61914062
64734 4699.86767578
64795 4696.67333984
64855 4694.1484375
64915 4691.76416016
64975 4689.23779297
65035 4687.07666016
65095 4684.30322266
65155 4682.62792969
65215 4679.92382812
65276 4675.22412109
65336 4673.76708984
65396 4671.44677734
65456 4671.01464844
65516 4668.42578125
65576 4664.25634766
65636 4661.83056641
65696 4658.15576172
65757 4656.58740234
65817 4654.36230469
65877 4652.03417969
65937 4647.41259766
65997 4644.74121094
66057 4643.37792969
66117 4641.43261719
66178 4638.00195312
66238 4636.04248047
66298 4633.82177734
66358 4631.21630859
66418 4628.58056641
66478 4625.06591797
66538 4622.00292969
66598 4617.60302734
66659 4615.82470703
66719 4615.07568359
66779 4612.89160156
66839 4610.68701172
66899 4608.10546875
66959 4604.68212891
67019 4602.89453125
67079 4599.02197266
67140 4596.95556641
67200 4594.96630859
67260 4592.21191406
67320 4590.50146484
67380 4587.12695312
67440 4585.984375
67500 4584.71142578
67560 4579.78173828
67621 4578.48193359
67681 4576.85351562
67741 4573.58105469
67801 4570.84033203
67856 4569.49853516
67911 4566.96533203
67946 4565.35107422
67981 4563.73925781
68017 4562.12255859
68050 4560.56396484
68098 4560.50244141
68146 4558.51416016
68205 4555.15380859
68265 4554.05078125
68325 4550.92529297
68386 4546.61328125
68446 4545.28662109
68506 4543.61816406
68566 4541.43505859
68626 4538.50097656
68686 4536.76660156
68746 4534.09960938
68806 4530.77001953
68867 4527.10400391
68927 4525.25195312
68987 4523.24755859
69047 4518.93505859
69107 4518.109375
69167 4514.46191406
69227 4511.96777344
69287 4511.04101562
69348 4509.88964844
69408 4505.89160156
69468 4503.89208984
69528 4501.72460938
69588 4500.18359375
69648 4498.4609375
69708 4494.22119141
69768 4491.70361328
69829 4489.00537109
69889 4486.97851562
69949 4485.73339844
70009 4484.18945312
70069 4480.15576172
70129 4477.67578125
70189 4474.53613281
70249 4473.42724609
70310 4471.66113281
70370 4468.60888672
70430 4466.29541016
70490 4463.29003906
70550 4461.66796875
70610 4460.04199219
70670 4458.36132812
70911 4447.03417969
70971 4444.82910156
71031 4441.15234375
71091 4439.70263672
71151 4436.77001953
71211 4434.82421875
71271 4432.76074219
71332 4429.38671875
71392 4426.28955078
71452 4424.97363281
71512 4423.0625
71572 4420.25439453
71632 4418.62744141
71692 4416.98974609
71753 4413.00439453
71813 4410.15087891
71873 4407.68945312
71933 4404.52490234
71993 4401.6015625
72053 4400.60693359
72113 4397.84667969
72173 4396.1640625
72234 4392.40283203
72294 4390.16210938
72354 4389.12207031
72414 4384.79003906
72474 4383.58935547
72534 4379.88720703
72594 4378.99121094
72655 4376.35888672
72715 4372.77197266
72775 4371.61279297
72835 4368.20166016
72955 4368.50830078
73015 4364.50390625
73075 4362.89697266
73136 4361.15527344
73196 4359.94335938
73256 4357.43945312
73316 4354.16357422
73376 4352.32714844
73436 4348.92236328
73496 4346.40625
73557 4343.46875
73617 4341.65966797
73677 4340.33203125
73737 4337.63623047
73797 4335.40283203
73857 4332.93457031
73917 4329.85888672
73977 4328.68847656
74037 4327.14599609
74098 4323.57714844
74158 4320.61865234
74218 4317.66113281
74278 4317.01171875
74338 4314.67773438
74398 4312.20019531
74458 4309.79003906
74518 4307.19384766
74579 4306.48779297
74879 4133.53515625
74939 4131.66748047
74999 4128.70068359
75060 4127.21240234
75120 4126.19140625
75180 4124.51660156
75240 4122.63232422
75300 4119.43896484
75360 4116.21435547
75420 4114.49072266
75480 4113.59082031
75541 4111.24902344
75601 4111.05908203
75661 4108.58398438
75721 4106.58300781
75781 4105.35449219
75841 4103.44580078
75901 4100.84375
75961 4098.42871094
76022 4098.20849609
76082 4097.07617188
76142 4095.24853516
76202 4093.8671875
76262 4090.11279297
76322 4087.76025391
76382 4085.89868164
76442 4083.70898438
76502 4082.99072266
76563 4079.57617188
76623 4078.90014648
76683 4078.30322266
76743 4075.59741211
76803 4073.72167969
76863 4069.81933594
76983 4069.48461914
77044 4066.77807617
77104 4064.59863281
77164 4063.60791016
77224 4060.28027344
77284 4059.41918945
77344 4057.51513672
77404 4056.32128906
77465 4053.38305664
77525 4052.25219727
77585 4049.92651367
77645 4048.09033203
77705 4045.68896484
77765 4044.17675781
77825 4042.46118164
77885 4040.21118164
77945 4037.46313477
78006 4037.12084961
78066 4034.59692383
78126 4033.97241211
78186 4032.00585938
78246 4029.53515625
78306 4026.25195312
78426 4025.90185547
78487 4023.52978516
78547 4020.66772461
78787 4014.51391602
78847 4010.94702148
78907 4010.15625
78968 4008.24047852
79028 4006.75610352
79088 4005.28881836
79148 4003.52954102
79208 4000.69458008
79268 3998.97290039
79328 3997.31396484
79388 3994.74560547
79449 3993.09130859
79509 3991.37402344
79569 3987.55883789
79629 3987.19360352
79689 3985.27978516
79749 3984.04589844
79809 3982.74365234
79870 3980.27880859
79930 3978.12280273
79990 3975.94067383
80035 3973.38769531
80081 3973.0715332
80141 3970.51025391
80201 3969.91308594
80262 3967.7512207
80322 3965.79785156
80382 3964.68017578
80442 3962.72412109
80502 3961.43017578
80562 3959.81347656
80622 3957.15454102
80682 3954.51074219
80743 3953.01855469
80803 3951.6574707
80863 3948.97338867
80923 3947.64892578
80983 3945.39550781
81043 3942.65185547
81103 3941.70263672
81164 3938.57714844
81224 3937.81518555
81284 3936.37866211
81344 3934.04125977
81404 3929.57348633
81464 3929.08276367
81524 3927.31616211
81584 3927.11181641
81644 3925.35205078
81705 3924.03198242
81765 3922.5
81825 3919.27075195
81885 3917.84204102
81945 3916.92724609
82005 3912.89648438
82065 3912.40185547
82126 3910.55688477
82186 3908.11352539
82246 3907.84472656
82306 3906.85449219
82366 3904.86352539
82426 3903.49853516
82486 3900.99169922
82546 3898.54492188
82606 3896.34741211
82667 3894.04931641
82727 3891.34472656
82787 3889.6875
82847 3888.22851562
82907 3886.86425781
82967 3885.02905273
83027 3883.79663086
83088 3880.12939453
83148 3879.52783203
83208 3877.1105957
83243 3875.69995117
83338 3874.89550781
83399 3873.44604492
83459 3870.88500977
83519 3867.27294922
83579 3866.24633789
83639 3864.55859375
83699 3861.33081055
83759 3859.45410156
83819 3857.60571289
83940 3859.88134766
84000 3858.80029297
84060 3856.76611328
84120 3854.94116211
84180 3851.24291992
84300 3850.65405273
84361 3848.69165039
84421 3846.39257812
84481 3843.9765625
84541 3841.91772461
84601 3839.55810547
84661 3839.21289062
84721 3837.65356445
84781 3834.97412109
84842 3833.80249023
84902 3831.07763672
84962 3828.91015625
85022 3828.84594727
85082 3827.23193359
85142 3825.36328125
85202 3823.90356445
85262 3820.6628418
85317 3819.52514648
85368 3818.2199707
85424 3816.9296875
85485 3815.54858398
85545 3813.4465332
85605 3811.8425293
85665 3809.45605469
85725 3807.42773438
85785 3806.64111328
85845 3805.11621094
85906 3802.03613281
85966 3800.96948242
86026 3799.39355469
86086 3797.70605469
86146 3796.47119141
86206 3793.99316406
86266 3792.52612305
86326 3790.41357422
86387 3789.04101562
86447 3786.60717773
86507 3785.18774414
86567 3783.05639648
86627 3781.56811523
86807 3782.97021484
86868 3778.96362305
86928 3777.0402832
86988 3775.78710938
