0 11509.5917969
1264 11142.4199219
1352 11133.5712891
1394 11122.2128906
1454 11114.4746094
1754 11009.2646484
1814 10995.7070312
2055 10914.046875
2235 10857.9755859
2585 10763.2294922
2765 10705.109375
3307 10661.7470703
3427 10627.484375
3487 10616.203125
3547 10603.0078125
3728 10563.0732422
3848 10529.7373047
3883 10521.5878906
3918 10513.4375
4038 10487.4589844
4279 10426.6572266
4459 10381.9238281
4579 10358.5722656
4700 10330.0585938
4740 10315.6464844
4781 10309.2382812
4902 10286.640625
5022 10257.5849609
5082 10243.7470703
5203 10221.8232422
5263 10210.5019531
5323 10198.3642578
5684 10121.7041016
5744 10110.7021484
5804 10109.6416016
5864 10099.8613281
5984 10077.4814453
6044 10065.2783203
6164 10039.4921875
6224 10032.2617188
6345 10005.0068359
6405 9990.59472656
6465 9979.62792969
6525 9969.24511719
6645 9941.71289062
6705 9931.61914062
6765 9921.15136719
6826 9908.22363281
6946 9882.97558594
7006 9879.18066406
7066 9868.44335938
7126 9855.14746094
7246 9829.30273438
7307 9821.36816406
7367 9808.89648438
7427 9795.60253906
7469 9787.08007812
7512 9782.14160156
7572 9768.21289062
7633 9758.47167969
7693 9744.78320312
7753 9733.15917969
7813 9724.33691406
7873 9712.03417969
7933 9699.26269531
7993 9690.93261719
8053 9676.46289062
8114 9666.43261719
8174 9656.59082031
8234 9646.31054688
8294 9634.76171875
8354 9623.53222656
8414 9611.64257812
8474 9599.25
8534 9587.96972656
8594 9578.05371094
8654 9572.64941406
8715 9559.04101562
8775 9548.8359375
9075 9499.12890625
9135 9486.98339844
9195 9479.703125
9256 9469.31347656
9316 9456.98632812
9376 9446.98242188
9436 9437.65722656
9496 9424.75488281
9556 9411.96582031
9616 9402.73535156
9676 9396.875
9736 9385.15039062
9797 9375.02539062
9977 9330.74414062
10037 9318.87792969
10088 9311.93066406
10139 9299.80859375
10199 9289.97363281
10259 9276.94140625
10319 9263.54296875
10380 9255.39941406
10440 9247.40820312
10500 9242.64257812
10560 9229.24707031
10620 9215.18164062
10680 9203.85449219
10740 9197.15332031
10800 9184.45800781
10861 9172.3125
10921 9160.59570312
10981 9152.33203125
11041 9145.27929688
11101 9133.40625
11161 9121.53417969
11221 9112.94824219
11281 9105.68652344
11402 9075.21875
11462 9068.46386719
11522 9057.56054688
11582 9051.38574219
11642 9041.67089844
11702 9032.15039062
11762 9023.6640625
11822 9014.59765625
11883 9001.80566406
11943 8995.19433594
11978 8991.3359375
11988 8990.23339844
11998 8986.53417969
12008 8984.74804688
12043 8979.04980469
12079 8972.61621094
12090 8970.5078125
12100 8968.5
12110 8966.53515625
12120 8965.00195312
12137 8963.40234375
12178 8951.7421875
12238 8950.01074219
12298 8936.52832031
12358 8926.89453125
12418 8913.40625
12479 8903.58789062
12779 8897.72167969
12839 8889.65527344
12899 8879.22753906
12959 8871.28613281
13020 8859.0234375
13080 8848.54785156
13140 8840.47265625
13200 8833.82910156
13260 8821.4375
13320 8815.78808594
13371 8808.21289062
13422 8797.75976562
13482 8788.53027344
13542 8779.33398438
13602 8771.67382812
13639 8766.09765625
13675 8762.38867188
13736 8753.37011719
13796 8742.68164062
13856 8731.70996094
13916 8723.53417969
13976 8716.55175781
14036 8706.09570312
14096 8697.56933594
14157 8687.36035156
14217 8679.08398438
14265 8670.37402344
14313 8665.65820312
14373 8658.62402344
14433 8649.46484375
14493 8639.48046875
14553 8630.61425781
14614 8622.09375
14674 8617.00976562
14734 8605.36035156
14794 8596.20019531
14854 8589.17382812
14914 8578.32714844
14974 8571.86523438
15009 8568.09277344
15045 8564.3203125
15105 8552.02441406
15165 8545.3515625
15209 8538.99902344
15254 8532.76171875
15314 8523.84277344
15374 8516.12597656
15414 8509.79785156
15454 8503.79492188
15490 8499.00097656
15501 8497.52050781
15536 8492.86328125
15596 8481.83300781
15656 8475.90332031
15716 8468.36230469
15776 8461.82617188
15837 8453.57128906
15897 8445.58886719
15957 8432.15820312
16017 8426.33496094
16077 8421.06835938
16137 8410.08789062
16197 8402.03515625
16258 8390.4375
16318 8382.66699219
16378 8380.15136719
16438 8371.84765625
16498 8363.1875
16558 8354.68847656
16618 8344.953125
16678 8335.84277344
16739 8328.41894531
16799 8324.95410156
16859 8318.02148438
16919 8305.95605469
16979 8301.81152344
17033 8292.67675781
17088 8284.68847656
17148 8275.4921875
17208 8267.13867188
17268 8261.36132812
17328 8252.53417969
17388 8243.78417969
17448 8233.328125
17503 8231.58886719
17558 8221.02441406
17618 8211.58105469
17678 8203.43847656
17739 8196.22949219
17799 8192.015625
17859 8183.97558594
17919 8174.94921875
17979 8167.18017578
18039 8161.17333984
18099 8151.63525391
18160 8143.53222656
18220 8137.07568359
18280 8131.15966797
18340 8123.42919922
18400 8113.91357422
18460 8107.38671875
18520 8101.49804688
18580 8090.25878906
18641 8086.35839844
18701 8081.10253906
18761 8071.27197266
18821 8063.77050781
18881 8056.921875
18941 8048.42724609
19242 8014.22070312
19302 8007.44091797
19362 8001.78466797
19403 7998.61767578
19444 7993.00488281
19504 7986.953125
19564 7979.93896484
19624 7967.82568359
19684 7953.67333984
19745 7950.01757812
19805 7938.92333984
19865 7930.83251953
19925 7916.29199219
19985 7915.76757812
20045 7905.21337891
20105 7894.67236328
20165 7886.50927734
20226 7881.46630859
20286 7872.32226562
20346 7870.89208984
20406 7864.13964844
20466 7856.47363281
20526 7848.87207031
20586 7841.28125
20646 7836.79638672
20703 7822.93701172
20791 7820.41943359
20827 7810.50537109
20887 7802.578125
20947 7796.03320312
21007 7787.38916016
21067 7786.70361328
21128 7780.31738281
21188 7774.67480469
21308 7768.84863281
21368 7760.42626953
21428 7751.78515625
21488 7746.19775391
21548 7738.04394531
21608 7731.54052734
21669 7730.03222656
21729 7722.82226562
21969 7690.56396484
22026 7690.36572266
22083 7683.81445312
22143 7678.35400391
22203 7673.34423828
22263 7665.88964844
22323 7658.66650391
22383 7655.23095703
22443 7646.00195312
22503 7640.12988281
22564 7634.77685547
22624 7625.36181641
22684 7623.70166016
22744 7614.12939453
22804 7605.04833984
22864 7603.51318359
22924 7596.73828125
22984 7586.16210938
23044 7579.26367188
23105 7574.43212891
23165 7568.90283203
23225 7562.70996094
23285 7555.88525391
23345 7549.12353516
23405 7544.26416016
23465 7536.53222656
23526 7535.23339844
23586 7528.69091797
23646 7522.00927734
23706 7511.04443359
23766 7505.81347656
23826 7501.40917969
23886 7496.84179688
23946 7487.76660156
24006 7477.63183594
24067 7473.86914062
24127 7467.43847656
24187 7458.91455078
24247 7454.29785156
24307 7447.1328125
24367 7435.38720703
24427 7433.37255859
24487 7426.94726562
24548 7423.38183594
24608 7415.73486328
24668 7411.37451172
24728 7409.86425781
24788 7399.52734375
24848 7392.60253906
24908 7388.48193359
24969 7382.87451172
25029 7373.58740234
25089 7369.15771484
25149 7362.38916016
25209 7355.76318359
25269 7349.87597656
25329 7338.38330078
25389 7335.21435547
25450 7333.25976562
25510 7328.18896484
25570 7321.74707031
25630 7317.74023438
25690 7309.69824219
25750 7305.71826172
25788 7300.875
25827 7294.82128906
25887 7288.99560547
25947 7284.54296875
26007 7276.11425781
26067 7271.68798828
26128 7265.15673828
26368 7253.51123047
26428 7246.47216797
26488 7240.76904297
26548 7234.44482422
26608 7228.43261719
26669 7224.79638672
26729 7217.03417969
26789 7208.31396484
26849 7205.28173828
26909 7200.13769531
26969 7196.32861328
27029 7188.85498047
27089 7184.09912109
27149 7174.97900391
27210 7164.92480469
27270 7159.83398438
27330 7157.09228516
27390 7150.06933594
27450 7143.89208984
27510 7137.91894531
27570 7134.66259766
27630 7127.02441406
27690 7120.3046875
27751 7118.41357422
27811 7108.97363281
27871 7101.09570312
27931 7096.19433594
28051 7091.35888672
28111 7083.13916016
28171 7077.18164062
28232 7070.56884766
28292 7063.48339844
28352 7061.57275391
28412 7052.6640625
28472 7049.31445312
28532 7045.61523438
28592 7034.65136719
28652 7033.52783203
28712 7026.62988281
28773 7025.18603516
28833 7015.91699219
28893 7011.09912109
28953 7006.46191406
29013 7002.8671875
29073 6997.98291016
29133 6988.34667969
29233 6982.15722656
29273 6977.87060547
29333 6976.6796875
29393 6966.79296875
29453 6960.65429688
29514 6957.51074219
29574 6952.32324219
29623 6944.94970703
29672 6941.10498047
29711 6938.86962891
29725 6938.07128906
29760 6936.05615234
29820 6927.45166016
29880 6923.54882812
29941 6918.88037109
30001 6911.83789062
30061 6907.50439453
30121 6902.86816406
30181 6898.56542969
30241 6893.12744141
30301 6883.56054688
30360 6877.57910156
30394 6874.140625
30414 6877.86425781
30449 6875.43066406
30509 6871.54150391
30569 6859.83300781
30629 6857.14599609
30690 6852.07177734
30750 6847.90576172
30810 6839.11230469
30870 6836.83789062
30930 6830.69287109
30990 6823.66162109
31050 6821.73730469
31110 6816.69970703
31170 6810.84082031
31215 6807.29980469
31259 6801.94824219
31319 6799.39990234
31379 6792.64550781
31439 6785.03857422
31499 6782.63574219
31560 6777.19873047
31620 6771.07324219
31680 6763.91503906
31740 6762.08496094
31800 6757.31298828
31860 6750.28808594
31907 6746.32080078
31929 6744.51318359
31940 6743.67041016
31975 6740.80712891
32035 6733.06103516
32095 6727.49462891
32155 6725.63232422
32215 6717.18359375
32275 6713.22802734
32335 6707.89355469
32396 6702.27148438
32456 6698.00048828
32516 6694.83007812
32571 6689.18115234
32627 6683.67285156
32687 6676.75830078
32747 6670.88525391
32807 6666.28564453
32867 6664.98632812
32927 6661.36083984
32988 6655.52880859
33048 6651.93261719
33108 6647.79296875
33168 6641.55908203
33228 6634.83349609
33288 6633.27246094
33348 6627.58349609
33408 6619.81494141
33469 6616.30029297
33529 6613.25390625
33589 6607.31542969
33649 6603.96875
33709 6599.0546875
33769 6593.36181641
33829 6588.42382812
33889 6583.43652344
33950 6578.58935547
34010 6576.77685547
34070 6569.83300781
34130 6562.70507812
34190 6559.53076172
34250 6553.63916016
34310 6550.13916016
34370 6543.72460938
34431 6537.93994141
34491 6534.87109375
34551 6530.93994141
34611 6523.421875
34671 6520.70410156
34731 6515.15087891
34791 6510.20507812
34851 6505.95068359
34911 6503.24902344
34972 6494.88476562
35032 6489.96777344
35092 6487.20263672
35152 6481.63867188
35212 6476.33837891
35272 6473.02050781
35332 6467.31201172
35392 6460.63232422
35453 6457.59277344
35513 6452.67285156
35573 6447.23535156
35633 6445.24462891
35693 6437.45410156
35753 6432.60302734
35813 6430.30517578
35873 6424.15625
35933 6419.57861328
35994 6416.19287109
36054 6411.05908203
36114 6407.97851562
36174 6400.16064453
36234 6394.68457031
36294 6391.10009766
36354 6385.77587891
36414 6381.86181641
36474 6378.24511719
36535 6373.28564453
36595 6369.37939453
36655 6367.17724609
36715 6360.75341797
36775 6355.328125
36835 6351.34277344
36895 6346.27539062
36955 6341.61523438
37016 6337.31494141
37076 6331.46875
37136 6328.76074219
37196 6323.42431641
37256 6319.72558594
37313 6315.24902344
37369 6310.37060547
37430 6306.29931641
37490 6300.63134766
37550 6295.17041016
37610 6293.16357422
37670 6285.88037109
37714 6283.97216797
37758 6281.02441406
37818 6273.91552734
37878 6269.70068359
37938 6268.70361328
37998 6261.79003906
38058 6256.15673828
38118 6253.10302734
38179 6246.62451172
38239 6241.6015625
38299 6237.3359375
38359 6231.484375
38419 6231.01660156
38479 6230.63964844
38539 6224.96191406
38599 6222.13671875
38659 6215.86132812
38719 6211.09814453
38780 6209.34912109
38840 6204.09912109
38900 6198.21679688
38960 6193.35498047
39020 6191.14257812
39080 6185.64355469
39140 6181.41796875
39200 6175.98095703
39260 6170.70214844
39321 6167.41796875
39381 6164.00830078
39441 6159.79394531
39501 6156.15087891
39561 6154.00927734
39600 6149.92773438
39638 6146.26953125
39698 6141.05761719
39758 6138.47119141
39818 6132.55273438
39879 6129.27832031
40359 5875.73193359
40420 5870.31103516
40480 5869.35546875
40540 5863.75341797
40600 5858.18261719
40660 5857.06591797
40720 5853.96191406
40781 5850.88671875
40841 5847.44335938
40901 5841.23339844
40961 5838.88037109
41021 5836.04150391
41081 5831.85498047
41141 5829.61279297
41201 5826.44775391
41261 5821.38183594
41321 5818.56201172
41382 5814.05957031
41442 5810.43408203
41502 5806.18994141
41562 5803.48046875
41622 5800.31689453
41682 5796.45996094
41743 5789.69287109
41803 5787.03076172
41863 5783.67919922
41923 5781.50683594
41983 5776.87011719
42043 5773.54541016
42164 5768.11523438
42224 5764.12304688
42284 5761.06445312
42344 5757.77148438
42404 5753.35449219
42464 5750.02783203
42524 5745.61572266
42584 5741.31396484
42644 5738.65771484
42704 5735.08349609
42764 5729.27978516
42824 5727.66552734
42884 5724.95263672
42922 5721.65039062
42959 5719.52099609
43019 5715.09667969
43079 5711.76611328
43140 5708.15771484
43200 5703.84863281
43260 5700.65332031
43320 5695.14160156
43380 5691.82861328
43440 5688.61035156
43500 5685.54248047
43560 5682.72558594
43620 5675.74560547
43680 5674.30957031
43741 5669.03369141
43801 5666.84228516
43861 5662.29052734
43921 5659.85986328
43981 5655.05908203
44041 5653.40039062
44101 5649.46435547
44161 5646.09814453
44221 5643.95996094
44281 5641.52246094
44342 5639.40820312
44402 5634.58105469
44462 5631.75097656
44522 5626.90966797
44582 5620.87255859
44642 5616.21923828
44702 5613.59130859
44763 5612.28515625
44823 5610.42480469
44883 5608.08935547
44943 5603.78076172
45003 5600.39501953
45063 5595.16210938
45123 5593.13720703
45184 5586.76416016
45244 5583.56054688
45304 5580.66113281
45364 5578.81933594
45424 5573.03662109
45484 5572.56933594
45544 5567.25390625
45604 5562.43261719
45665 5561.34667969
45725 5554.19238281
45785 5552.15332031
45841 5551.55078125
45898 5547.88427734
45958 5545.98046875
46002 5544.78027344
46024 5542.98388672
46062 5541.18554688
46122 5537.53564453
46182 5531.84863281
46243 5527.49023438
46303 5522.70654297
46363 5517.77490234
46423 5516.64453125
46483 5512.20898438
46543 5508.38183594
46603 5503.92773438
46663 5500.34863281
46724 5496.14501953
46784 5494.19775391
46844 5492.33154297
46964 5484.76611328
47024 5481.52490234
47084 5474.60449219
47204 5473.05810547
47265 5471.58691406
47325 5467.71582031
47385 5462.87109375
47445 5456.22949219
47505 5456.16796875
47565 5449.14111328
47625 5444.59863281
47685 5443.88427734
47745 5436.99414062
47866 5434.4765625
47926 5426.82617188
48046 5435.56005859
48157 5429.52294922
48217 5421.25927734
48277 5420.08642578
48337 5416.48632812
48397 5412.25537109
48517 5406.33300781
48578 5404.23632812
48638 5401.94042969
48698 5396.43798828
48758 5394.52001953
48818 5391.32324219
48878 5388.10058594
48938 5385.68164062
48998 5379.38964844
49058 5378.05224609
49119 5374.35498047
49179 5373.10302734
49299 5365.57617188
49359 5365.40625
49419 5362.29492188
49479 5360.06542969
49540 5356.66455078
49600 5353.29296875
49660 5350.39892578
49720 5344.7734375
49780 5340.57128906
49840 5338.71923828
49900 5334.94970703
49960 5333.93652344
50020 5330.83886719
50081 5328.06054688
50141 5324.96679688
50201 5320.8046875
50261 5316.38720703
50321 5315.32666016
50381 5313.99804688
50441 5308.67578125
50501 5305.45458984
50562 5302.97802734
50622 5299.92822266
50682 5295.38964844
50742 5294.86035156
50802 5292.57617188
50862 5287.25488281
50922 5283.03613281
50982 5281.15576172
51043 5279.82666016
51103 5277.36230469
51163 5274.30761719
51223 5271.46679688
51283 5268.49707031
51343 5264.53417969
51403 5261.49316406
51463 5258.41259766
51523 5256.23583984
51584 5251.25341797
51644 5247.93115234
51704 5244.88330078
51764 5242.52001953
51824 5241.8125
51884 5238.25976562
51944 5234.20556641
52004 5230.57763672
52065 5229.17626953
52125 5226.36230469
52185 5222.39257812
52245 5217.44482422
52305 5214.68505859
52365 5213.98583984
52425 5210.8046875
52460 5208.94873047
52495 5207.10644531
52555 5203.52001953
52615 5200.22119141
52675 5197.25390625
52735 5192.66064453
52795 5191.89453125
52856 5189.81542969
52916 5185.18457031
52976 5182.14990234
53036 5180.09179688
53096 5176.24755859
53156 5172.85107422
53216 5170.50927734
53277 5167.22753906
53337 5164.48144531
53397 5158.48583984
53457 5156.68798828
53517 5154.09912109
53577 5152.25439453
53637 5148.73388672
53697 5146.25244141
53742 5142.95361328
53761 5141.51220703
53785 5142.99804688
53823 5139.37597656
53884 5135.61865234
53944 5132.53173828
54004 5131.47216797
54124 5125.99560547
54184 5122.69628906
54244 5117.00634766
54305 5114.81640625
54365 5112.48291016
54425 5108.76025391
54545 5105.02587891
54605 5102.32226562
54665 5099.37792969
54725 5095.11425781
54786 5090.31494141
54846 5088.36083984
54906 5084.51953125
55026 5081.69726562
55086 5074.94482422
55146 5072.74072266
55206 5072.35498047
55266 5067.33496094
55327 5065.66552734
55387 5060.92236328
55447 5059.98779297
55507 5055.99560547
55567 5052.39111328
55627 5049.87646484
55687 5047.54492188
55808 5044.12353516
55868 5039.64453125
55928 5037.20019531
55988 5034.31884766
56108 5030.41503906
56168 5024.91748047
56229 5021.3671875
56289 5019.02050781
56349 5013.98388672
56409 5013.19042969
56469 5009.83251953
56529 5005.20800781
56589 5001.77978516
56649 5000.29443359
56709 4996.70507812
56770 4995.73632812
56830 4992.49804688
56890 4989.40673828
56950 4987.25439453
57010 4981.93164062
57130 4978.60595703
57190 4971.55175781
57250 4968.45898438
57311 4966.40478516
57431 4966.82373047
57491 4966.12597656
57551 4963.66796875
57611 4961.99414062
57671 4957.78955078
57718 4954.30859375
57764 4952.88916016
57824 4951.78027344
57884 4947.33789062
57945 4945.78466797
58005 4943.32714844
58065 4940.24511719
58125 4938.05371094
58185 4934.02978516
58245 4931.96142578
58305 4928.17871094
58365 4926.02197266
58426 4923.36279297
58486 4920.75976562
58546 4917.82617188
58649 4915.19042969
58692 4914.85302734
58727 4914.57763672
58822 4914.50585938
58882 4909.19433594
58942 4905.63720703
59002 4904.88916016
59063 4898.85888672
59123 4897.30371094
