0 13476.9560547
121 13430.7236328
274 13338.2490234
295 13323.3242188
319 13315.984375
365 13301.8662109
407 13288.8740234
438 13280.2871094
484 13272.9384766
536 13256.3935547
625 13208.0097656
721 13186.5966797
902 13086.4101562
1012 13035.2070312
1123 12956.265625
1174 12939.1621094
1269 12896.2851562
1285 12889.0605469
1326 12873.7568359
1486 12801.9921875
1546 12779.9072266
1658 12725.0283203
1778 12652.7802734
1838 12629.4785156
1898 12617.4599609
2019 12558.6152344
2054 12552.3945312
2074 12548.7431641
2139 12518.1914062
2174 12505.7402344
2184 12502.1845703
2219 12489.7392578
2340 12436.0634766
2460 12403.9160156
2614 12349.0771484
2830 12238.0390625
2865 12222.78125
2967 12208.0185547
3069 12148.8740234
3129 12131.4277344
3175 12113.7880859
3205 12101.5292969
3251 12090.9101562
3492 11987.5273438
3527 11974.8535156
3563 11962.1064453
3733 11895.3261719
3880 11882.6181641
3971 11824.2363281
4318 12028.8037109
4351 12024.8457031
4399 12014.3603516
4460 11997.9013672
4520 11979.3066406
4580 11960.5996094
4640 11941.6054688
4700 11920.9833984
4760 11905.4794922
4821 11889.4941406
4857 11877.6259766
4894 11869.0058594
4954 11851.5371094
5014 11831.3720703
5075 11818.7988281
5135 11803.6435547
5195 11784.0693359
5255 11767.5341797
5315 11751.6005859
5435 11715.7529297
5480 11710.6025391
5524 11699.9550781
5584 11682.3828125
5644 11666.3046875
5696 11654.7353516
5749 11641.4394531
5809 11623.6738281
5851 11614.8662109
5892 11603.0957031
5952 11582.5126953
6012 11567.0927734
6073 11552.1113281
6133 11535.7363281
6193 11521.0527344
6253 11502.7714844
6313 11487.1914062
6348 11478.1044922
6379 11470.0351562
6436 11458.6035156
6496 11438.9003906
6552 11420.6113281
6608 11407.8964844
6668 11399.5009766
6728 11383.8632812
7029 11299.5126953
7089 11287.4716797
7149 11275.6757812
7210 11256.7705078
7270 11244.7441406
7330 11227.0390625
7390 11213.9345703
7444 11198.5839844
7498 11187.4716797
7537 11177.1884766
7575 11170.5449219
7635 11152.1748047
7693 11139.5087891
7752 11119.1445312
7812 11102.9082031
7872 11083.9980469
7932 11070.7988281
7975 11062.3173828
8018 11054.7207031
8079 11041.6904297
8139 11022.9375
8199 11006.5810547
8259 10994.9091797
8319 10978.578125
8379 10957.8564453
8440 10945.2373047
8500 10933.8798828
8560 10921.4111328
8620 10900.2324219
8680 10886.4580078
8740 10869.984375
8800 10855.9101562
8835 10847.6992188
8871 10839.4511719
8931 10823.1074219
8991 10814.5917969
9026 10809.6240234
9061 10804.6582031
9096 10793.5673828
9131 10786.15625
9190 10768.8037109
9251 10755.6523438
9311 10735.1835938
9350 10729.1816406
9368 10724.2148438
9407 10711.4199219
9467 10693.109375
9512 10689.5107422
9543 10681.1591797
9589 10669.7714844
9649 10649.4648438
9694 10634.7285156
9715 10628.0869141
9750 10616.640625
9810 10608.4589844
9865 10600.8417969
9921 10579.8613281
9981 10571.5888672
10101 10530.2451172
10162 10519.8125
10207 10508.8046875
10403 10452.0644531
10766 10443.4638672
10826 10430.2753906
10886 10415.6523438
10946 10402.2392578
11006 10390.6054688
11067 10377.1279297
11127 10357.5048828
11187 10340.9287109
11247 10330.078125
11307 10328.1445312
11367 10317.6318359
11427 10304.0693359
11488 10291.5175781
11548 10277.8554688
11608 10261.7236328
11668 10249.1953125
11728 10232.8515625
11788 10217.8056641
11848 10205.2089844
11909 10190.8144531
11969 10183.6953125
12029 10171.6035156
12089 10159.3085938
12149 10140.6689453
12209 10125.4208984
12269 10112.8642578
12329 10100.8457031
12390 10092.2587891
12450 10080.5195312
12510 10071.5839844
12570 10051.6640625
12630 10040.5361328
12690 10024.0527344
12750 10009.0771484
12810 10008.7822266
12871 9996.21582031
12931 9972.640625
12991 9960.421875
13051 9943.45800781
13106 9933.95507812
13161 9930.12695312
13221 9918.82226562
13281 9899.61523438
13341 9887.35351562
13401 9872.29882812
13462 9859.13378906
13522 9854.6640625
13582 9844.02929688
13642 9824.15527344
13702 9811.30273438
13755 9797.40820312
13806 9785.140625
13863 9776.046875
13924 9766.28808594
13959 9760.58789062
13994 9754.88769531
14054 9739.5703125
14174 9700.12792969
14209 9693.95800781
14244 9687.79296875
14279 9681.62792969
14314 9675.45800781
14375 9671.34960938
14435 9649.55175781
14495 9642.07128906
14544 9629.77148438
14593 9618.59863281
14653 9612.12792969
14699 9596.67285156
14746 9589.69238281
14796 9584.93261719
14846 9578.33496094
14907 9561.79296875
14942 9552.16601562
14977 9542.50292969
15037 9531.80371094
15073 9525.57324219
15108 9519.32226562
15168 9500.77734375
15228 9485.21484375
15281 9478.83886719
15335 9474.88574219
15389 9463.37109375
15443 9445.64257812
15503 9428.44238281
15564 9420.03808594
15624 9405.24023438
15659 9396.61132812
15694 9387.93847656
15754 9376.53515625
15815 9370.54394531
15851 9362.85351562
15887 9351.61621094
15947 9335.73925781
15982 9326.48925781
16017 9317.20605469
16070 9307.96875
16123 9296.35058594
16184 9279.27636719
16231 9269.05859375
16278 9259.18847656
16339 9242.80175781
16391 9228.66894531
16444 9213.58398438
16504 9194.77148438
16564 9190.38085938
16624 9170.81054688
16684 9148.6328125
16745 9140.88085938
16846 9097.15820312
16906 9087.1875
16951 9081.72265625
16996 9075.61914062
17056 9062.78320312
17116 9054.63574219
17176 9035.08886719
17237 9023.11230469
17297 9010.16308594
17357 8995.01074219
17417 8978.21582031
17477 8964.56054688
17537 8940.98535156
17597 8925.19042969
17657 8915.87792969
17718 8896.6953125
17778 8882.61230469
17838 8859.31640625
17898 8850.74316406
17958 8840.43457031
18018 8839.53125
18139 8792.39160156
18199 8781.72949219
18259 8776.23828125
18319 8765.25292969
18439 8727.05566406
18499 8719.6171875
18620 8677.52050781
18860 8600.29492188
18920 8582.32617188
18980 8563.94726562
19041 8554.96484375
19101 8532.40820312
19522 8465.13769531
19557 8457.00195312
19592 8448.83886719
19652 8428.80859375
19833 8379.76269531
19953 8338.09570312
20013 8331.93066406
20133 8320.85449219
20314 8265.50976562
20374 8252.78125
20494 8213.78613281
20855 8643.34667969
20915 8632.58105469
20975 8624.67089844
21035 8610.42382812
21096 8600.58105469
21156 8591.14355469
21216 8580.01269531
21267 8569.43164062
21318 8560.80859375
21378 8550.47070312
21438 8542.91699219
21498 8540.41503906
21558 8529.56640625
21618 8512.74121094
21679 8503.25195312
21739 8495.43554688
21799 8488.06542969
21859 8481.13378906
21919 8470.44042969
21979 8458.0234375
22039 8447.92285156
22099 8434.64648438
22160 8421.67285156
22198 8414.01171875
22212 8411.27734375
22222 8409.296875
22232 8407.32617188
22268 8400.421875
22328 8387.140625
22388 8379.65527344
22448 8367.33300781
22483 8360.14453125
22515 8353.59277344
22553 8349.89160156
22593 8347.22558594
22712 8330.31542969
22772 8315.34179688
22833 8299.7734375
22893 8284.05761719
22953 8273.98730469
23013 8263.11523438
23073 8247.33886719
23133 8242.82324219
23193 8218.99121094
23254 8203.24414062
23314 8188.56884766
23374 8168.65234375
23434 8153.6640625
23494 8139.65771484
23554 8124.98291016
23615 8112.26318359
23659 8109.89550781
23703 8103.43847656
23752 8086.69970703
23799 8078.24365234
23845 8060.45800781
23894 8045.69677734
23954 8026.73339844
24014 8011.03271484
24075 8002.75634766
24135 7994.52490234
24195 7976.99609375
24255 7971.73876953
24315 7948.59570312
24375 7939.19189453
24436 7933.42724609
24496 7918.95166016
24676 7884.17333984
24857 7811.78320312
24917 7810.75292969
24977 7801.38378906
25037 7783.57275391
25097 7770.7578125
25217 7738.39941406
25518 7661.44677734
25578 7641.79785156
25638 7635.68310547
25698 7619.42578125
25981 7926.65380859
26019 7923.77685547
26059 7922.73535156
26105 7912.82714844
26165 7903.4375
26226 7892.29248047
26286 7884.28125
26347 7878.58935547
26407 7867.69238281
26467 7858.0
26527 7850.59814453
26587 7840.01171875
26647 7829.73339844
26707 7824.47363281
26767 7809.28515625
26828 7801.79150391
26888 7798.37011719
26948 7787.62841797
27008 7771.42724609
27068 7769.74414062
27128 7763.95019531
27189 7750.70556641
27249 7742.27294922
27309 7735.48193359
27369 7724.27587891
27429 7713.90039062
27489 7703.67089844
27549 7687.60009766
27610 7670.04882812
27670 7668.11474609
27730 7663.77050781
27790 7651.80761719
27850 7647.82177734
27910 7637.78955078
27971 7622.93652344
28031 7616.98046875
28091 7611.17626953
28225 7600.43164062
28286 7588.63916016
28406 7575.68847656
28466 7568.84912109
28586 7551.62841797
28647 7547.69238281
28707 7543.09570312
28827 7538.01611328
28887 7525.61962891
28947 7510.21728516
29007 7509.08398438
29068 7499.49804688
29128 7489.28222656
29188 7478.89160156
29248 7478.37207031
29308 7467.45263672
29368 7459.31835938
29428 7455.07519531
29489 7446.73974609
29549 7438.91601562
29609 7435.16259766
29669 7412.90429688
29970 7441.68847656
30030 7434.56982422
30090 7430.45214844
30150 7423.34570312
30210 7414.91113281
30270 7409.09570312
30331 7401.60888672
30391 7392.95654297
30451 7387.99267578
30511 7379.56054688
30571 7370.64746094
30631 7365.53857422
30691 7358.37939453
30752 7351.58105469
30812 7346.36523438
30872 7337.6640625
30932 7331.86523438
30992 7324.31982422
31052 7314.90039062
31112 7309.09082031
31172 7301.52636719
31233 7292.68359375
31293 7287.80371094
31353 7283.59863281
31413 7274.79052734
31473 7271.82617188
31533 7262.29199219
31593 7255.1640625
31631 7251.38085938
31669 7246.03759766
31729 7239.30029297
31789 7234.64550781
31849 7225.43505859
31888 7220.83740234
31928 7214.75683594
31973 7211.74267578
32019 7205.79443359
32079 7200.00439453
32139 7190.37792969
32199 7186.05371094
32259 7181.77685547
32320 7174.01464844
32380 7166.77734375
32440 7159.25634766
32500 7154.01025391
32560 7148.86279297
32606 7144.80810547
32651 7137.55566406
32712 7127.42333984
32772 7120.83789062
32832 7112.12402344
32892 7104.79785156
32952 7100.27050781
33012 7095.30664062
33072 7088.26611328
33133 7081.30224609
33193 7073.90673828
33253 7065.95458984
33313 7061.1328125
33357 7058.72363281
33386 7056.33105469
33417 7048.92285156
33462 7045.23681641
33508 7040.16015625
33554 7034.19384766
33614 7026.83691406
33659 7025.03759766
33690 7018.95458984
33736 7014.68310547
33796 7004.17919922
33856 6994.68115234
33916 6993.06494141
33976 6985.32421875
34036 6976.61035156
34097 6971.08447266
34157 6967.80273438
34217 6962.19824219
34277 6952.1015625
34337 6944.92578125
34397 6938.34277344
34458 6933.48876953
34518 6925.32763672
34578 6917.7890625
34638 6913.4296875
34698 6905.09521484
34758 6902.16064453
34818 6897.71435547
34879 6891.10400391
34939 6881.30761719
34999 6880.20410156
35059 6870.890625
35119 6864.30371094
35179 6858.48681641
35239 6850.09228516
35300 6843.20996094
35360 6837.02001953
35418 6832.50244141
35477 6824.53076172
35512 6819.75830078
35528 6817.61083984
35569 6815.56933594
35615 6812.31347656
35661 6808.11767578
35721 6801.26513672
35782 6793.85449219
35842 6788.80126953
35902 6784.77880859
35962 6776.75927734
36022 6768.29296875
36082 6766.97265625
36142 6762.35205078
36203 6757.29003906
36263 6752.04736328
36323 6743.56689453
36383 6743.20800781
36443 6738.21337891
36503 6731.19580078
36563 6729.13720703
36623 6725.89990234
36684 6718.94580078
36744 6713.76367188
36804 6705.21923828
36864 6696.78271484
36924 6695.48925781
36984 6688.58203125
37044 6686.79003906
37104 6679.65673828
37165 6672.15625
37204 6667.85498047
37243 6663.01171875
37304 6659.83007812
37364 6655.07275391
37424 6650.35986328
37484 6642.68896484
37544 6638.54882812
37604 6631.06689453
37665 6627.2265625
37725 6621.38232422
37785 6615.33300781
37845 6608.75439453
37905 6602.6328125
37965 6597.70019531
38025 6592.66650391
38086 6587.59619141
38146 6579.62646484
38206 6577.48388672
38266 6570.23339844
38301 6566.00097656
38320 6563.76660156
38363 6558.00195312
38424 6553.73193359
38484 6549.43554688
38536 6548.46777344
38589 6542.37060547
38650 6537.54345703
38691 6534.47802734
38733 6529.35253906
38788 6522.64501953
38842 6519.51220703
38903 6511.29589844
38963 6502.87548828
39023 6498.29248047
39083 6495.79785156
39143 6489.59326172
39203 6481.52636719
39263 6478.67724609
39324 6471.37011719
39384 6466.07080078
39444 6461.16699219
39504 6456.51611328
39564 6453.63085938
39624 6445.57617188
39659 6440.88037109
39694 6436.17919922
39755 6432.90234375
39815 6428.44726562
39850 6425.84960938
39885 6423.25195312
39931 6421.80712891
39978 6415.98095703
40098 6406.14453125
40159 6401.10888672
40219 6394.43408203
40279 6390.36035156
40339 6388.22363281
40399 6378.26269531
40459 6375.05908203
40519 6372.01025391
40580 6364.20898438
40640 6358.06933594
40940 6331.36767578
41000 6328.34130859
41061 6323.80761719
41121 6319.79785156
41181 6311.53515625
41241 6308.49609375
41301 6303.18994141
41361 6297.46582031
41421 6293.08398438
41482 6286.10205078
41542 6281.39404297
41602 6277.26416016
41662 6268.21630859
41722 6266.30371094
41782 6261.07568359
41842 6255.8671875
41903 6251.43994141
41963 6244.95800781
42023 6239.21044922
42083 6236.75878906
42143 6229.54541016
42203 6226.94238281
42263 6221.03222656
42323 6214.76757812
42384 6212.62304688
42444 6206.75292969
42504 6203.80957031
42564 6197.68603516
42624 6193.49951172
42684 6188.56738281
42719 6185.69140625
42755 6182.80224609
42815 6177.74511719
42875 6172.62011719
42935 6168.10644531
42995 6163.83984375
43055 6158.02832031
43115 6151.79101562
43176 6148.30078125
43236 6142.20214844
43296 6135.22558594
43356 6131.58007812
43416 6126.28369141
43476 6121.79199219
43536 6116.34570312
43596 6112.91455078
43657 6107.1171875
43717 6102.52441406
43777 6097.43212891
43837 6092.19189453
43897 6086.13378906
43957 6081.00048828
44017 6077.09130859
44077 6072.26171875
44138 6066.56347656
44198 6060.96679688
44258 6056.18359375
44318 6050.68505859
44378 6045.72851562
44438 6039.66064453
44498 6035.63134766
44558 6032.39453125
44619 6026.77148438
44679 6020.32324219
44739 6014.85986328
44799 6010.06494141
44859 6005.54296875
44919 5999.8125
44979 5994.98779297
45040 5990.34765625
45100 5984.72363281
45160 5979.83300781
45200 5975.97412109
45241 5973.80908203
45301 5969.765625
45361 5966.07373047
45422 5961.45458984
45482 5955.19042969
45542 5951.91455078
45602 5947.78125
45662 5941.71972656
45722 5936.30517578
45782 5929.69775391
45842 5925.39306641
45903 5921.18652344
45963 5915.83984375
46023 5912.79394531
46083 5907.69628906
46143 5902.01416016
46203 5897.02929688
46244 5896.10058594
46271 5891.71923828
46317 5888.45361328
46377 5883.86962891
46437 5879.30566406
46497 5874.34570312
46557 5868.82226562
46617 5866.49755859
46678 5863.921875
46738 5857.89306641
46798 5852.11083984
46858 5846.95214844
46918 5841.45019531
46963 5839.3203125
46994 5835.55664062
47040 5831.37304688
47100 5828.7421875
47160 5825.6484375
47220 5821.046875
47280 5816.31298828
47341 5812.67236328
47401 5807.72802734
47461 5803.48583984
47521 5799.50927734
47581 5794.78076172
47641 5790.04394531
47701 5786.37646484
47761 5781.67919922
47822 5777.23193359
47882 5775.65722656
47942 5771.85400391
48002 5766.21679688
48062 5759.72363281
48122 5755.47558594
48182 5751.31201172
48243 5746.01611328
48303 5738.45410156
48363 5733.72265625
48423 5732.86523438
48483 5729.14746094
48543 5725.22949219
48603 5720.93359375
48664 5714.60693359
48724 5709.98291016
48776 5706.65917969
48828 5700.015625
48888 5699.10205078
49129 5688.55371094
49189 5684.65673828
49249 5680.19287109
49309 5674.11376953
49369 5670.58007812
49429 5664.89794922
49489 5660.22753906
49550 5656.34619141
49610 5650.89550781
49670 5647.86083984
49730 5642.48242188
49790 5639.93408203
49850 5636.20068359
49910 5630.82714844
49971 5625.21777344
50031 5622.45068359
50091 5618.44921875
50151 5613.90380859
50211 5610.10888672
50271 5605.61230469
50331 5600.42285156
50392 5596.79296875
50452 5592.02392578
50512 5585.86962891
50572 5584.06152344
50632 5579.78662109
50692 5574.18066406
50752 5572.60449219
50813 5567.04150391
50873 5562.62548828
50933 5557.46142578
50993 5554.19970703
51053 5549.77832031
51113 5546.09619141
51173 5542.94433594
51233 5538.28125
51294 5535.31738281
51354 5532.26416016
51414 5528.0078125
51474 5521.22021484
51534 5517.98291016
51589 5514.87646484
51643 5510.48632812
51681 5508.43359375
51720 5507.34912109
51780 5503.51708984
51840 5497.27490234
51900 5493.12695312
51960 5487.69384766
52021 5484.71337891
52081 5480.58496094
52141 5475.40576172
52201 5470.0234375
52261 5467.39599609
52321 5461.56982422
52381 5458.84423828
52442 5454.17773438
52502 5450.08300781
52562 5448.52685547
52622 5444.50341797
52682 5439.51464844
52742 5434.09423828
52802 5430.54345703
52862 5426.0
52923 5420.80957031
52983 5417.20068359
53043 5413.43847656
53103 5407.31640625
53163 5405.96582031
53223 5403.04785156
53283 5397.73925781
53344 5392.36083984
53404 5388.57519531
53464 5383.26220703
53524 5379.71923828
53584 5377.71240234
53644 5374.72949219
53704 5371.06933594
53764 5366.69091797
53825 5363.66015625
53885 5358.85986328
53945 5355.58398438
54005 5351.08007812
54125 5345.82958984
54185 5339.51123047
54245 5336.26464844
54306 5331.02246094
54366 5328.75830078
54426 5325.39892578
54486 5320.99121094
54546 5317.50732422
54602 5314.50976562
54647 5310.41748047
54695 5306.45117188
54739 5301.34716797
54767 5300.11279297
54798 5299.76806641
54844 5297.92626953
54904 5293.65234375
54964 5290.14697266
55025 5284.57275391
55085 5280.76123047
55145 5275.85449219
55385 5260.92138672
55445 5259.19726562
55506 5258.61816406
55626 5259.25976562
55686 5251.24072266
55746 5246.44287109
55806 5241.79150391
55866 5237.03027344
55927 5235.33691406
55987 5232.50390625
56047 5227.33642578
56107 5222.92333984
56142 5220.34960938
56174 5217.98242188
56209 5214.93945312
56246 5214.47412109
56283 5212.40136719
56311 5210.98486328
56346 5209.40966797
56383 5205.71289062
56421 5204.28222656
56459 5200.31835938
56511 5197.31201172
56546 5195.30517578
56582 5193.29931641
56642 5189.265625
56702 5186.69189453
56762 5180.75048828
56822 5176.04443359
56882 5173.04736328
56942 5170.10498047
56980 5167.38427734
57017 5164.4921875
57077 5160.45263672
57137 5156.75048828
57197 5153.99023438
57257 5149.83740234
57317 5146.63378906
57378 5144.40136719
57438 5139.84228516
57498 5137.11962891
57558 5131.37646484
57618 5127.52441406
57678 5122.74365234
57738 5117.19091797
57798 5116.89990234
57859 5113.02685547
57919 5108.95996094
57979 5105.58447266
58039 5101.171875
58099 5098.25537109
58159 5095.13085938
58219 5091.70166016
58279 5086.42138672
58340 5082.32617188
58400 5079.94335938
58460 5075.28222656
58520 5071.71533203
58580 5068.32910156
58640 5064.75927734
58701 5060.43261719
58761 5057.30322266
58821 5052.41748047
58881 5051.21875
58941 5045.66845703
59001 5040.82617188
59061 5037.88134766
59122 5035.52148438
59182 5030.52294922
59242 5028.1484375
59302 5024.68994141
