0 12846.4931641
231 12704.7333984
2460 11868.1279297
3351 11628.6689453
3380 11619.9277344
3646 11532.5234375
3681 11521.0019531
3751 11503.3759766
3815 11482.8916016
4453 11298.8818359
5101 11112.6503906
5331 11030.1523438
5366 11025.5458984
5401 11020.9228516
5488 10988.8457031
5519 10976.8193359
5550 10964.1298828
5631 10936.6513672
5656 10928.1914062
5682 10926.8369141
5693 10926.2529297
5739 10919.5019531
5779 10912.2587891
5870 10882.8046875
5931 10870.3994141
5976 10860.7119141
6067 10832.6455078
6112 10821.4296875
6218 10791.1318359
6249 10783.1982422
6295 10782.2226562
6415 10741.9423828
6711 10704.1269531
6891 10660.6191406
7132 10601.3632812
7312 10556.1621094
7432 10527.5048828
7589 10488.7558594
7626 10476.4580078
7807 10432.4443359
7867 10422.328125
7987 10393.015625
8228 10330.8164062
8468 10272.8574219
8588 10245.2851562
8709 10218.2568359
8748 10209.9306641
8788 10199.8505859
8908 10170.8515625
8953 10164.1474609
8999 10153.453125
9119 10127.6416016
9179 10116.1826172
9360 10077.4667969
9540 10038.6152344
9660 10010.4492188
9704 10003.3662109
9747 9990.95800781
9868 9966.91699219
9988 9937.77246094
10048 9927.74121094
10108 9916.765625
10228 9890.65234375
10288 9878.17773438
10377 9848.6328125
10398 9848.3828125
10440 9841.51855469
10475 9835.86914062
10508 9830.61621094
10549 9822.57714844
10582 9817.30371094
10632 9805.07128906
10692 9794.3828125
10865 9754.70117188
10925 9743.94140625
10985 9731.27539062
11045 9720.79296875
11105 9710.33105469
11226 9687.19921875
11286 9675.89941406
11406 9646.11523438
11526 9620.8203125
11586 9609.09277344
11647 9597.88183594
11707 9585.81542969
11827 9560.97949219
11887 9548.66699219
11947 9536.96582031
12007 9525.78515625
12067 9513.16894531
12128 9500.84570312
12228 9478.98046875
12269 9473.2265625
12329 9461.4453125
12389 9449.2109375
12449 9437.16015625
12510 9427.33691406
12630 9402.55957031
12750 9375.8671875
12810 9364.65039062
12930 9358.32519531
12991 9345.69238281
13109 9314.72949219
13290 9275.80371094
13350 9265.18457031
13470 9242.78613281
13590 9215.95214844
13651 9206.66308594
13711 9196.99707031
13771 9185.73339844
13831 9177.02832031
13891 9165.63867188
14072 9128.58984375
14132 9117.90332031
14192 9112.609375
14252 9101.46289062
14372 9074.0234375
14432 9068.70019531
14553 9044.46484375
14600 9039.25292969
14622 9036.80859375
14632 9035.68359375
14642 9032.49023438
14677 9022.44335938
14737 9017.63964844
14857 8997.05566406
14918 8989.61035156
14978 8978.14746094
15013 8971.4609375
15048 8964.73632812
15108 8954.71582031
15168 8945.91113281
15289 8922.72851562
15349 8910.97753906
15469 8886.13671875
15529 8873.71484375
15590 8860.92675781
15650 8850.13769531
15710 8837.95605469
15770 8828.87402344
15882 8806.22460938
15934 8793.42480469
15994 8783.69921875
16054 8773.29199219
16115 8766.03613281
16776 8569.28417969
16896 8545.95703125
17017 8528.45996094
17077 8521.85546875
17137 8513.50976562
17197 8504.24121094
17257 8497.171875
17317 8489.45117188
17377 8478.22265625
17438 8473.5546875
17498 8465.15625
17542 8453.71289062
17586 8449.98632812
17646 8437.46484375
17706 8425.40332031
17766 8421.61132812
17887 8398.07714844
17947 8393.91992188
18007 8385.36132812
18067 8382.3984375
18127 8370.09960938
18247 8348.15234375
18308 8338.11132812
18553 8403.39550781
18614 8392.76660156
18649 8386.56640625
18684 8380.36523438
18744 8374.92089844
18804 8366.18554688
18924 8343.02636719
18984 8335.70996094
19045 8327.81445312
19105 8317.77636719
19165 8309.50390625
19225 8299.5
19345 8277.2265625
19406 8271.16992188
19466 8263.80175781
19526 8254.16015625
19584 8243.26171875
19643 8235.32617188
19703 8225.66308594
19763 8216.40820312
19823 8208.74609375
19883 8196.91015625
19944 8186.01855469
20004 8179.90576172
20064 8174.40185547
20124 8163.5546875
20184 8157.32714844
20244 8150.6484375
20304 8141.84423828
20364 8133.2421875
20425 8122.65283203
20545 8101.68212891
20605 8095.08203125
20665 8087.11230469
20725 8078.39160156
20785 8069.54492188
20820 8064.38085938
20839 8061.6953125
20882 8056.69384766
20942 8047.77099609
21063 8026.10253906
21123 8016.72460938
21183 8008.71728516
21243 7997.92529297
21303 7992.68603516
21363 7983.37890625
21424 7972.9140625
21484 7966.05859375
21544 7958.6171875
21604 7951.60253906
21646 7946.45507812
21687 7939.77685547
21748 7929.98779297
21808 7921.49511719
21868 7912.99804688
21928 7905.18945312
21988 7896.65771484
22048 7889.63525391
22108 7880.72509766
22229 7860.20458984
22289 7856.27392578
22349 7845.29589844
22409 7840.02246094
22469 7828.79736328
22530 7820.39453125
22590 7810.703125
22650 7802.36083984
22710 7794.14794922
23011 7752.78320312
23071 7747.27197266
23131 7734.57763672
23191 7729.09814453
23251 7723.80664062
23311 7712.70654297
23372 7703.14648438
23432 7695.30175781
23492 7688.17236328
23532 7685.75244141
23572 7673.48242188
23615 7665.15917969
23634 7661.60351562
23644 7659.69335938
23654 7656.81103516
23664 7653.89550781
23700 7649.171875
23760 7638.79638672
23941 7616.75341797
24001 7605.0078125
24061 7594.77294922
24121 7592.0
24181 7584.37646484
24241 7579.33203125
24301 7571.12353516
24362 7560.93701172
24422 7555.97216797
24482 7547.86621094
24542 7536.84912109
24602 7525.90332031
24662 7521.24462891
24719 7513.89550781
24776 7508.40332031
24811 7505.00097656
24846 7501.60498047
24881 7498.21044922
24914 7494.99121094
24972 7486.83642578
25093 7471.07080078
25153 7464.36767578
25213 7459.35400391
25273 7450.08447266
25333 7443.15771484
25393 7433.72070312
25453 7428.07470703
25504 7421.29052734
25615 7398.17675781
25676 7396.21826172
25736 7391.26708984
25796 7386.23583984
25856 7374.38964844
25916 7364.08105469
25976 7356.60546875
26036 7354.23925781
26097 7348.67138672
26157 7338.66992188
26217 7330.95849609
26277 7322.19628906
26337 7316.17822266
26397 7307.359375
26457 7299.75830078
26517 7296.359375
26578 7293.00439453
26638 7287.45507812
26698 7280.59521484
26758 7273.81542969
26818 7262.66015625
26878 7250.79394531
26939 7245.63867188
26999 7236.81835938
27059 7229.35595703
27119 7216.99804688
27179 7214.72412109
27239 7210.53955078
27299 7201.64013672
27359 7199.64355469
27420 7188.83154297
27480 7184.87597656
27540 7174.47558594
27600 7164.88037109
27780 7145.33105469
27841 7133.17675781
27901 7129.95166016
28021 7111.48925781
28081 7107.21435547
28141 7104.78613281
28201 7094.18603516
28262 7091.64941406
28322 7082.28076172
28382 7073.94433594
28442 7067.11181641
28502 7056.47021484
28562 7049.38818359
28622 7048.23388672
28682 7038.42578125
28743 7032.1875
28803 7027.33740234
28863 7021.78662109
28983 7015.40039062
29043 7002.84960938
29103 6995.02490234
29164 6987.18554688
29224 6983.04248047
29284 6974.73388672
29344 6967.55712891
29404 6960.05957031
29464 6951.34960938
29524 6943.26123047
29585 6939.00585938
29645 6933.92333984
29721 6923.50390625
29781 6921.11523438
29901 6904.24853516
29961 6896.76025391
30022 6891.24853516
30082 6887.15966797
30142 6877.50683594
30202 6875.89550781
30262 6865.91015625
30322 6859.67773438
30382 6850.95947266
30443 6845.50097656
30503 6835.56445312
30563 6831.52734375
30623 6825.05859375
30683 6820.24365234
30743 6809.79931641
30803 6804.92675781
30863 6803.64404297
30924 6796.70117188
30984 6789.83105469
31044 6784.04589844
31104 6778.35302734
31164 6770.08300781
31224 6766.94824219
31284 6757.40966797
31345 6754.58984375
31405 6748.39208984
31465 6744.05566406
31525 6735.20410156
31585 6731.92626953
31645 6724.60205078
31705 6718.10107422
31766 6714.67675781
31826 6709.66308594
31886 6703.02148438
31946 6695.7421875
32006 6691.23144531
32066 6682.67773438
32126 6675.85693359
32186 6670.12060547
32234 6665.88232422
32281 6658.47949219
32402 6634.61035156
32462 6632.94384766
32522 6627.63769531
32582 6621.42285156
32642 6618.05761719
32702 6608.87744141
32763 6604.11816406
32883 6588.11035156
32943 6582.04541016
33003 6579.32617188
33063 6572.59326172
33123 6564.42285156
33183 6559.83056641
33274 6555.21484375
33331 6550.38183594
33452 6536.00634766
33512 6533.32080078
33572 6527.66015625
33632 6518.64453125
33933 6499.97265625
33993 6494.66259766
34053 6488.06494141
34113 6481.84472656
34173 6475.37304688
34233 6470.08154297
34294 6462.19873047
34354 6457.14111328
34414 6451.23193359
34474 6445.46923828
34534 6439.37744141
34594 6434.03320312
34654 6429.95458984
34715 6424.80224609
34762 6417.21386719
34809 6412.55517578
34845 6409.03125
34879 6405.67236328
34938 6401.90966797
34998 6395.15283203
35058 6389.22607422
35118 6384.54492188
35179 6376.43066406
35239 6369.13476562
35299 6364.31298828
35359 6357.42919922
35419 6352.93164062
35479 6349.44335938
35539 6344.9921875
35600 6335.32714844
35660 6330.32519531
35720 6326.67236328
35780 6320.69384766
35840 6313.953125
35891 6308.25634766
35918 6305.33642578
35928 6304.21728516
35963 6300.73535156
35998 6297.25390625
36033 6293.77246094
36093 6287.66357422
36153 6282.76855469
36213 6278.26025391
36274 6270.99365234
36334 6266.31494141
36394 6261.47119141
36454 6253.93017578
36514 6247.39501953
36574 6243.86279297
36634 6237.58837891
36695 6231.39794922
36755 6227.55566406
36815 6220.37792969
36875 6215.86376953
36935 6211.52490234
36995 6207.71484375
37055 6202.69384766
37116 6197.40820312
37176 6189.77294922
37236 6186.66308594
37296 6182.03076172
37356 6175.51953125
37416 6170.15820312
37476 6163.93896484
37537 6157.94775391
37597 6154.2578125
37657 6148.18652344
37717 6142.49169922
37777 6138.20556641
37837 6131.73730469
37897 6126.59228516
37957 6122.32763672
38018 6115.57617188
38078 6109.77148438
38138 6104.93652344
38198 6098.84912109
38258 6095.42919922
38318 6089.92822266
38378 6084.40722656
38439 6080.40429688
38499 6073.98535156
38559 6067.23291016
38619 6063.43847656
38679 6058.32958984
38739 6050.12353516
38799 6046.26220703
38860 6042.23291016
38920 6037.14355469
38980 6032.13183594
39040 6024.28271484
39341 6000.8203125
39401 5996.13183594
39695 5972.41601562
39749 5967.18408203
39784 5963.77294922
39819 5960.359375
39879 5952.68652344
39939 5947.96679688
39999 5943.01953125
40060 5942.30566406
40120 5935.58837891
40180 5930.29931641
40240 5924.80273438
40300 5918.70214844
40355 5914.05273438
40409 5906.74951172
40470 5901.63867188
40530 5897.11767578
40590 5894.21337891
40650 5888.43017578
40710 5883.39453125
40770 5875.63916016
40830 5869.78662109
40890 5864.80859375
40951 5860.1328125
41011 5852.28662109
41046 5847.71191406
41056 5846.33740234
41092 5844.53808594
41152 5841.67529297
41212 5833.53076172
41273 5829.82714844
41333 5827.34423828
41393 5819.62646484
41453 5815.19091797
41513 5811.22705078
41573 5801.55126953
41633 5795.91943359
41693 5795.47705078
41753 5790.40869141
41814 5786.44335938
41874 5781.75341797
41934 5773.87890625
41994 5772.51367188
42054 5769.07910156
42114 5761.14794922
42174 5758.61425781
42234 5752.99365234
42295 5745.04931641
42355 5744.26025391
42415 5736.78564453
42475 5732.17578125
42535 5729.10693359
42595 5725.35400391
42655 5718.43701172
42716 5711.00292969
42776 5709.04980469
42836 5703.91650391
42896 5698.28173828
42956 5692.94775391
43016 5687.63037109
43076 5682.38330078
43137 5676.64697266
43197 5673.95800781
43257 5670.04541016
43317 5664.66259766
43377 5661.24414062
43437 5655.76806641
43498 5650.34765625
43558 5646.00341797
43618 5638.40576172
43678 5634.62255859
43738 5630.44433594
43798 5625.03076172
43858 5620.57861328
43918 5615.62158203
43979 5609.29638672
44039 5603.32714844
44099 5598.86523438
44159 5596.34326172
44219 5590.16552734
44279 5585.65136719
44339 5581.19384766
44399 5578.95996094
44460 5573.19189453
44520 5566.59765625
44580 5560.43798828
44640 5554.83398438
44700 5551.46582031
44760 5545.23828125
44821 5539.91796875
44881 5535.31982422
44941 5532.92431641
45001 5528.85693359
45061 5524.75927734
45121 5519.45507812
45181 5514.765625
45241 5511.65771484
45302 5507.53320312
45362 5501.77685547
45422 5499.3046875
45482 5494.46484375
45542 5489.33447266
45602 5485.17675781
45662 5480.84375
45701 5478.89111328
45739 5474.95214844
45779 5471.52929688
45819 5468.42236328
45879 5462.90380859
45939 5458.93115234
46000 5455.18457031
46060 5450.34033203
46120 5446.03271484
46180 5440.77539062
46240 5435.4140625
46300 5430.7734375
46360 5428.01074219
46420 5423.79394531
46470 5420.98046875
46511 5417.95507812
46561 5413.86914062
46612 5409.69433594
46664 5405.39208984
46724 5402.28808594
46784 5396.48632812
46844 5393.37060547
47145 5372.75390625
47205 5369.17675781
47265 5363.23144531
47325 5360.26025391
47385 5354.27050781
47446 5349.12695312
47506 5346.70458984
47566 5342.31494141
47626 5336.77880859
47686 5331.89257812
47746 5327.72558594
47806 5322.66259766
47867 5317.77685547
47927 5314.12695312
47987 5309.42919922
48047 5305.28417969
48107 5300.82958984
48167 5294.40771484
48227 5292.26123047
48287 5288.55371094
48348 5283.45947266
48408 5278.74755859
48446 5275.01904297
48484 5273.11865234
48545 5268.67285156
48590 5265.99462891
48635 5262.94775391
48671 5260.58935547
48701 5258.5234375
48743 5256.63476562
48774 5251.89648438
48805 5250.43847656
48851 5246.66064453
48886 5243.75488281
48922 5240.84667969
48962 5239.18847656
48989 5238.68359375
49020 5235.63574219
49051 5232.05615234
49096 5230.33496094
49132 5229.00976562
49163 5227.84667969
49219 5221.90429688
49254 5218.17089844
49270 5216.49121094
49311 5211.87939453
49356 5210.28320312
49402 5206.13916016
49437 5202.93408203
49472 5199.73242188
49532 5195.11572266
49573 5192.19335938
49599 5190.27832031
49645 5187.07275391
49691 5181.86621094
49737 5178.03857422
49773 5175.11572266
49808 5172.18847656
49868 5168.26855469
49924 5164.98339844
49979 5160.03076172
50040 5156.44580078
50100 5152.53320312
50136 5150.25537109
50171 5147.97802734
50231 5143.74658203
50298 5139.36230469
50329 5137.3515625
50374 5134.19580078
50435 5130.14501953
50495 5125.00732422
50555 5123.76513672
50615 5121.7734375
50661 5118.69677734
50707 5111.77099609
50767 5108.80029297
50827 5102.45410156
50888 5099.90429688
50948 5094.78173828
51008 5091.59179688
51068 5087.42822266
51128 5083.55322266
51188 5079.71679688
51249 5074.87011719
51309 5070.89501953
51369 5061.54980469
51429 5060.24853516
51489 5057.39941406
51549 5051.91943359
51609 5048.82128906
51670 5046.03710938
51730 5040.70410156
51790 5034.27539062
51850 5031.82861328
51910 5027.12597656
51970 5023.45117188
52030 5020.43603516
52091 5016.80517578
52151 5011.15087891
52211 5008.03759766
52271 5004.95263672
52331 5000.68945312
52391 4993.41015625
52451 4988.41943359
52511 4983.40917969
52572 4979.87255859
52632 4976.08203125
52692 4973.98242188
52752 4969.87402344
52812 4967.49755859
52872 4963.19482422
52932 4958.07861328
52992 4954.54785156
53053 4952.91601562
53113 4944.75537109
53173 4943.56103516
53233 4942.47753906
53293 4932.34472656
53353 4931.97753906
53413 4930.98339844
53474 4927.42041016
53534 4923.14404297
53594 4919.74462891
53646 4918.81005859
53698 4915.36621094
53733 4913.06445312
53768 4910.72607422
53889 4906.81835938
53949 4901.99755859
54009 4899.47509766
54069 4894.02539062
54129 4891.72705078
54189 4888.04150391
54250 4883.91259766
54310 4877.44580078
54370 4876.84814453
54430 4874.96679688
54490 4868.76660156
54550 4867.43847656
54610 4863.89111328
54670 4859.79345703
54730 4856.41894531
54791 4852.85888672
54851 4849.54833984
54911 4845.97021484
54971 4841.92529297
55031 4836.23095703
55091 4830.71044922
55151 4830.19482422
55192 4827.92578125
55233 4825.60693359
55268 4823.59960938
55303 4821.59472656
55363 4817.86962891
55423 4812.49609375
55544 4805.86914062
55604 4803.56640625
55664 4801.03955078
55724 4798.41601562
55784 4792.71826172
55844 4789.14550781
55904 4786.49169922
55965 4783.16894531
56025 4779.56542969
56085 4777.41552734
56145 4773.10546875
56205 4769.04541016
56265 4765.1796875
56325 4761.56787109
56385 4757.79736328
56446 4753.93017578
56506 4749.22460938
56566 4746.55029297
56626 4742.30078125
56927 4725.52441406
56987 4720.58642578
57047 4718.32421875
57107 4715.66162109
57167 4711.88427734
57227 4707.48291016
57288 4703.96630859
57348 4701.82080078
57408 4697.99023438
57468 4694.50390625
57528 4689.37011719
57588 4686.32421875
57648 4682.16503906
57709 4678.43457031
57769 4676.67724609
57829 4672.22216797
57889 4669.18701172
57949 4664.27783203
58009 4661.65673828
58069 4656.00585938
58130 4653.47998047
58190 4652.2109375
58250 4648.12841797
58310 4643.27099609
58370 4639.60546875
58430 4635.56689453
58490 4632.92431641
58551 4630.14550781
58611 4626.25341797
58671 4621.90478516
58731 4618.03320312
58791 4614.43310547
58851 4610.34472656
58911 4607.80126953
58971 4604.61181641
59032 4600.38134766
59092 4596.31591797
59152 4593.20996094
59212 4586.21289062
59272 4582.73339844
59332 4579.4609375
59392 4574.2265625
59453 4567.6796875
59513 4563.65625
59573 4557.79541016
59633 4553.20458984
59693 4549.49169922
59753 4547.90429688
59813 4543.48632812
59873 4539.59228516
59933 4535.81933594
59994 4534.46289062
60054 4530.19189453
60114 4526.66357422
60174 4522.93603516
60229 4520.22607422
60259 4518.74755859
60269 4518.25390625
60279 4517.76025391
60314 4516.03320312
60374 4511.86376953
60434 4508.93310547
60495 4506.09375
60555 4502.41308594
60615 4497.125
60675 4493.27490234
60735 4488.91113281
60795 4488.171875
60855 4482.18847656
60916 4478.27783203
60976 4477.98242188
61036 4473.09667969
61096 4470.21777344
61156 4465.23095703
61216 4463.28173828
61336 4457.26416016
61397 4451.13330078
61457 4447.85009766
61517 4447.22070312
61577 4445.39257812
61637 4442.80761719
61697 4439.37402344
61757 4435.73339844
61817 4432.63525391
61937 4428.64648438
61997 4424.60302734
62057 4424.50439453
62117 4420.93994141
62177 4418.14257812
62237 4416.01757812
62298 4413.7734375
62358 4410.60449219
62418 4405.66308594
62478 4403.38818359
62538 4398.39941406
62598 4397.22607422
62658 4392.85009766
62718 4391.12451172
62779 4388.71533203
62839 4384.19433594
62899 4379.84960938
62959 4378.19042969
63019 4374.19824219
63079 4372.11962891
63139 4369.1171875
63199 4365.54052734
63260 4361.88085938
63320 4359.77880859
63380 4355.50488281
63440 4353.11572266
63500 4350.48388672
63560 4345.66162109
63620 4343.1640625
63680 4341.12548828
63741 4337.63183594
63801 4334.19970703
63861 4330.71191406
63921 4327.71289062
63981 4323.84765625
64041 4320.98583984
64083 4319.60058594
64124 4317.14941406
64184 4313.85644531
64244 4309.95800781
64304 4306.20996094
64364 4303.49169922
64424 4301.85498047
64485 4297.828125
64545 4296.078125
64605 4292.53662109
64665 4289.70703125
64725 4286.43017578
64785 4283.71435547
64845 4280.83203125
64905 4277.88916016
64966 4274.15332031
65026 4270.32275391
65086 4266.96337891
65146 4263.56884766
65206 4262.19433594
65266 4256.79882812
65326 4252.65283203
65387 4248.30615234
65447 4245.35693359
65507 4242.8828125
65567 4238.32910156
65612 4235.4296875
65656 4231.53076172
65717 4229.88574219
65777 4228.51757812
65837 4222.91162109
65897 4219.34277344
65957 4217.27441406
66017 4214.46533203
66077 4211.27099609
66138 4206.9921875
66198 4203.84082031
66258 4199.40185547
66318 4196.80761719
66378 4194.93847656
66438 4190.63037109
66498 4188.32568359
66559 4185.65966797
66619 4183.22802734
66679 4179.09472656
66739 4176.62158203
66799 4174.39404297
66859 4170.67675781
66919 4167.84375
66980 4164.75097656
67040 4162.59277344
67100 4159.59912109
67160 4157.90966797
67341 4159.11865234
67401 4148.55761719
67461 4148.01074219
67521 4144.39355469
67581 4140.67431641
