0 12727.3232422
60 12711.9228516
234 12686.8583984
355 12677.4628906
454 12652.3339844
492 12632.5166016
553 12624.5380859
613 12612.4365234
673 12584.8828125
733 12576.2226562
793 12550.3935547
853 12532.2412109
914 12513.8554688
974 12495.0234375
1034 12474.4775391
1069 12464.9560547
1104 12455.4580078
1164 12434.4902344
1224 12410.4521484
1285 12384.7373047
1345 12366.2373047
1405 12344.3310547
1465 12318.6953125
1525 12298.2578125
1585 12276.5791016
1624 12260.7324219
1662 12244.9804688
1723 12224.6220703
1783 12198.5488281
1843 12178.4443359
1903 12152.6630859
1963 12133.1074219
2023 12115.6894531
2084 12101.2021484
2144 12080.0888672
2204 12058.8681641
2264 12052.6142578
2324 12030.0185547
2384 12007.0214844
2444 11987.421875
2504 11966.0996094
2556 11950.5927734
2582 11942.6171875
2602 11941.7265625
2638 11925.8574219
2698 11905.1640625
2758 11879.9902344
2818 11860.8134766
2878 11844.8408203
2938 11814.6855469
2998 11792.2099609
3059 11788.2011719
3119 11758.1923828
3179 11729.8457031
3239 11703.6787109
3281 11683.2412109
3298 11674.9179688
3309 11669.8164062
3319 11659.5800781
3354 11647.2822266
3415 11618.8974609
3475 11602.7636719
3510 11593.3505859
3520 11590.6640625
3555 11575.9912109
3615 11548.3720703
3675 11537.4169922
3735 11498.1083984
3795 11478.5478516
3856 11462.7626953
3916 11429.5644531
3970 11420.7431641
4000 11420.2158203
4035 11402.1201172
4094 11364.2207031
4176 11354.7167969
4236 11322.2246094
4296 11291.6660156
4356 11290.8154297
4416 11249.6191406
4476 11232.5068359
4525 11212.5869141
4575 11211.5810547
4635 11190.3691406
4695 11167.5957031
4755 11152.3515625
4815 11140.9511719
4875 11103.9140625
4936 11084.9384766
4996 11064.0595703
5056 11040.9228516
5152 11036.3671875
5189 11005.7207031
5249 10984.5712891
5309 10966.3496094
5369 10944.6611328
5429 10917.9238281
5489 10889.078125
5549 10868.2939453
5610 10847.2548828
5670 10840.0576172
5730 10810.0234375
5790 10794.3505859
5850 10781.1591797
5910 10765.5966797
5970 10746.8105469
6031 10729.2363281
6079 10709.0693359
6110 10700.1582031
6126 10695.3173828
6161 10684.9394531
6221 10665.9853516
6281 10650.4023438
6341 10633.8515625
6402 10623.0175781
6462 10611.4179688
6515 10595.1230469
6569 10568.3076172
6629 10566.3408203
6690 10554.6953125
6750 10536.0546875
6810 10497.7363281
6870 10476.7226562
7231 10769.8642578
7291 10748.6103516
7351 10717.7177734
7411 10705.1572266
7471 10685.875
7531 10668.1787109
7591 10651.0625
7652 10632.1142578
7712 10620.8759766
7772 10601.0380859
7832 10586.1142578
7892 10570.3486328
7941 10556.7363281
7990 10542.2138672
8050 10529.8798828
8111 10516.0742188
8171 10500.6787109
8231 10482.2744141
8291 10475.2988281
8351 10453.9257812
8412 10443.3408203
8472 10432.2861328
8774 10402.4980469
8834 10387.3876953
8894 10371.9931641
8954 10360.7949219
9014 10346.9560547
9075 10334.1826172
9135 10320.7128906
9191 10307.125
9248 10289.8818359
9308 10276.0917969
9356 10263.2197266
9404 10259.3251953
9461 10248.3144531
9517 10239.9052734
9563 10229.4277344
9608 10217.1230469
9669 10204.7363281
9729 10191.5107422
9789 10179.4716797
9849 10166.7158203
9909 10156.6259766
9969 10141.3173828
10030 10125.9746094
10090 10111.4189453
10125 10106.3583984
10161 10094.1025391
10222 10083.1210938
10282 10073.2910156
10342 10063.3046875
10402 10048.8710938
10462 10033.8730469
10522 10027.9902344
10583 10013.7275391
10643 9999.01074219
10703 9988.0703125
10763 9977.375
10824 9965.42578125
10884 9954.64550781
10944 9944.94628906
11005 9926.71289062
11065 9915.82617188
11125 9902.07324219
11162 9894.546875
11185 9891.45605469
11231 9882.61816406
11291 9874.48242188
11351 9864.12792969
11411 9851.13476562
11471 9836.65234375
11531 9825.46679688
11591 9812.42285156
11651 9800.13964844
11712 9788.98242188
11772 9776.87304688
11832 9767.38085938
11892 9752.97851562
11952 9740.20019531
11987 9732.74609375
11997 9730.61523438
12007 9728.83984375
12042 9722.93066406
12079 9716.06347656
12091 9713.87792969
12101 9711.98339844
12136 9705.03027344
12196 9694.0859375
12256 9680.36230469
12316 9669.98632812
12376 9659.08300781
12436 9646.73632812
12497 9637.17871094
12557 9624.87207031
12617 9610.74316406
12677 9599.8515625
12737 9587.08007812
12797 9575.30566406
12855 9565.08496094
12887 9559.32714844
12906 9555.92871094
12925 9552.83105469
12960 9545.81054688
12996 9539.01074219
13032 9532.81933594
13092 9519.89257812
13127 9512.36328125
13163 9504.80078125
13223 9494.44726562
13283 9483.82324219
13343 9468.7265625
13403 9458.296875
13463 9449.22851562
13524 9439.19921875
13584 9428.56054688
13644 9414.90234375
13704 9402.79589844
13739 9395.73339844
13774 9388.67480469
13834 9382.14746094
13894 9372.01855469
13954 9359.02929688
14015 9348.7109375
14075 9338.375
14135 9327.05957031
14195 9319.05078125
14255 9310.43457031
14315 9297.8515625
14375 9287.75878906
14435 9273.24121094
14496 9265.67773438
14556 9257.46289062
14616 9244.79003906
14661 9237.87207031
14707 9229.5546875
14742 9223.13671875
14777 9216.71972656
14837 9206.18359375
14897 9195.75585938
14957 9185.64355469
15017 9178.38183594
15061 9172.59277344
15105 9164.42773438
15140 9157.86132812
15156 9154.90722656
15182 9147.93652344
15214 9144.75488281
15245 9137.3984375
15277 9128.75097656
15323 9123.57226562
15383 9110.80859375
15443 9097.9765625
15503 9088.82617188
15563 9079.05957031
15617 9069.8515625
15672 9063.78222656
15732 9050.41699219
15775 9045.94628906
15819 9039.04003906
15879 9029.40234375
15940 9017.84179688
16000 9008.37988281
16292 8965.04101562
16329 8960.74511719
16357 8957.07910156
16381 8952.2890625
16397 8948.96484375
16407 8946.92089844
16425 8943.95996094
16467 8937.24316406
16528 8924.23535156
16588 8917.16113281
16648 8904.94726562
16690 8899.34765625
16710 8897.84082031
16729 8888.18164062
16771 8880.55175781
16831 8873.63769531
16891 8864.38769531
16951 8856.54980469
17012 8844.41113281
17055 8839.76855469
17099 8833.12011719
17159 8820.72851562
17194 8813.51074219
17229 8806.27050781
17289 8799.64648438
17336 8792.61621094
17357 8789.38183594
17367 8787.84765625
17402 8781.17773438
17462 8775.04296875
17522 8763.54980469
17583 8751.70019531
17643 8748.59375
17703 8736.69238281
17763 8726.08007812
17823 8719.05078125
17883 8707.13378906
17943 8695.89160156
18004 8689.5078125
18064 8680.25585938
18124 8671.09863281
18184 8661.24609375
18244 8650.72558594
18304 8643.99316406
18364 8632.8984375
18423 8622.51464844
18481 8615.30957031
18541 8607.13867188
18602 8596.18359375
18662 8586.953125
18722 8576.98925781
18783 8569.01269531
18843 8562.63085938
18903 8551.66210938
18964 8540.38183594
19024 8532.14941406
19084 8522.70507812
19144 8516.38574219
19205 8504.1796875
19265 8494.19335938
19325 8486.5625
19385 8476.33984375
19445 8468.21582031
19505 8453.39746094
19565 8443.18164062
19626 8431.234375
19686 8422.85058594
19746 8411.39746094
19800 8407.22558594
19854 8395.37402344
19915 8383.94238281
19975 8375.52929688
20035 8366.95019531
20095 8357.1640625
20155 8348.79589844
20456 8320.35546875
20516 8314.32519531
20576 8304.23535156
20636 8290.80273438
20696 8283.28515625
20757 8278.65039062
20817 8271.78222656
20877 8260.68261719
20937 8251.92382812
20997 8241.78222656
21057 8236.30371094
21117 8227.62402344
21153 8222.55957031
21164 8220.96875
21175 8219.27636719
21210 8211.19921875
21270 8205.81738281
21330 8197.96679688
21390 8190.23535156
21450 8176.89550781
21510 8174.17138672
21570 8164.31689453
21631 8154.81201172
21691 8148.38037109
21751 8139.22460938
21794 8133.24658203
21811 8130.77441406
21822 8129.33789062
21832 8126.99853516
21867 8125.61035156
21927 8117.77294922
21987 8107.35839844
22047 8097.27636719
22107 8091.68066406
22167 8081.16552734
22228 8073.96923828
22288 8068.23730469
22348 8056.67871094
22408 8047.94921875
22468 8040.28955078
22528 8030.03125
22589 8025.99023438
22649 8017.78759766
22709 8010.39160156
22769 8001.97460938
22829 7993.28857422
22889 7982.28808594
22949 7975.75634766
23009 7966.01220703
23069 7960.18603516
23130 7949.85839844
23190 7942.07421875
23250 7938.12597656
23310 7927.81933594
23370 7918.84716797
23430 7913.79785156
23491 7908.05566406
23551 7897.60009766
23611 7887.41210938
23671 7878.09570312
23719 7873.82080078
23744 7871.40869141
23756 7870.23144531
23791 7866.80664062
23851 7856.41796875
23911 7849.13330078
23971 7841.60009766
24031 7835.10791016
24091 7826.85986328
24152 7817.67431641
24212 7809.02685547
24272 7798.85107422
24332 7792.13085938
24392 7784.26513672
24452 7779.00341797
24513 7770.01855469
24573 7762.86767578
24633 7755.57080078
24693 7742.59619141
24753 7738.10302734
24813 7732.64599609
24873 7723.42773438
24911 7718.23193359
24945 7710.63232422
24985 7705.21386719
25197 7686.03466797
25257 7680.421875
25318 7671.30615234
25378 7665.12695312
25438 7659.20361328
25497 7654.06982422
25557 7645.41796875
25617 7637.55078125
25677 7629.61767578
25737 7622.89111328
25798 7617.28417969
25858 7608.01074219
25918 7599.66992188
25978 7594.54199219
26038 7585.15869141
26098 7581.17919922
26158 7573.33496094
26218 7566.67578125
26279 7560.08886719
26459 7421.19287109
26519 7413.88476562
26579 7405.77392578
26639 7399.34179688
26700 7391.70556641
26760 7382.99169922
26820 7377.25585938
26880 7368.76318359
26940 7356.39404297
27000 7348.63623047
27060 7340.23339844
27095 7335.33056641
27131 7330.40527344
27191 7321.79638672
27251 7313.98535156
27311 7308.40380859
27371 7303.03808594
27431 7294.45214844
27492 7287.65380859
27552 7279.75488281
27612 7274.32080078
27672 7265.54492188
27732 7262.20117188
27778 7256.87304688
27798 7254.47216797
27834 7250.37744141
27894 7246.62207031
27954 7236.24658203
28014 7225.82568359
28074 7220.52246094
28134 7217.56884766
28194 7209.62060547
28255 7203.80419922
28315 7195.52734375
28375 7185.69140625
28410 7179.95458984
28445 7174.21777344
28505 7171.96679688
28565 7163.26660156
28626 7160.54003906
28686 7153.71630859
28746 7143.69921875
28866 7133.10009766
28926 7127.35791016
28986 7120.56054688
29047 7116.68994141
29107 7109.82763672
29167 7103.97509766
29227 7096.51123047
29287 7085.82373047
29347 7082.60205078
29407 7076.00048828
29467 7070.01220703
29528 7065.72460938
29588 7059.50244141
29648 7055.03027344
29708 7049.65625
29768 7043.97021484
29828 7036.37890625
29888 7029.00634766
29923 7024.703125
29934 7023.45556641
29969 7023.19726562
30013 7017.76660156
30032 7015.42675781
30042 7014.16552734
30052 7012.91064453
30087 7008.56787109
30147 7003.15771484
30207 6994.83789062
30267 6993.61279297
30328 6985.7265625
30388 6978.31542969
30448 6970.81982422
30508 6968.5625
30568 6963.06689453
30628 6955.65527344
30663 6951.33056641
30698 6947.00292969
30759 6943.07519531
30856 6931.45996094
30893 6926.90478516
30953 6918.27783203
31013 6912.23974609
31073 6906.79199219
31133 6901.45214844
31193 6892.17041016
31254 6889.35449219
31314 6880.58496094
31374 6875.57373047
31434 6871.71386719
31494 6864.24804688
31554 6859.71582031
31615 6853.01025391
31675 6847.05664062
31735 6844.26708984
31795 6833.55859375
31855 6832.10449219
31915 6825.63183594
31975 6820.35107422
32035 6815.61181641
32096 6809.84082031
32156 6799.39208984
32216 6793.02441406
32276 6791.11962891
32336 6785.09228516
32396 6778.65625
32456 6771.09863281
32517 6766.59960938
32577 6760.32519531
32637 6752.04052734
32697 6743.63574219
32757 6740.546875
32817 6734.27978516
32877 6728.4296875
32937 6723.6640625
32998 6717.60351562
33058 6711.96582031
33118 6706.60205078
33178 6700.52148438
33238 6695.37939453
33298 6689.86816406
33358 6687.90820312
33419 6680.98583984
33479 6673.11425781
33539 6667.59326172
33599 6664.00439453
33659 6657.10302734
33719 6649.96582031
33779 6645.77099609
33840 6640.50195312
33900 6634.64697266
33960 6632.93408203
34020 6625.65722656
34080 6621.40771484
34140 6615.7578125
34201 6609.70849609
34261 6603.66894531
34321 6601.11181641
34381 6595.18212891
34441 6589.95751953
34501 6581.87255859
34561 6574.94921875
34622 6571.75830078
34682 6567.9453125
34742 6535.87695312
34922 6463.93359375
34982 6460.35986328
35043 6456.28320312
35103 6450.40185547
35163 6446.72558594
35223 6443.42431641
35275 6436.22509766
35328 6430.62792969
35388 6426.02587891
35448 6420.66357422
35508 6414.86376953
35568 6409.58642578
35628 6405.01660156
35689 6397.96191406
35749 6393.37402344
35809 6387.97509766
35869 6376.375
35929 6366.16162109
35989 6359.77294922
36049 6352.50878906
36109 6346.71875
36170 6338.01904297
36230 6329.29248047
36470 6332.47119141
36530 6328.42138672
36590 6323.72851562
36651 6317.45849609
36711 6311.48388672
36771 6304.38037109
36831 6299.81738281
36891 6294.84277344
36951 6290.86816406
37011 6287.03369141
37072 6282.17236328
37132 6275.13720703
37192 6268.17919922
37252 6263.61669922
37312 6260.44238281
37372 6255.55273438
37432 6250.62402344
37493 6246.04980469
37553 6241.50488281
37613 6233.59375
37673 6228.79052734
37733 6225.8359375
37793 6219.88867188
37853 6214.54589844
37913 6208.79736328
37974 6203.94287109
38034 6199.42089844
38094 6193.44189453
38154 6187.44433594
38214 6184.03076172
38274 6178.60400391
38334 6173.60449219
38395 6168.44238281
38455 6165.08007812
38515 6158.57714844
38575 6150.56787109
38635 6147.26074219
38692 6141.94384766
38724 6138.95849609
38734 6138.01416016
38744 6137.07861328
38779 6133.80126953
38839 6128.77880859
38900 6125.95654297
38960 6121.76757812
39020 6113.19140625
39080 6108.80175781
39140 6102.72558594
39200 6099.01660156
39260 6094.25195312
39320 6087.84326172
39381 6087.44628906
39441 6080.57080078
39476 6076.55761719
39507 6072.97998047
39563 6067.46191406
39624 6063.05419922
39684 6057.84423828
39744 6052.04931641
39804 6048.75439453
39864 6044.49707031
39924 6041.02587891
39984 6034.98779297
40045 6029.24365234
40105 6024.75146484
40140 6022.13183594
40150 6021.35693359
40186 6020.35009766
40246 6017.10400391
40306 6010.63378906
40366 6007.98974609
40426 6001.03125
40486 5994.83105469
40546 5992.1796875
40607 5984.85449219
40667 5979.83496094
40727 5975.91796875
40787 5969.75439453
40847 5966.3125
40907 5960.96875
40967 5956.20410156
41027 5952.63037109
41087 5942.21533203
41140 5936.88134766
41193 5934.16894531
41253 5932.51708984
41313 5925.65087891
41374 5921.55273438
41434 5919.12158203
41494 5912.93017578
41539 5908.38183594
41584 5903.76416016
41645 5899.55810547
41698 5895.02587891
41746 5892.47705078
41801 5889.28271484
41861 5880.57568359
41921 5873.59814453
41982 5867.23730469
42042 5862.21923828
42102 5857.27148438
42162 5853.16113281
42222 5847.80615234
42282 5843.82275391
42342 5836.92578125
42402 5831.22314453
42463 5826.31445312
42523 5822.75927734
42583 5817.38232422
42643 5813.22167969
42703 5808.02685547
42763 5803.14648438
42823 5799.52832031
42884 5794.06005859
42944 5787.25927734
43004 5783.03710938
43064 5778.69140625
43124 5771.23242188
43184 5766.92431641
43245 5763.59375
43305 5757.6015625
43365 5751.33496094
43425 5746.14892578
43485 5742.62207031
43545 5739.53271484
43605 5738.78222656
43666 5730.80224609
43966 5734.09082031
44026 5728.94677734
44086 5725.12451172
44147 5722.97070312
44192 5719.74609375
44220 5717.25341797
44237 5715.72607422
44251 5714.42480469
44291 5710.43945312
44351 5703.11181641
44411 5698.16210938
44471 5692.93408203
44531 5690.33935547
44591 5685.96484375
44651 5680.10253906
44712 5674.31103516
44772 5670.75439453
44832 5666.33056641
44892 5662.86621094
44952 5658.78955078
45012 5655.12158203
45072 5648.86572266
45133 5642.32910156
45193 5640.05078125
45253 5639.90283203
45313 5635.9453125
45373 5631.60839844
45433 5625.98486328
45493 5619.76123047
45554 5617.66162109
45614 5614.04785156
45674 5609.56054688
45734 5607.31201172
45794 5602.26123047
45855 5600.03320312
45915 5597.30761719
45975 5592.22070312
46035 5587.08789062
46096 5581.32519531
46147 5578.80566406
46173 5577.52880859
46183 5577.03466797
46193 5576.54199219
46209 5575.76660156
46249 5573.61035156
46310 5568.37646484
46370 5564.52978516
46430 5559.65673828
46490 5554.98730469
46550 5551.06591797
46610 5548.20361328
46670 5542.24658203
46731 5537.40625
46791 5534.37646484
46851 5530.18798828
46911 5528.14648438
46971 5522.22070312
47031 5518.65478516
47091 5513.1796875
47151 5508.79345703
47212 5505.08007812
47272 5500.93896484
47332 5495.60791016
47392 5489.22802734
47452 5483.58642578
47512 5479.62548828
47572 5475.02929688
47633 5470.42285156
47693 5467.45996094
47753 5463.24707031
47813 5460.49707031
47873 5453.17822266
47933 5448.66210938
47993 5443.19824219
48054 5440.703125
48114 5436.96240234
48174 5431.92578125
48234 5427.08203125
48288 5424.30664062
48317 5422.81396484
48327 5422.29345703
48337 5421.77783203
48347 5421.26220703
48382 5417.66064453
48443 5413.88623047
48503 5411.86865234
48563 5407.90380859
48623 5403.30615234
48683 5400.35058594
48743 5395.57470703
48803 5391.72119141
48863 5387.27246094
48924 5384.13085938
48984 5380.20800781
49044 5375.58984375
49104 5372.45068359
49164 5368.82421875
49224 5366.61865234
49284 5361.98974609
49345 5358.82373047
49405 5354.16894531
49465 5350.89990234
49525 5347.33935547
49585 5343.30810547
49645 5339.75
49705 5334.90429688
49765 5331.43164062
49825 5326.88623047
49886 5323.37451172
49946 5319.66650391
50006 5315.23291016
50066 5310.73291016
50126 5308.82617188
50186 5304.90917969
50247 5300.18408203
50307 5295.17138672
50367 5292.04785156
50427 5289.34912109
50487 5285.0703125
50547 5281.37402344
50607 5277.54296875
50668 5274.39501953
50728 5269.85791016
50788 5264.71240234
50848 5261.12841797
50908 5257.00683594
50968 5252.44482422
51018 5250.61621094
51062 5245.53173828
51117 5243.828125
51177 5239.14453125
51219 5237.70947266
51261 5234.87402344
51321 5231.14111328
51382 5225.64648438
51442 5222.14892578
51502 5217.21386719
51562 5212.14404297
51622 5209.21972656
51682 5205.34033203
51742 5201.17285156
51803 5196.77587891
51863 5192.16455078
51923 5190.41943359
51983 5186.63232422
52043 5183.09082031
52103 5178.40039062
52163 5174.05371094
52223 5169.37060547
52284 5167.0078125
52344 5162.37255859
52404 5159.19921875
52464 5154.76123047
52524 5151.87988281
52584 5146.984375
52644 5144.36328125
52705 5141.28173828
52765 5135.76464844
52825 5132.81884766
52885 5131.48583984
52945 5126.04394531
53005 5122.92871094
53051 5120.70361328
53098 5116.03320312
53146 5112.36523438
53195 5108.54492188
53255 5103.06054688
53315 5098.94042969
53375 5095.51074219
53435 5091.59619141
53555 5092.36279297
53616 5092.29443359
53676 5082.82666016
53736 5077.265625
53796 5076.87548828
53856 5073.1484375
53916 5068.26757812
53976 5063.16503906
54036 5060.859375
54097 5057.1484375
54157 5053.12548828
54217 5048.79150391
54277 5046.72460938
54337 5041.97851562
54397 5037.57470703
54457 5033.26171875
54518 5029.32666016
54578 5025.66210938
54638 5021.38671875
54698 5017.8828125
54758 5016.54248047
54818 5011.5859375
54878 5006.64160156
54939 5002.79541016
54999 4996.625
55059 4992.86962891
55119 4986.61914062
55179 4981.56103516
55239 4978.48974609
55299 4975.63330078
55360 4971.51220703
55420 4966.8671875
55480 4964.49707031
55540 4960.12304688
55600 4955.92675781
55660 4952.51464844
55704 4942.35546875
55744 4898.22412109
55777 4863.02539062
55800 4866.14013672
55838 4864.87207031
55899 4862.17871094
55959 4859.06445312
56019 4852.26757812
56079 4848.99560547
56139 4846.52294922
56242 4841.29736328
56284 4837.87011719
56344 4836.33837891
56404 4829.30224609
56465 4828.05859375
56525 4824.86474609
56585 4821.63964844
56885 4818.69580078
56946 4816.81835938
57006 4813.28808594
57052 4811.85351562
57085 4808.42431641
57131 4807.21777344
57192 4803.56933594
57252 4799.52197266
57312 4796.29638672
57372 4792.00878906
57432 4788.47216797
57492 4785.28808594
57552 4783.43115234
57612 4779.73730469
57673 4776.70214844
57733 4772.03027344
57793 4767.32958984
57853 4766.41748047
57913 4763.34912109
57973 4760.99560547
58033 4757.18115234
58073 4753.99511719
58113 4751.67041016
58151 4750.03710938
58189 4749.13671875
58249 4744.97607422
58310 4741.05224609
58370 4737.59033203
58430 4733.53466797
58490 4732.25976562
58550 4729.20507812
58610 4723.93798828
58670 4719.19677734
58730 4715.609375
58791 4712.68212891
58851 4709.40576172
58911 4706.07373047
58971 4703.1171875
59031 4700.14746094
59091 4695.61181641
59151 4692.59326172
59212 4689.05859375
59272 4684.39746094
59332 4681.85693359
59392 4679.07128906
59452 4677.09082031
59512 4673.52392578
59573 4670.49169922
59633 4666.39111328
59693 4663.40283203
59753 4660.93701172
59813 4657.72314453
59873 4655.60791016
