0 13444.1181641
972 12923.9394531
1874 12531.6875
5531 11462.1123047
11562 10061.7011719
12650 9845.47558594
12660 9843.49609375
12695 9839.59570312
13798 9621.02148438
13808 9619.52246094
13822 9618.2578125
16915 9059.23046875
17456 8964.23925781
18450 8795.78613281
18840 8738.6875
19080 8697.29882812
19561 8618.52832031
20885 8410.50585938
21281 8355.98242188
21316 8352.2734375
21368 8344.41308594
21378 8342.88476562
21413 8341.60058594
21900 8290.97460938
22325 8231.38183594
22337 8227.33398438
22349 8223.32519531
22361 8222.87207031
22373 8221.09082031
22384 8220.67089844
22396 8219.67871094
22408 8216.8203125
22420 8215.54980469
22432 8213.12988281
22443 8212.47949219
22455 8211.69042969
22467 8209.51171875
22479 8206.06640625
22490 8203.26464844
22514 8201.14746094
22550 8197.73535156
23268 8081.94433594
23278 8080.53613281
23288 8079.20898438
23323 8078.16113281
23759 8016.47802734
23806 8015.04541016
24132 7994.63378906
24605 7926.16601562
