0 13417.4072266
844 12956.4853516
1284 12755.6660156
1507 12673.7753906
1550 12668.8320312
2194 12680.3291016
2374 12616.2558594
2650 12507.3447266
2660 12503.4980469
2696 12497.3535156
2756 12479.9248047
2866 12441.9003906
2973 12398.3027344
3214 12314.6464844
3334 12272.9882812
3369 12262.6396484
3404 12252.2871094
3747 12127.9853516
3760 12120.8164062
3856 12091.1298828
4397 11994.8115234
4637 11919.3203125
4758 11886.3515625
4818 11870.8203125
4913 11840.6669922
4928 11835.8427734
4969 11824.328125
5029 11811.8759766
5149 11774.9003906
5209 11757.7148438
5329 11725.1875
5389 11708.0800781
5450 11692.7958984
5485 11683.8828125
5520 11674.9746094
5580 11659.3417969
5640 11643.3867188
5700 11626.6494141
5760 11615.2275391
5820 11597.6757812
5941 11561.4580078
6001 11547.4160156
6121 11514.3935547
6181 11499.0537109
6422 11421.3144531
6482 11409.0908203
6519 11395.4501953
6556 11387.7275391
6616 11373.0107422
6676 11357.9785156
6791 11325.515625
6846 11318.9287109
6892 11311.4746094
6923 11305.1357422
7029 11271.9560547
7134 11244.0351562
7180 11236.7734375
7354 11188.5673828
7414 11171.5263672
7474 11155.5185547
7535 11145.3525391
7595 11136.6591797
7775 11080.7138672
7818 11071.4345703
7837 11067.5195312
7847 11065.3769531
7882 11054.3476562
8002 11023.5429688
8062 11007.7207031
8122 10991.1933594
8183 10978.8964844
8604 10905.6113281
8664 10890.0527344
8724 10880.8037109
8784 10865.3085938
8819 10856.2597656
8854 10847.1572266
8915 10832.2753906
8975 10819.8242188
9035 10804.4824219
9095 10788.546875
9155 10779.9404297
9216 10762.6015625
9276 10746.5439453
9336 10734.5195312
9396 10718.6591797
9456 10702.625
9516 10693.8320312
9576 10678.7568359
9636 10666.6503906
9697 10654.6376953
9757 10639.9824219
9877 10605.7314453
9933 10589.3935547
9989 10580.5742188
10049 10575.1845703
10109 10562.2080078
10229 10527.9130859
10290 10517.2734375
10350 10501.8017578
10410 10484.8730469
10446 10477.5751953
10467 10474.2304688
10499 10460.9902344
10530 10458.6289062
10561 10455.0107422
10607 10438.6152344
10642 10425.9902344
10658 10420.3496094
10684 10419.7617188
10730 10417.8554688
10790 10401.4667969
10850 10387.0566406
10911 10382.1972656
10971 10372.4707031
11091 10344.1191406
11151 10333.0917969
11211 10321.6875
11267 10307.1523438
11322 10289.7666016
11382 10278.125
11442 10266.6689453
11503 10256.6191406
11563 10246.7958984
11623 10233.0537109
11683 10220.5546875
11743 10202.7685547
11802 10198.0136719
11860 10185.5
11920 10175.2509766
11974 10169.3564453
12028 10152.3310547
12088 10140.7265625
12148 10132.8486328
12208 10119.4667969
12269 10106.3681641
12329 10090.3486328
12389 10082.8798828
12449 10070.9335938
12509 10056.4667969
12569 10044.1484375
12689 10020.4716797
12750 10013.5205078
12810 10001.1855469
12870 9987.16796875
12930 9980.43457031
12990 9964.31347656
13050 9953.1328125
13110 9942.61425781
13171 9926.07617188
13231 9917.95214844
13291 9904.38964844
13351 9892.07617188
13471 9866.65136719
13531 9856.62695312
13591 9838.82519531
13652 9832.0234375
13712 9817.93164062
13772 9804.70019531
13832 9797.87597656
13945 9766.203125
13997 9757.41796875
14058 9749.37792969
14118 9739.89550781
14178 9732.05078125
14238 9719.24511719
14298 9704.40917969
14333 9695.72363281
14351 9691.45898438
14378 9689.95996094
14424 9681.33496094
14484 9670.45996094
14545 9658.30078125
14605 9649.7265625
14665 9640.49609375
14725 9626.85253906
14785 9616.64941406
14845 9602.08203125
14905 9588.28027344
15008 9558.27636719
15025 9554.11621094
15035 9551.71875
15081 9546.8359375
15201 9520.6328125
15261 9504.86132812
15321 9493.94628906
15381 9480.37597656
15442 9477.96972656
15488 9467.78613281
15535 9456.19433594
15596 9454.86816406
15656 9438.30957031
15716 9432.99609375
15776 9417.56933594
15836 9407.99316406
15883 9403.10351562
15930 9395.64941406
15990 9385.42871094
16050 9371.64453125
16110 9370.390625
16170 9357.24414062
16272 9330.82617188
16307 9328.10546875
16342 9325.3828125
16388 9307.77539062
16434 9301.66308594
16494 9296.82714844
16675 9264.875
16795 9233.01269531
16836 9232.79003906
16876 9227.171875
17270 9202.61132812
17330 9191.12304688
17391 9183.43457031
17451 9173.59667969
17511 9167.296875
17571 9156.03808594
17631 9145.69042969
17691 9138.98144531
17751 9129.53027344
17812 9117.5390625
17872 9103.52441406
17932 9095.56738281
17992 9087.46875
18052 9076.79492188
18112 9068.43457031
18172 9059.31933594
18233 9048.48632812
18293 9039.33886719
18353 9029.90039062
18413 9017.24414062
18473 9010.83300781
18533 9002.09375
18593 8991.00292969
18653 8978.93457031
18714 8970.671875
18774 8957.609375
18834 8950.515625
18894 8941.88574219
18954 8933.29199219
18989 8928.27832031
19000 8926.796875
19035 8920.88378906
19095 8907.43261719
19155 8897.69335938
19215 8891.67773438
19276 8886.64160156
19336 8872.91503906
19396 8864.44433594
19440 8858.67382812
19483 8852.46972656
19543 8842.375
19604 8830.5390625
19664 8825.13476562
19724 8816.20703125
19784 8807.52929688
19844 8797.19726562
19904 8786.95703125
19964 8778.09570312
20025 8769.53125
20085 8760.62011719
20145 8753.69433594
20205 8742.61816406
20265 8732.03222656
20325 8721.10253906
20361 8714.38476562
20396 8709.53125
20442 8701.15820312
20489 8690.29003906
20550 8684.91699219
20587 8683.02832031
20625 8671.15917969
20685 8660.95214844
20745 8655.578125
20783 8650.70605469
20821 8645.11328125
20881 8634.85546875
20941 8623.9609375
21001 8615.25683594
21062 8606.05859375
21122 8594.11425781
21182 8588.91796875
21242 8582.15039062
21302 8572.34179688
21362 8565.47753906
21422 8553.125
21483 8545.65527344
21543 8538.8046875
21603 8528.83300781
21663 8520.84570312
21723 8514.50292969
21767 8508.10644531
21797 8504.36230469
21843 8499.10546875
21903 8488.8984375
21964 8481.09375
22024 8473.51269531
22084 8464.24023438
22125 8458.25488281
22142 8455.85742188
22191 8453.25683594
22236 8444.32714844
22272 8440.67773438
22282 8439.62402344
22295 8438.25683594
22333 8430.52734375
22383 8423.67578125
22433 8413.95996094
22493 8406.79101562
22554 8400.29003906
22591 8396.83203125
22629 8389.66503906
22689 8380.92773438
22749 8373.10449219
22809 8365.66113281
22869 8355.73730469
22929 8350.26269531
22975 8342.23339844
23006 8337.88183594
23037 8332.51074219
23076 8327.67285156
23121 8322.30664062
23172 8314.88769531
23231 8309.28320312
23291 8301.02734375
23351 8293.78125
23411 8280.85742188
23458 8273.88183594
23490 8271.37402344
23511 8269.79199219
23536 8267.84667969
23585 8257.83398438
23645 8248.83691406
23706 8242.26660156
23766 8234.125
23826 8224.16113281
23886 8218.37792969
23946 8207.39746094
24006 8198.84765625
24066 8190.5078125
24102 8185.57666016
24138 8180.62792969
24198 8172.06054688
24258 8163.22998047
24318 8156.73193359
24379 8148.40771484
24414 8143.55517578
24449 8138.70214844
24509 8127.28613281
24570 8118.15966797
24630 8104.26025391
24690 8097.63476562
24745 8092.25341797
24801 8081.04980469
24836 8073.94433594
24872 8066.82861328
24927 8058.41943359
24983 8050.00537109
25043 8041.36523438
25104 8034.18457031
25139 8030.00976562
25149 8028.8046875
25159 8027.59960938
25169 8026.40917969
25205 8020.32470703
25265 8010.30908203
25325 7997.1796875
25385 7992.62353516
25445 7989.10742188
25505 7981.32470703
25566 7972.47167969
25626 7962.96875
25927 7952.35693359
25987 7943.69775391
26047 7936.37939453
26108 7932.45898438
26168 7922.53271484
26228 7916.13085938
26263 7912.40429688
26278 7910.81396484
26318 7906.25537109
26358 7901.80029297
26383 7896.08300781
26414 7892.32421875
26459 7889.71240234
26520 7879.48828125
26580 7870.24951172
26625 7869.09375
26671 7857.02685547
26731 7850.48486328
26772 7847.46337891
26812 7845.32128906
26872 7840.15332031
26933 7830.79931641
26993 7823.04785156
27053 7814.05029297
27113 7808.34667969
27173 7797.76123047
27233 7791.40869141
27288 7785.34814453
27337 7783.52978516
27378 7779.37109375
27409 7775.81494141
27440 7769.07226562
27486 7760.59082031
27546 7753.92138672
27606 7744.35888672
27666 7739.36669922
27727 7733.87255859
27787 7726.96337891
27847 7719.38671875
27908 7711.24560547
27968 7702.71972656
28028 7698.12207031
28089 7689.0625
28149 7681.08642578
28209 7674.85107422
28269 7667.60644531
28329 7660.83251953
28389 7654.62744141
28449 7647.20947266
28509 7640.21533203
28554 7630.31298828
28599 7628.73583984
28660 7621.85449219
28720 7614.61230469
28780 7605.19726562
28840 7596.796875
28875 7591.90527344
28891 7589.70996094
28932 7586.62597656
28982 7581.66357422
29031 7575.65136719
29091 7568.91601562
29151 7562.64941406
29211 7555.52636719
29272 7549.14550781
29332 7542.16308594
29392 7532.24707031
29452 7526.66894531
29512 7519.59765625
29572 7513.41699219
29632 7504.29833984
29693 7501.4296875
29753 7492.60205078
29813 7486.30566406
29873 7481.11279297
29933 7469.38330078
29993 7464.4921875
30053 7458.52197266
30114 7451.04980469
30174 7444.14697266
30234 7436.18505859
30294 7431.94287109
30354 7422.27685547
30405 7422.17089844
30456 7411.13916016
30516 7405.91210938
30577 7399.52734375
30637 7390.59033203
30697 7385.58789062
30757 7378.109375
30817 7368.08642578
30877 7364.44824219
30937 7357.98046875
30998 7348.70507812
31058 7343.41650391
31113 7333.81298828
31169 7329.44824219
31230 7326.88769531
31290 7314.76855469
31350 7311.87695312
31410 7305.78369141
31470 7295.06933594
31530 7289.01464844
31590 7283.74462891
31651 7277.54394531
31711 7267.95556641
31771 7263.14208984
31831 7254.92822266
31891 7252.14892578
31951 7240.40332031
32011 7235.82421875
32072 7227.60791016
32132 7221.36523438
32192 7215.86230469
32252 7202.45947266
32293 7200.35253906
32335 7195.52197266
32395 7189.56298828
32455 7183.79589844
32515 7175.76269531
32575 7168.15380859
32635 7162.38183594
32695 7157.54052734
32756 7151.94677734
32816 7143.32861328
32936 7144.43408203
32996 7138.52734375
33056 7132.95019531
33091 7129.6953125
33127 7126.44287109
33187 7119.90527344
33247 7111.55761719
33307 7108.75439453
33367 7105.33496094
33427 7099.40917969
33477 7091.37646484
33526 7085.51416016
33565 7079.6015625
33604 7077.44628906
33664 7070.3671875
33699 7066.23144531
33734 7062.09765625
33770 7058.29541016
33806 7056.01708984
33846 7051.66357422
33886 7048.7421875
33922 7045.04736328
33959 7039.92871094
34284 7008.75537109
34341 7004.8515625
34397 6999.73632812
34434 6993.75976562
34471 6987.05175781
34507 6985.70849609
34542 6983.00390625
34603 6977.19433594
34663 6969.43017578
34723 6964.75292969
34783 6959.92724609
34843 6955.28955078
34903 6949.77001953
34963 6943.43603516
35102 6788.328125
35337 6673.13769531
35395 6667.5625
35456 6662.63574219
35516 6654.61279297
35576 6650.17578125
35636 6644.57080078
35696 6638.44921875
35756 6632.70458984
35817 6624.51074219
35877 6623.14013672
35937 6617.07470703
35997 6611.02734375
36057 6608.60888672
36117 6602.47460938
36177 6598.74072266
36238 6592.78759766
36298 6587.06689453
36337 6581.671875
36351 6579.73339844
36361 6578.33984375
36371 6576.95263672
36406 6572.09716797
36466 6566.35742188
36526 6564.40820312
36586 6556.53125
36647 6554.18798828
36707 6550.32324219
36767 6543.80078125
36827 6538.89794922
36887 6532.00390625
36947 6526.31298828
37007 6522.91259766
37068 6515.17480469
37128 6511.32910156
37188 6508.0
37248 6504.81933594
37308 6501.78369141
37368 6491.95410156
37428 6488.74902344
37489 6480.98632812
37549 6478.68994141
37609 6474.05957031
37669 6466.80371094
37729 6464.70898438
37789 6458.09228516
37849 6452.10986328
37901 6447.01367188
37954 6443.27197266
37989 6440.75439453
38024 6438.234375
38084 6432.58691406
38144 6427.22412109
38204 6419.95410156
38264 6414.35205078
38324 6411.25488281
38384 6406.32324219
38444 6399.94873047
38492 6397.1953125
38540 6393.56982422
38575 6390.89160156
38591 6389.68359375
38617 6384.17236328
38648 6381.27246094
38669 6379.33056641
38704 6376.04443359
38764 6369.09326172
38825 6364.59960938
38885 6360.02539062
38945 6353.19287109
38980 6349.20458984
39006 6346.22607422
39057 6341.74072266
39117 6337.13623047
39178 6334.54296875
39218 6333.44580078
39259 6326.61035156
39294 6320.71826172
39305 6318.93212891
39316 6317.90966797
39368 6315.79833984
39410 6311.29345703
39446 6307.55615234
39479 6303.97167969
39538 6302.28662109
39719 6297.32763672
39764 6290.26904297
39809 6289.70507812
39845 6289.26757812
39880 6288.83105469
39936 6283.76708984
39991 6281.62304688
40052 6274.38720703
40112 6269.42382812
40172 6265.43554688
40232 6260.44970703
40292 6255.26074219
40337 6251.08642578
40368 6250.62890625
40414 6246.93945312
40449 6244.09960938
40465 6242.83300781
40505 6238.42822266
40566 6234.05859375
40601 6231.51318359
40617 6230.375
40643 6228.45361328
40689 6222.58740234
40734 6221.83398438
40765 6219.62158203
40811 6214.44384766
40871 6210.93847656
40931 6206.265625
40992 6197.2578125
41052 6194.22509766
41097 6189.12744141
41142 6185.91015625
41178 6183.40380859
41213 6180.89306641
41273 6177.48095703
41333 6172.99853516
41394 6169.95263672
41454 6165.62744141
41514 6158.54345703
41574 6155.55517578
41634 6153.33007812
41694 6146.85791016
41754 6143.07666016
41815 6140.5625
41875 6132.21630859
41935 6127.47509766
41995 6122.73632812
42055 6118.75927734
42115 6111.90917969
42236 6105.81054688
42296 6100.96044922
42356 6095.64306641
42416 6088.36132812
42476 6082.48583984
42536 6080.62988281
42596 6076.12304688
42656 6068.47460938
42717 6066.92333984
42777 6060.09130859
42837 6053.51611328
42897 6049.36328125
42957 6045.71972656
43017 6038.86035156
43078 6034.45898438
43138 6026.31054688
43198 6022.51464844
43258 6019.94580078
43318 6012.78271484
43378 6009.50439453
43438 6002.82324219
43498 5997.41650391
43559 5990.92529297
43619 5988.49267578
43679 5980.54199219
43739 5975.43359375
43799 5971.39697266
43859 5967.17626953
43919 5962.25732422
43979 5957.53320312
44040 5954.60351562
44100 5951.15136719
44160 5945.78955078
44220 5940.04003906
44280 5934.44628906
44340 5932.19628906
44400 5924.89208984
44460 5920.98632812
44521 5915.31494141
44581 5912.5234375
44701 5910.53369141
44761 5902.87548828
44821 5900.21777344
45132 5899.88671875
45193 5897.91113281
45253 5891.69140625
45313 5888.28125
45373 5881.49511719
45433 5876.69873047
45493 5875.51416016
45553 5870.39160156
45613 5865.37695312
45674 5861.11279297
45734 5854.74902344
45794 5850.59375
45854 5847.33056641
45914 5842.24560547
45974 5836.67285156
46034 5833.88232422
46095 5829.58740234
46155 5824.64892578
46215 5820.95410156
46275 5815.60546875
46335 5812.01318359
46395 5808.56542969
46455 5804.75
46515 5800.66552734
46575 5795.04052734
46636 5792.46777344
46696 5786.51708984
46756 5784.41748047
46816 5781.6953125
46876 5777.37158203
46936 5772.1171875
46996 5767.06787109
47057 5762.71435547
47117 5760.56347656
47177 5756.28027344
47237 5753.30371094
47297 5745.4296875
47357 5741.67089844
47392 5739.47802734
47427 5737.28369141
47488 5733.18261719
47548 5731.68603516
47608 5727.38330078
47668 5724.03125
47728 5718.18066406
47788 5713.14013672
47848 5708.17822266
47908 5705.14257812
47969 5700.66064453
48029 5697.47412109
48089 5693.70361328
48149 5689.51464844
48209 5684.78808594
48269 5680.95703125
48329 5676.13476562
48389 5669.65722656
48450 5667.65234375
48510 5662.40527344
48570 5658.03027344
48630 5654.50244141
48690 5650.68212891
48750 5647.56347656
48810 5643.47705078
48870 5639.83740234
48931 5633.78271484
48991 5630.07226562
49051 5627.57177734
49111 5622.76708984
49171 5618.10498047
49231 5614.08398438
49292 5611.40429688
49352 5602.86767578
49405 5601.84472656
49458 5600.29003906
49518 5593.0234375
49579 5586.87402344
49639 5584.13085938
49699 5583.24414062
49759 5578.63525391
49819 5571.81298828
49879 5569.72802734
49939 5565.82763672
49999 5564.66162109
50060 5558.85791016
50120 5554.72314453
50180 5551.21972656
50240 5548.12255859
50300 5543.06445312
50360 5539.93066406
50420 5537.12109375
50480 5533.46533203
50541 5527.93261719
50601 5523.26708984
50661 5517.73681641
50721 5515.38232422
50781 5511.29492188
50841 5506.87060547
50898 5504.78320312
50956 5501.39111328
51016 5494.59570312
51061 5493.25097656
51107 5491.63232422
51167 5488.87646484
51227 5482.55371094
51287 5478.48144531
51348 5476.515625
51408 5472.64941406
51468 5465.62841797
51528 5462.5
51563 5460.67871094
51599 5458.84814453
51639 5455.94042969
51666 5454.66699219
51711 5451.734375
51747 5449.48242188
51762 5448.46972656
51789 5446.33056641
51820 5444.47949219
51866 5441.58154297
51921 5436.48193359
51976 5433.77490234
52011 5432.04638672
52046 5430.31445312
52106 5426.64990234
52166 5423.77490234
52227 5417.37646484
52287 5414.68554688
52347 5412.05078125
52407 5407.05419922
52467 5404.58154297
52527 5399.81982422
52587 5396.09960938
52648 5393.04199219
52708 5389.18359375
52768 5385.97460938
52828 5379.83789062
52888 5378.68945312
53129 5363.93408203
53189 5359.81787109
53249 5354.8359375
53309 5349.96582031
53369 5348.71972656
53429 5343.12304688
53475 5341.62597656
53521 5337.28857422
53581 5332.98535156
53641 5329.39306641
53701 5325.16748047
53762 5321.47460938
53822 5314.93652344
53882 5309.97314453
53941 5304.04589844
54000 5299.89794922
54036 5297.36035156
54072 5294.82128906
54132 5292.94580078
54192 5289.22265625
54252 5283.76367188
54312 5280.02001953
54372 5277.30615234
54432 5271.16943359
54493 5268.59228516
54553 5264.67529297
54613 5260.9609375
54673 5258.35742188
54733 5252.85986328
54793 5249.03564453
54853 5246.14599609
54913 5242.95019531
55034 5241.43603516
55094 5236.18994141
55154 5234.17871094
55214 5232.19091797
55274 5227.578125
55334 5218.85302734
55394 5216.67431641
55454 5213.70019531
55515 5207.20458984
55575 5203.86279297
55635 5203.02246094
55695 5201.01660156
55755 5195.60595703
55815 5192.89746094
55875 5189.828125
55935 5184.51708984
55996 5182.33056641
56056 5179.12304688
56116 5175.0703125
56176 5169.65820312
56236 5162.91943359
56356 5160.75439453
56417 5158.92333984
56477 5153.53466797
56537 5148.96240234
56597 5146.47998047
56657 5140.98339844
56717 5139.31640625
56777 5134.47900391
56898 5125.88720703
56958 5122.13476562
57018 5119.16650391
57078 5116.37011719
57138 5112.90722656
57198 5109.26611328
57259 5108.86669922
57319 5101.80908203
57379 5098.46826172
57439 5093.44335938
57499 5091.54638672
57559 5085.71875
57619 5082.23828125
57680 5080.58886719
57740 5077.50048828
57800 5073.79638672
57860 5071.22753906
57920 5067.20507812
57980 5064.32421875
58015 5062.63720703
58041 5062.23730469
58082 5058.64160156
58184 5054.80908203
58244 5052.44042969
58304 5047.77490234
58364 5044.01074219
58424 5039.77392578
58484 5038.60595703
58545 5036.18652344
58605 5032.70361328
58665 5028.14550781
58725 5025.02783203
58785 5021.33789062
58845 5018.88183594
58905 5016.81054688
58965 5013.83398438
59026 5009.01318359
59086 5006.48779297
59146 5002.01953125
59206 4999.45849609
59266 4996.19189453
59326 4993.3671875
59386 4989.70605469
59447 4984.19091797
59507 4982.01660156
59567 4978.50146484
59627 4976.14306641
59687 4972.73583984
59747 4968.78125
59807 4963.22998047
59868 4960.71875
59928 4956.11816406
59988 4953.67871094
60048 4950.48144531
60108 4946.26953125
60168 4944.33886719
60228 4941.22314453
60288 4936.51757812
60349 4934.94091797
60409 4931.28564453
60469 4929.50292969
60529 4925.67236328
60589 4922.64404297
60649 4919.72119141
60709 4916.16455078
60770 4911.88720703
60830 4905.91552734
60890 4904.44140625
60950 4901.21875
61010 4897.78564453
61070 4896.17578125
61130 4892.6328125
61191 4887.99169922
61251 4884.99365234
61491 4870.48681641
61551 4868.72851562
61611 4866.6171875
61672 4861.87548828
61732 4857.15576172
61792 4855.50634766
61852 4852.40527344
61912 4848.47558594
61972 4845.78271484
62032 4840.63623047
62070 4838.35693359
62108 4836.73974609
62168 4833.14160156
62228 4830.95361328
62288 4828.36865234
62348 4824.13574219
62408 4820.65527344
62469 4816.59619141
62529 4813.62402344
62589 4811.63183594
62639 4805.96728516
62690 4804.65722656
62750 4801.30664062
62810 4797.99121094
62870 4795.04248047
62930 4791.484375
62990 4788.50341797
63051 4785.06591797
63111 4782.29980469
63171 4777.73583984
63231 4773.79052734
63270 4770.96289062
63308 4769.53125
63368 4766.97949219
63428 4763.17871094
63488 4756.54785156
63549 4755.52539062
63609 4751.06396484
63729 4748.53027344
63789 4742.75390625
63849 4738.03417969
63909 4733.86572266
63969 4730.85693359
64030 4728.53027344
64090 4724.18798828
64150 4720.53710938
64210 4717.33984375
64270 4715.4609375
64330 4712.75732422
64391 4707.78564453
64451 4703.53125
64511 4699.79833984
64571 4697.78808594
64631 4694.13085938
64751 4687.57226562
64811 4685.04931641
64871 4680.97558594
64932 4676.17236328
64992 4675.86035156
65052 4671.28173828
65112 4666.41308594
65172 4663.90039062
65232 4657.44238281
65293 4652.70654297
65653 4493.73779297
65713 4491.63330078
65834 4486.56445312
65894 4478.26269531
66014 4474.44091797
66074 4471.00341797
66134 4465.78417969
66195 4465.25976562
66315 4459.86425781
66375 4455.36621094
66495 4451.84179688
66555 4446.55078125
66616 4443.50195312
66676 4443.48681641
66736 4435.6328125
66796 4434.18310547
66856 4431.43652344
66976 4428.3203125
67036 4420.36962891
67097 4419.01855469
67217 4417.98144531
67277 4412.56103516
67337 4409.95068359
67397 4406.97412109
67457 4403.64990234
67578 4404.65917969
67638 4400.97363281
67698 4397.60449219
67818 4395.75439453
67878 4392.71337891
67939 4391.6640625
67999 4388.68408203
68059 4384.7734375
68119 4381.43603516
68179 4376.55615234
68300 4375.94921875
68360 4373.23730469
68395 4371.65576172
68405 4371.18798828
68441 4370.27099609
68501 4364.515625
68561 4359.77294922
68621 4359.50146484
68681 4357.08007812
68741 4351.4921875
68833 4351.68164062
68893 4348.97119141
68954 4343.28125
69014 4342.17382812
69074 4341.44824219
69134 4337.98193359
69194 4333.83642578
69254 4332.08496094
69314 4329.24462891
69375 4325.97802734
69435 4323.36376953
69495 4321.53857422
69555 4318.00292969
69654 4314.46728516
69693 4311.1328125
69753 4307.93310547
69813 4304.96582031
69873 4304.11914062
69934 4301.28125
69994 4299.15625
70054 4286.15625
70174 4286.5859375
70294 4287.39208984
70354 4285.31982422
70415 4281.15771484
70475 4277.48486328
70535 4274.43994141
70595 4273.71240234
70655 4267.67285156
70956 4282.984375
71016 4279.88818359
71076 4278.42675781
71136 4274.73876953
71196 4272.56103516
71257 4268.73779297
71317 4266.61083984
71377 4263.82470703
71437 4262.26513672
71497 4259.8828125
71557 4255.52148438
71617 4254.01074219
71677 4251.64453125
71738 4247.59765625
71798 4246.61572266
71858 4243.75097656
71918 4241.00048828
71978 4238.29248047
72099 4234.86376953
72160 4230.78369141
72220 4227.78466797
72280 4224.41162109
72341 4222.38623047
72376 4221.20507812
72411 4220.02685547
72471 4216.97509766
72531 4214.95849609
72591 4211.39013672
72652 4209.04492188
72712 4207.89013672
72772 4205.44091797
72832 4202.71826172
72892 4199.61474609
72952 4198.04785156
73012 4195.96484375
73073 4193.98046875
73133 4191.48779297
73193 4187.38916016
73253 4186.20800781
73313 4182.36523438
73373 4179.49951172
73433 4177.74511719
73493 4175.85546875
73554 4173.13183594
73614 4170.95849609
73674 4168.75683594
73734 4166.21386719
73794 4161.9765625
73854 4159.11328125
73914 4158.59423828
73975 4157.29931641
74035 4154.43554688
74095 4149.86376953
74155 4148.24023438
74215 4145.32568359
74275 4142.30908203
74335 4140.67285156
74396 4138.06787109
74456 4136.52832031
74516 4133.50097656
74576 4131.21826172
74636 4127.27246094
74696 4124.77441406
74756 4123.3046875
74816 4120.96044922
74876 4117.84472656
74937 4116.03076172
74997 4113.8125
75057 4111.72460938
75117 4109.97314453
75178 4105.515625
75238 4102.31152344
75299 4100.96728516
75359 4099.59521484
75419 4095.82177734
75479 4094.26123047
75540 4091.16699219
75600 4089.41015625
75661 4087.29980469
75721 4084.81933594
75781 4082.515625
75842 4079.09301758
75902 4077.87573242
75962 4076.41674805
76023 4073.42358398
76083 4070.88696289
76144 4068.02050781
76204 4065.75341797
76264 4062.14453125
76325 4061.76416016
76385 4058.09301758
76506 4054.86767578
76566 4052.29296875
76627 4050.32495117
76687 4047.0378418
76747 4044.1328125
76808 4041.93383789
76868 4039.97021484
76928 4038.07543945
76989 4036.04589844
77049 4034.03540039
77109 4029.81274414
77169 4027.72070312
77230 4025.13964844
77290 4022.37133789
77351 4020.53833008
77411 4018.54980469
77472 4015.41381836
77533 4013.28271484
77593 4011.83447266
77653 4009.05712891
77713 4007.17626953
77773 4003.11962891
77833 4000.60717773
77893 3997.76245117
77954 3996.20581055
78003 3995.43212891
78052 3993.27807617
78112 3989.89355469
78353 3980.74291992
78413 3979.31420898
78473 3975.69897461
78533 3974.92578125
78594 3971.90405273
78654 3969.83886719
78714 3968.2980957
78774 3965.40063477
78834 3963.11328125
78894 3961.69091797
78954 3958.36206055
79015 3956.69213867
79075 3954.8112793
79135 3950.91113281
79195 3948.31860352
79255 3945.40063477
79315 3943.32885742
79375 3941.8034668
79436 3939.37255859
79496 3937.01367188
79556 3936.24072266
79616 3933.40698242
79676 3928.70019531
79736 3926.32983398
79796 3925.29589844
79857 3922.13818359
79917 3919.95214844
79977 3917.16650391
80037 3914.23071289
80097 3911.20507812
80157 3910.05639648
80217 3907.43725586
80278 3905.62988281
80338 3903.68432617
80398 3902.57421875
80458 3899.21875
80518 3896.66455078
80578 3893.67944336
80638 3891.58129883
80699 3888.79150391
80759 3886.67626953
80819 3884.12524414
80879 3883.75927734
80939 3879.64404297
81096 3836.61816406
81134 3836.14208984
81434 3771.43530273
81494 3768.27001953
81554 3766.31933594
81614 3763.52612305
81675 3762.3034668
81735 3760.84936523
81795 3758.80908203
81855 3755.60473633
81915 3753.34228516
81957 3751.39746094
81998 3750.64331055
82059 3748.79150391
82119 3746.59741211
82179 3743.08007812
82240 3742.81835938
82300 3738.43969727
82360 3737.11352539
82420 3736.05712891
82481 3733.90356445
82541 3733.28491211
82601 3730.32617188
82842 3722.46508789
82902 3719.29736328
82962 3717.96240234
83083 3717.45800781
83143 3716.11865234
83203 3710.23779297
83263 3707.99316406
83323 3706.35693359
83383 3703.50952148
83443 3701.79589844
83504 3699.06787109
83564 3696.13061523
83624 3693.80517578
83684 3690.94702148
83744 3688.18530273
83790 3687.54150391
83814 3687.43188477
83826 3687.37329102
83861 3687.20898438
83921 3684.82543945
83982 3680.92749023
84042 3677.82421875
84102 3675.81665039
84162 3672.91650391
84222 3670.75244141
