0 12874.5214844
40 12856.984375
80 12838.4599609
140 12817.2138672
200 12789.8710938
260 12763.3232422
320 12729.828125
381 12706.1777344
441 12681.7490234
484 12664.2207031
502 12656.8193359
537 12642.4736328
597 12611.0927734
657 12581.6689453
717 12557.5458984
778 12538.8457031
838 12501.9628906
1169 12426.4355469
1229 12407.7792969
1289 12405.5244141
1349 12394.8808594
1409 12390.8544922
1469 12353.6005859
1530 12331.46875
1590 12311.7021484
1650 12287.0791016
1710 12269.9804688
1770 12244.4833984
1830 12218.984375
1890 12205.6474609
1950 12182.2382812
2010 12158.3935547
2071 12145.2734375
2131 12119.9316406
2228 12099.5820312
2265 12078.6416016
2325 12054.7207031
2375 12037.6220703
2425 12024.5556641
2485 12005.5029297
2545 11987.4824219
2585 11978.3144531
2602 11973.453125
2639 11962.9189453
2699 11935.3818359
2743 11918.2431641
2786 11909.7421875
2821 11906.3095703
2856 11894.8867188
2916 11873.3056641
2976 11856.765625
3037 11820.6142578
3097 11766.875
3157 11757.2216797
3217 11732.4882812
3255 11714.6953125
3276 11708.1533203
3294 11706.5771484
3329 11686.8007812
3389 11661.7060547
3449 11646.15625
3486 11630.3535156
3524 11618.2695312
3584 11607.8076172
3619 11601.703125
3654 11595.5957031
3715 11561.4394531
3775 11543.5146484
3835 11526.4970703
3895 11510.1601562
3955 11497.9541016
4015 11471.2841797
4075 11461.8681641
4136 11441.1630859
4196 11418.3300781
4256 11399.6484375
4316 11384.0341797
4376 11359.4912109
4419 11344.2646484
4461 11338.1152344
4521 11331.7236328
4581 11307.1826172
4637 11287.0390625
4671 11277.9892578
4709 11264.2861328
4753 11247.5205078
4798 11217.7138672
4833 11194.2871094
4878 11218.3720703
4939 11203.4921875
4999 11186.0908203
5305 11226.1699219
5365 11209.5361328
5425 11188.9072266
5485 11177.6347656
5545 11164.0664062
5605 11147.0556641
5665 11126.4638672
5726 11108.5839844
5786 11090.9365234
5846 11077.890625
5906 11057.0302734
5966 11040.2412109
6026 11028.6845703
6086 11017.2509766
6146 10991.7470703
6190 10983.5869141
6234 10975.4912109
6272 10970.1787109
6310 10957.4169922
6370 10938.8691406
6425 10925.0292969
6479 10907.4902344
6540 10899.0048828
6600 10881.2587891
6660 10867.8710938
6720 10853.9111328
6780 10838.0273438
6840 10824.8925781
6901 10813.3164062
6961 10795.9355469
7021 10778.4277344
7081 10765.0917969
7141 10750.2363281
7201 10732.4160156
7261 10717.7021484
7321 10704.8808594
7382 10690.8125
7442 10675.5615234
7502 10662.1220703
7562 10644.2617188
7622 10639.0654297
7682 10622.7236328
7742 10611.3017578
7795 10590.7802734
7848 10581.0625
7908 10566.0966797
7968 10557.4443359
8028 10542.125
8088 10529.2304688
8148 10514.9003906
8208 10504.8847656
8268 10485.3066406
8329 10472.4130859
8389 10461.8994141
8449 10454.1025391
8509 10436.5664062
8563 10429.1083984
8616 10416.3603516
8677 10402.5693359
8737 10390.7773438
8797 10375.3535156
8857 10358.7021484
8917 10351.4550781
8977 10337.0683594
9037 10322.2314453
9087 10314.4492188
9113 10310.5517578
9123 10308.9892578
9158 10297.1845703
9218 10282.7158203
9278 10274.0820312
9338 10260.8320312
9398 10245.6708984
9458 10233.5664062
9518 10216.1660156
9579 10205.3369141
9639 10189.8125
9699 10183.1162109
9759 10171.0722656
9819 10154.0117188
9876 10140.0253906
9892 10136.5839844
9927 10127.4199219
9987 10114.0878906
10048 10101.4677734
10108 10091.78125
10168 10080.8232422
10228 10065.7382812
10288 10053.1621094
10348 10038.7373047
10408 10030.3251953
10468 10017.5185547
10529 10003.7695312
10589 9992.11816406
10626 9985.87597656
10664 9973.81738281
10724 9962.6796875
10784 9947.43554688
10844 9945.22460938
10905 9929.56738281
10965 9916.62207031
11010 9905.00097656
11055 9896.05371094
11115 9883.79980469
11175 9873.54199219
11235 9865.06738281
11295 9851.62988281
11356 9838.92578125
11614 9785.109375
11674 9773.25292969
11734 9760.60449219
11794 9747.80664062
11854 9737.74316406
11914 9727.27636719
11974 9711.73144531
12035 9698.328125
12095 9686.45117188
12142 9681.22363281
12167 9678.1796875
12205 9664.22949219
12265 9654.60839844
12325 9643.14550781
12385 9632.8828125
12446 9623.10742188
12506 9610.81347656
12566 9597.14648438
12626 9587.20117188
12683 9573.46875
12717 9562.18457031
12754 9555.21875
12814 9548.85253906
12874 9537.06640625
12934 9524.43847656
12994 9516.2421875
13054 9499.59472656
13115 9486.125
13175 9475.74902344
13235 9460.78417969
13295 9444.33007812
13355 9438.08300781
13415 9429.87988281
13475 9420.1171875
13535 9411.5703125
13596 9398.18847656
13646 9387.70117188
13697 9376.84179688
13758 9366.26171875
13818 9351.85058594
13878 9337.36328125
13938 9324.62402344
13998 9318.67578125
14058 9301.46582031
14118 9283.09570312
14179 9281.97070312
14239 9272.23828125
14299 9265.34863281
14359 9250.30859375
14419 9240.31347656
14473 9235.13183594
14504 9229.59082031
14516 9227.33203125
14551 9221.04492188
14611 9203.84082031
14672 9190.15527344
14732 9182.27636719
14792 9176.47558594
14852 9164.73632812
14907 9163.74902344
14963 9152.51660156
15023 9144.87890625
15083 9136.24414062
15144 9132.27832031
15264 9103.43945312
15324 9098.08789062
15384 9089.87792969
15444 9074.39648438
15488 9066.45996094
15531 9059.68261719
15652 9049.10449219
15712 9033.53613281
15832 9017.04785156
15940 9001.21972656
15965 8996.73144531
15977 8994.56738281
16012 8988.15039062
16072 8976.0703125
16132 8967.0390625
16192 8957.40234375
16252 8944.71484375
16312 8940.52148438
16373 8930.828125
16433 8915.45703125
16493 8911.68359375
16553 8897.53027344
16613 8883.17675781
16654 8881.28417969
16686 8877.91503906
16714 8869.40625
16751 8866.31347656
16811 8853.97460938
16913 8843.21289062
16955 8829.9609375
17015 8821.35839844
17075 8807.40527344
17135 8800.22558594
17195 8788.83691406
17256 8780.95898438
17316 8769.48046875
17376 8759.13378906
17436 8750.99511719
17471 8746.25
17481 8744.89257812
17516 8739.39550781
17576 8730.08496094
17636 8721.75097656
17696 8714.546875
17757 8703.2890625
17817 8692.28613281
17877 8684.52832031
17937 8671.51074219
17997 8664.91699219
18057 8654.77832031
18117 8649.69238281
18178 8644.02148438
18238 8627.68554688
18298 8617.96972656
18358 8601.73632812
18418 8599.25390625
18474 8587.76074219
18508 8586.18945312
18545 8576.63378906
18605 8573.94628906
18665 8562.83496094
18726 8556.51464844
18786 8545.52441406
18846 8536.34179688
18906 8525.21679688
18966 8516.45996094
19026 8506.97265625
19086 8498.85839844
19147 8489.81445312
19207 8482.36816406
19267 8475.46777344
19327 8467.15527344
19387 8453.8984375
19447 8441.56152344
19507 8433.59277344
19567 8425.125
19619 8416.20019531
19645 8411.65136719
19655 8409.89746094
19690 8403.2421875
19750 8395.93847656
19810 8391.38574219
19870 8381.26855469
19930 8372.75195312
19990 8365.04003906
20036 8357.7890625
20057 8354.48242188
20079 8353.14160156
20100 8348.31445312
20146 8336.05078125
20206 8328.53710938
20267 8318.82714844
20327 8310.56933594
20387 8298.27246094
20438 8291.11425781
20484 8285.05761719
20539 8280.21386719
20599 8269.21386719
20659 8266.4921875
20720 8254.30078125
20780 8244.73828125
20840 8239.57421875
20900 8230.49023438
20960 8220.42480469
21020 8210.8046875
21080 8204.58789062
21141 8193.72753906
21196 8193.86230469
21234 8184.72265625
