0 12690.3574219
162 12617.1152344
504 12472.6835938
605 12426.9980469
786 12342.75
1086 12224.2636719
1507 12035.7138672
1567 12020.3789062
1805 11909.7509766
1865 11900.8613281
2105 11797.5126953
2286 11745.8896484
2633 11578.8769531
2681 11563.3945312
2861 11493.09375
2981 11430.2802734
3008 11422.0498047
3047 11414.3691406
3227 11343.1591797
3287 11328.9267578
3528 11251.7490234
3648 11219.9902344
3828 11157.8994141
4490 11286.2607422
4550 11273.6494141
4610 11258.7714844
4670 11243.5517578
4851 11187.6103516
4971 11155.40625
5031 11140.1357422
5152 11106.3017578
5212 11092.2226562
5392 11044.3867188
5513 11012.8613281
5573 11000.2363281
5693 10971.5195312
5827 10902.9023438
5887 10890.4609375
6128 10825.9794922
6188 10812.0888672
6223 10803.9853516
6258 10795.890625
6559 10703.0136719
6679 10689.6181641
6800 10653.8320312
6858 10639.9794922
6914 10630.4375
6973 10621.0527344
7154 10566.9833984
7274 10542.2919922
7334 10529.8613281
7395 10514.7246094
7455 10506.7402344
7568 10484.8203125
7621 10476.7861328
7672 10472.9160156
7722 10461.5742188
7782 10448.2490234
7842 10436.3466797
7962 10411.7841797
8023 10403.5361328
8083 10389.4443359
8122 10377.8134766
8162 10367.7119141
8283 10344.3691406
8343 10330.5537109
8403 10321.6689453
8523 10289.765625
8584 10283.3691406
8644 10280.2773438
8704 10270.5683594
8764 10261.2666016
8844 10234.1494141
9120 10202.9521484
9180 10187.4628906
9240 10174.1699219
9300 10160.8828125
9360 10150.0566406
9420 10137.0761719
9481 10124.0029297
9541 10113.4023438
9601 10098.7558594
9661 10087.6064453
9721 10074.0878906
9781 10060.1835938
9841 10048.3730469
9902 10033.6425781
9962 10027.6210938
10022 10012.7509766
10082 9997.63574219
10142 9986.50976562
10202 9971.65039062
10262 9959.73925781
10323 9948.15039062
10383 9939.24511719
10503 9910.75292969
10563 9901.01757812
10623 9890.66210938
10681 9875.41308594
10739 9867.96191406
10799 9856.77148438
10919 9826.90527344
10966 9822.3125
11002 9815.60449219
11111 9795.47851562
11171 9783.56152344
11231 9770.47851562
11291 9758.53808594
11351 9747.33105469
11411 9734.28417969
11472 9720.41992188
11532 9709.86621094
11592 9701.30371094
11652 9688.515625
11712 9677.859375
11772 9667.88671875
11810 9657.01464844
11828 9656.79785156
11848 9653.046875
11864 9648.63964844
11900 9644.88085938
11961 9634.07324219
12021 9620.52441406
12201 9585.89355469
12261 9575.80566406
12322 9563.27832031
12382 9549.91308594
12442 9542.04785156
12562 9517.71972656
12610 9506.8125
12633 9501.57226562
12645 9499.00195312
12681 9488.42675781
12741 9485.0859375
12802 9472.65917969
12862 9461.59667969
12922 9453.16894531
12982 9438.75488281
13042 9430.28417969
13102 9416.42382812
13162 9403.22265625
13222 9396.30175781
13283 9389.36132812
13343 9377.61230469
13403 9370.58300781
13463 9357.48925781
13523 9342.52441406
13583 9332.86132812
13643 9320.92089844
13704 9312.57128906
13758 9300.19335938
13813 9288.5546875
13859 9282.31054688
13890 9278.59082031
13914 9274.54882812
13935 9270.13964844
13969 9263.12597656
14020 9253.65039062
14080 9248.77050781
14140 9237.82128906
14200 9225.78808594
14260 9213.98730469
14321 9206.78417969
14381 9192.95410156
14442 9181.22167969
14502 9171.56152344
14563 9162.64941406
14683 9136.03515625
14743 9124.82617188
14793 9117.71289062
14843 9106.0546875
14903 9097.109375
14964 9083.81640625
15024 9074.62988281
15084 9064.73144531
15144 9053.46386719
15204 9044.53710938
15264 9030.9453125
15565 9004.75
15625 8992.97851562
15685 8985.96582031
15745 8973.93554688
15806 8962.89453125
15866 8953.45214844
15926 8946.7109375
15986 8935.24707031
16046 8925.80566406
16106 8916.58984375
16166 8905.77539062
16227 8896.08691406
16287 8886.23046875
16341 8873.93457031
16394 8867.59179688
16437 8862.77832031
16482 8856.63183594
16542 8846.79882812
16602 8838.00390625
16662 8827.57617188
16722 8815.18847656
16783 8808.79394531
16843 8795.00976562
16903 8785.8125
16963 8778.46972656
17023 8769.62207031
17083 8759.88867188
17143 8752.92285156
17204 8742.75878906
17264 8728.34570312
17324 8719.29003906
17384 8713.38964844
17444 8702.26953125
17504 8692.48046875
17564 8683.25390625
17685 8657.97265625
17745 8650.19433594
17805 8637.75390625
17865 8626.1015625
17925 8618.31835938
17985 8609.8125
18045 8602.41894531
18105 8592.76953125
18166 8579.37890625
18226 8573.1796875
18286 8569.07128906
18346 8561.25292969
18406 8549.69824219
18466 8540.67382812
18526 8533.95800781
18586 8525.08496094
18647 8516.84863281
18707 8510.25195312
18767 8502.68164062
18827 8494.03320312
18887 8484.14648438
18947 8476.57421875
19007 8464.22558594
19067 8456.5625
19127 8450.16894531
19188 8442.20410156
19248 8432.30371094
19308 8422.73144531
19368 8416.66796875
19428 8407.86621094
19483 8400.77050781
19534 8392.23144531
19591 8384.53808594
19652 8380.25
19688 8373.89550781
19725 8369.36621094
19777 8358.99804688
19829 8352.421875
19890 8346.70019531
19950 8337.01855469
19989 8331.4921875
20012 8328.18554688
20031 8325.39257812
20275 8293.16894531
20314 8287.671875
20353 8280.38574219
20413 8274.30761719
20473 8264.90234375
20533 8255.71972656
20594 8247.73730469
20654 8242.98828125
20714 8235.40820312
20756 8226.03515625
20797 8218.38769531
20855 8207.67285156
20913 8203.13476562
20973 8194.5703125
21034 8188.46923828
21094 8180.57861328
21154 8172.53320312
21214 8161.66552734
21274 8151.95849609
21334 8146.66601562
21394 8137.10644531
21454 8129.00683594
21514 8119.48291016
21575 8108.87255859
21635 8099.91015625
21695 8094.79248047
21755 8086.14404297
21815 8077.45947266
21875 8071.21435547
21935 8062.77294922
21995 8057.48242188
22056 8048.16894531
22116 8042.09716797
22176 8033.42333984
22236 8025.64208984
22296 8013.19580078
22356 8006.16601562
22416 8001.04101562
22476 7993.91210938
22537 7985.48388672
22597 7977.40087891
22657 7970.10595703
22717 7962.31835938
22760 7956.78515625
22803 7951.54638672
22838 7947.25830078
22873 7942.96679688
22933 7933.57470703
22993 7924.51416016
23053 7917.90966797
23113 7914.99414062
23174 7906.64599609
23234 7899.48681641
23294 7890.89794922
23354 7882.89794922
23414 7874.84716797
23474 7865.18847656
23534 7856.58496094
23888 7812.95849609
23948 7805.82373047
24009 7798.81152344
24044 7794.71972656
24079 7790.62744141
24139 7779.37988281
24199 7772.34960938
24259 7766.06982422
24319 7760.56884766
24379 7754.890625
24440 7744.35791016
24500 7735.19140625
24560 7726.73583984
24620 7723.71972656
24680 7714.87988281
24740 7708.3515625
24800 7699.86328125
24861 7692.19775391
24921 7686.375
24981 7682.94677734
25041 7672.07177734
25101 7664.28710938
25161 7658.33886719
25222 7649.87939453
25282 7643.25146484
25342 7637.46923828
25402 7628.71826172
25462 7621.90283203
25522 7614.15527344
25582 7605.47070312
25642 7599.16357422
25703 7592.30419922
25763 7586.92236328
25823 7578.64794922
25883 7570.98242188
25943 7560.70556641
26003 7555.73779297
26064 7547.80175781
26122 7541.01269531
26159 7537.31884766
26181 7535.04443359
26226 7530.33203125
26287 7523.64697266
26347 7518.10546875
26384 7510.15185547
26417 7506.91357422
26472 7506.14160156
26532 7498.51708984
26592 7492.52050781
26652 7480.82470703
26713 7472.25634766
26773 7468.5546875
26833 7462.56640625
26893 7454.80810547
26953 7446.8203125
27013 7438.47167969
27074 7430.32958984
27434 7398.64794922
27494 7389.2890625
27554 7383.55126953
27614 7377.43164062
27674 7369.6171875
27734 7363.97412109
27794 7355.05175781
27851 7349.07568359
27909 7342.82519531
27969 7336.95849609
28029 7328.38378906
28089 7322.86474609
28150 7316.33886719
28210 7310.41113281
28270 7301.40478516
28330 7295.25244141
28390 7289.08447266
28450 7283.421875
28510 7278.41699219
28571 7272.39111328
28631 7264.25244141
28691 7258.18701172
28751 7250.57617188
28811 7245.05664062
28871 7236.88183594
28931 7231.67138672
28991 7224.08447266
29052 7217.61083984
29112 7213.18945312
29172 7204.79785156
29232 7199.71142578
29292 7192.80517578
29352 7185.52099609
29412 7179.72119141
29473 7172.16308594
29533 7166.43408203
29593 7160.18896484
29653 7154.67041016
29713 7146.77734375
29773 7138.56494141
29833 7136.75097656
29893 7127.60107422
29954 7121.13476562
30014 7115.69824219
30074 7109.43066406
30134 7101.13037109
30194 7094.00976562
30254 7087.56347656
30314 7079.78759766
30375 7075.70410156
30435 7072.14892578
30495 7067.38378906
30555 7061.50634766
30615 7050.05419922
30675 7042.92724609
30735 7037.83544922
30796 7031.62158203
30856 7025.34960938
30916 7020.78125
30976 7014.06152344
31036 7006.50244141
31096 7001.07275391
31156 6994.7109375
31217 6988.71240234
31277 6981.37597656
31337 6976.25537109
31397 6968.88964844
31457 6961.85644531
31517 6956.28710938
31577 6950.2578125
31637 6943.703125
31698 6934.19189453
31758 6928.22167969
31818 6923.46484375
31878 6915.11181641
31938 6908.69726562
31998 6902.70751953
32058 6896.69482422
32118 6891.35498047
32179 6882.57275391
32239 6876.56054688
32299 6870.54199219
32359 6864.70556641
32419 6856.30029297
32458 6852.20458984
32496 6850.34960938
32556 6844.09960938
32617 6837.14404297
32677 6827.75976562
32737 6824.74023438
32797 6815.34375
32857 6810.08886719
32917 6803.96289062
32977 6799.29394531
33037 6791.88964844
33098 6786.1640625
33158 6779.86816406
33218 6771.96777344
33278 6769.84375
33518 6653.22509766
33816 6542.29394531
33876 6536.37744141
33936 6530.9140625
33997 6529.85986328
34057 6525.06640625
34117 6519.14355469
34177 6512.20361328
34237 6510.5703125
34297 6500.83837891
34357 6496.07910156
34418 6490.9609375
34478 6489.05761719
34538 6481.94628906
34598 6472.80322266
34658 6466.83886719
34718 6463.85009766
34778 6458.01757812
34839 6456.99121094
34899 6449.49365234
34959 6446.89306641
35019 6441.56347656
35079 6437.35546875
35139 6432.00927734
35199 6424.8515625
35260 6420.11865234
35320 6414.95605469
35380 6408.58007812
35440 6402.99804688
35500 6395.58544922
35560 6391.62548828
35621 6388.61621094
35681 6382.08251953
35741 6375.00146484
35801 6370.54833984
35861 6363.37792969
35921 6357.20410156
35981 6350.94140625
36041 6344.41552734
36102 6335.53857422
36162 6332.32617188
36205 6331.34472656
36248 6326.88330078
36308 6319.19824219
36548 6328.87744141
36608 6323.87060547
36669 6319.33300781
36729 6314.14257812
36789 6306.63769531
36849 6302.39746094
36909 6295.88085938
36969 6291.36572266
37029 6288.12890625
37090 6284.61962891
37150 6279.76171875
37210 6267.80664062
37270 6263.20068359
37330 6256.82470703
37390 6252.08496094
37450 6244.95458984
37511 6238.95751953
37571 6238.71923828
37631 6229.62988281
37691 6226.79541016
37751 6218.12646484
37811 6210.68017578
37871 6209.79248047
37931 6202.50097656
37992 6199.75341797
38052 6196.65332031
38112 6193.06787109
38172 6186.59130859
38232 6181.578125
38292 6176.75097656
38352 6172.36376953
38413 6171.93554688
38473 6164.81005859
38533 6159.60791016
38593 6157.4453125
38653 6150.37841797
38713 6147.20703125
38773 6141.93457031
38833 6137.95410156
38893 6134.18798828
38954 6130.96875
39014 6126.64111328
39074 6119.8984375
39134 6115.23730469
39194 6111.69482422
39254 6106.53759766
39314 6102.45605469
39375 6096.66845703
39435 6093.36767578
39495 6089.06689453
39555 6082.86376953
39615 6080.65478516
39675 6077.52148438
39735 6072.25097656
39795 6068.43261719
39856 6064.55371094
39916 6058.09765625
39976 6052.00439453
40036 6048.9921875
40096 6047.859375
40156 6043.51611328
40216 6038.98730469
40276 6034.57373047
40337 6029.33447266
40397 6025.84228516
40457 6018.63378906
40517 6014.79394531
40577 6011.06884766
40637 6005.63818359
40697 6000.88769531
40757 5997.05761719
40818 5989.41162109
40878 5985.73828125
40938 5981.09423828
40998 5976.00732422
41058 5972.95947266
41118 5969.99853516
41178 5966.32763672
41238 5963.08496094
41299 5956.93261719
41359 5952.65185547
41419 5947.11035156
41466 5945.01269531
41498 5939.30712891
41544 5937.44970703
41604 5928.90429688
41665 5923.18457031
41725 5921.47070312
41785 5915.94824219
41845 5910.62451172
41905 5908.67382812
41965 5902.14599609
42025 5898.90283203
42085 5892.70654297
42146 5890.48779297
42206 5884.99609375
42266 5877.84423828
42326 5876.51513672
42386 5871.10888672
42446 5868.11132812
42506 5862.77392578
42566 5860.88037109
42927 5834.05322266
42980 5828.32421875
43033 5824.83691406
43094 5819.77929688
43154 5815.14941406
43214 5812.42236328
43274 5810.55810547
43384 5805.56835938
43432 5797.16503906
43491 5793.4375
43551 5792.11132812
43611 5787.09130859
43671 5780.42041016
43731 5779.26171875
43792 5771.03710938
43912 5770.48144531
43972 5762.95703125
44032 5756.09033203
44092 5754.18017578
44152 5749.96630859
44213 5744.95458984
44273 5741.88134766
44333 5736.08349609
44393 5731.58691406
44453 5726.70849609
44513 5723.97119141
44573 5718.49072266
44634 5715.01416016
44694 5710.96582031
44740 5707.23828125
44771 5705.77197266
44817 5701.32617188
44877 5697.07910156
44937 5693.85351562
44997 5686.70556641
45057 5684.96923828
45117 5679.31494141
45178 5675.95214844
45238 5672.30175781
45298 5667.1171875
45358 5662.21582031
45418 5660.87744141
45478 5654.43066406
45538 5651.27685547
45599 5649.15966797
45648 5644.8515625
45692 5640.85839844
45748 5635.47607422
45808 5630.5625
45868 5623.18017578
45928 5612.52148438
45988 5608.81201172
46049 5602.49169922
46109 5597.12109375
46169 5591.22460938
46229 5585.50048828
46289 5584.26513672
46409 5577.77490234
46470 5572.1171875
46530 5568.66552734
46590 5561.91699219
46650 5555.51513672
46710 5553.71875
46770 5551.20751953
46830 5548.99951172
46890 5543.41308594
46951 5540.33886719
47011 5537.02978516
47131 5530.08837891
47191 5525.97167969
47251 5519.52099609
47311 5516.63378906
47371 5515.29833984
47431 5511.50244141
47492 5506.04150391
47552 5502.97070312
47612 5497.07128906
47672 5493.18457031
47732 5488.21044922
47792 5487.07128906
47852 5483.89941406
47912 5479.77197266
47973 5475.0
48033 5472.47167969
48093 5467.33203125
48153 5466.57763672
48213 5460.67089844
48273 5457.640625
48333 5456.14794922
48393 5453.8984375
48454 5448.52978516
48514 5443.53027344
48574 5437.46289062
48694 5436.97412109
48754 5431.37451172
48814 5427.97216797
48935 5422.21484375
48995 5416.73242188
49055 5412.64404297
49115 5406.23193359
49235 5401.85009766
49295 5396.25927734
49355 5395.67529297
49416 5388.83398438
49476 5384.54541016
49596 5383.08740234
49656 5376.12255859
49716 5369.21435547
49777 5364.44628906
49837 5361.18847656
49897 5357.5078125
49957 5356.48632812
50017 5355.56103516
50077 5353.69335938
50137 5346.43994141
50176 5345.33837891
50275 5341.74951172
50335 5337.19970703
50395 5333.89501953
50439 5329.18017578
50470 5328.42724609
50518 5325.50195312
50578 5320.69042969
50699 5315.57128906
50759 5310.96630859
50879 5302.85791016
50939 5297.68310547
50999 5291.25195312
51059 5289.30419922
51120 5281.73583984
51240 5272.67675781
51300 5267.37158203
51360 5264.56738281
51420 5261.73535156
51480 5256.08789062
