0 12027.5527344
120 12015.8212891
181 12007.0625
257 11962.6484375
618 11845.2314453
798 11785.9306641
919 11748.9082031
979 11735.6337891
1505 11571.0996094
1551 11561.9707031
1731 11509.3632812
1924 11429.8564453
2045 11405.5410156
2345 11315.6572266
2526 11268.2011719
2826 11189.5595703
2886 11177.6630859
2982 11151.8066406
3017 11142.2861328
3057 11135.8046875
3158 11110.109375
3251 11080.0820312
3261 11076.8291016
3296 11069.0761719
3356 11055.8212891
3416 11042.6572266
3596 10994.0429688
3657 10980.96875
3777 10957.3916016
3892 10920.9326172
3952 10913.0244141
4133 10867.3984375
4633 10786.3544922
4753 10755.9091797
4813 10744.2929688
4850 10736.0019531
4886 10722.5361328
4922 10712.5585938
4957 10704.9404297
5017 10694.3876953
5127 10667.4550781
5237 10640.3554688
5358 10612.8652344
5418 10600.7167969
5779 10509.9453125
5839 10498.1826172
6074 10447.015625
6172 10422.5410156
6215 10410.7070312
6275 10398.4492188
6396 10370.3203125
6456 10358.7910156
6516 10345.1396484
6576 10333.0078125
6744 10293.7558594
6773 10288.8261719
6815 10277.9091797
6875 10265.8740234
6935 10255.0605469
6995 10243.2646484
7056 10232.1591797
7236 10190.0908203
7296 10180.109375
7356 10166.6552734
7477 10138.5322266
7537 10126.3496094
7597 10117.1835938
7657 10103.7773438
7717 10092.4902344
7777 10080.7822266
7958 10039.0107422
8032 10016.8613281
8070 10014.4414062
8108 10002.7529297
8168 9989.86816406
8288 9963.90136719
8348 9951.93945312
8408 9940.58105469
8468 9931.99121094
8589 9905.37207031
8635 9900.8515625
8681 9888.33203125
8802 9870.26953125
8982 9829.77929688
9463 9747.44140625
9524 9741.04980469
9644 9715.359375
9687 9706.1171875
9730 9699.04101562
9790 9686.91210938
9851 9678.01660156
10031 9637.52636719
10091 9628.23730469
10151 9614.52734375
10272 9587.796875
10392 9565.80371094
10452 9555.04785156
10512 9542.57324219
10632 9516.57519531
10693 9504.83300781
10753 9494.11425781
10813 9485.26367188
10873 9476.39160156
10993 9450.18554688
11053 9439.63867188
11114 9429.50488281
11234 9409.41796875
11294 9399.85839844
11353 9387.35742188
11412 9382.78125
11472 9370.4296875
11533 9358.47753906
11653 9333.70605469
11773 9313.02050781
11833 9304.84277344
11954 9280.58105469
12014 9271.80566406
12074 9260.79003906
12134 9250.18847656
12194 9241.88769531
12254 9230.08398438
12314 9219.40722656
12374 9209.94042969
12435 9202.66894531
12495 9190.55371094
12555 9180.80859375
12599 9174.2890625
12643 9165.59863281
12703 9155.63085938
12763 9147.73144531
12823 9136.71386719
12883 9124.08496094
12943 9114.30566406
13004 9101.36523438
13064 9090.99902344
13124 9083.515625
13244 9064.54394531
13304 9055.97363281
13425 9033.71875
13485 9028.84179688
13545 9016.12304688
13605 9003.14355469
13665 8992.66699219
13725 8985.61914062
13785 8977.02929688
13845 8964.90429688
13906 8953.71484375
13966 8946.54394531
14026 8936.26171875
14086 8924.15820312
14146 8913.69921875
14181 8907.60058594
14216 8901.50292969
14276 8893.07324219
14335 8884.45605469
14394 8873.24121094
14514 8846.26660156
14574 8838.1875
14625 8827.08496094
14677 8820.67675781
14737 8813.19238281
14797 8804.80761719
14857 8792.84375
14917 8782.85253906
14977 8772.27148438
15037 8764.625
15097 8756.22363281
15158 8749.84375
15218 8737.13085938
15278 8726.27734375
15338 8716.67382812
15398 8709.31835938
15458 8703.09179688
15518 8691.66699219
15579 8678.60644531
15639 8672.8046875
15699 8662.62792969
15759 8651.66503906
15819 8643.15136719
15879 8634.15234375
15939 8621.67871094
16000 8613.78222656
16060 8604.55664062
16120 8596.30078125
16180 8589.70898438
16240 8576.60449219
16300 8567.84277344
16360 8559.61816406
16421 8556.76074219
16469 8550.97070312
16499 8546.12304688
16518 8542.60742188
16530 8540.31640625
16563 8534.21484375
16596 8528.1171875
16992 8470.03613281
17052 8460.76464844
17112 8459.36132812
17173 8447.27636719
17233 8434.3203125
17293 8422.515625
17353 8413.01464844
17413 8405.80175781
17473 8399.48730469
17533 8388.42382812
17568 8381.97070312
17598 8376.47851562
17653 8367.05761719
17713 8360.09472656
17773 8350.67773438
17833 8339.44140625
17954 8328.60546875
18074 8307.65039062
18134 8295.96386719
18194 8287.09570312
18254 8274.52246094
18315 8266.35351562
18375 8255.41796875
18435 8246.36914062
18495 8235.39453125
18555 8225.11425781
18615 8213.01464844
18675 8205.69628906
18711 8201.42382812
18739 8197.90625
18790 8184.99707031
18847 8177.25683594
18882 8172.49560547
18917 8167.73095703
18977 8160.83544922
19038 8147.76513672
19158 8138.19775391
19278 8114.00927734
19338 8111.10498047
19398 8103.09326172
19458 8090.25390625
19519 8082.59277344
19639 8071.10644531
19759 8045.55517578
19819 8032.32421875
19879 8029.63964844
19940 8021.40234375
20000 8008.98632812
20060 8004.96240234
20120 7996.58349609
20180 7986.69433594
20240 7984.71337891
20360 7960.71386719
20541 7940.80957031
20841 7903.83203125
21022 7888.37744141
21142 7876.91748047
21202 7867.78369141
21262 7860.515625
21309 7857.97070312
21357 7846.09082031
21477 7835.47949219
21537 7824.38525391
21597 7818.04882812
21657 7816.00732422
21717 7803.17773438
21778 7794.59082031
21838 7793.88330078
21898 7785.50146484
21935 7779.36669922
21990 7774.52099609
22050 7767.23583984
22111 7756.69824219
22171 7743.6328125
22291 7732.23242188
22351 7719.50146484
22386 7712.07568359
22481 7704.79638672
22542 7698.41210938
22602 7690.44287109
22662 7682.8359375
22722 7675.89648438
22782 7666.640625
22842 7656.69287109
22902 7649.53027344
22962 7640.09228516
23022 7632.5
23082 7621.50390625
23142 7614.43359375
23202 7605.90917969
23262 7597.62451172
23323 7590.17773438
23383 7588.30908203
23443 7578.38964844
23503 7569.32177734
23563 7564.3125
23864 7559.11914062
23924 7549.85205078
23984 7541.13183594
24044 7533.90966797
24104 7526.67041016
24164 7519.09130859
24224 7512.24414062
24284 7504.03173828
24345 7495.07519531
24405 7490.45458984
24465 7485.53320312
24525 7476.80126953
24585 7466.60058594
24645 7459.82568359
24705 7455.44091797
24766 7447.74121094
24826 7439.19921875
24886 7432.51464844
24946 7425.36816406
25006 7419.43164062
25066 7412.84619141
25126 7407.49169922
25186 7398.94628906
25247 7394.1640625
25307 7385.63623047
25367 7380.23095703
25427 7373.58984375
25487 7364.01806641
25533 7360.0859375
25579 7355.42089844
25639 7345.94140625
25699 7341.36132812
25759 7332.65185547
25819 7327.31640625
25880 7321.265625
25940 7314.00341797
26000 7304.26318359
26060 7301.59179688
26120 7295.79003906
26180 7286.12597656
26240 7280.29492188
26301 7271.97363281
26361 7263.73632812
26421 7260.68994141
26481 7253.20751953
26541 7247.27246094
26601 7236.71826172
26661 7230.43310547
26721 7224.69580078
26782 7219.33496094
26842 7212.07373047
26902 7206.87255859
26962 7197.47314453
27022 7191.94287109
27082 7183.35888672
27123 7177.60009766
27142 7175.30761719
27180 7172.60107422
27240 7164.875
27301 7159.67431641
27361 7153.04833984
27421 7144.35253906
27481 7137.63037109
27541 7130.16748047
27601 7124.95214844
27722 7114.05761719
27782 7101.76513672
27842 7097.14306641
27902 7091.3359375
27962 7085.81347656
28022 7078.13525391
28082 7070.52880859
28143 7067.98388672
28203 7058.84375
28263 7056.18310547
28323 7047.65576172
28383 7038.44824219
28443 7028.36376953
28503 7027.84521484
28564 7020.23583984
28624 7011.046875
28684 7004.65332031
28744 6999.93017578
29115 6680.73242188
29160 6674.94482422
29181 6672.50244141
29193 6671.16455078
29228 6667.13867188
29589 6637.91894531
29649 6631.10058594
29709 6620.37548828
29769 6619.921875
29830 6616.12597656
29890 6608.7734375
29950 6604.39550781
29985 6601.84179688
30002 6600.61083984
30044 6596.12988281
30104 6590.08496094
30164 6586.94873047
30224 6576.625
30285 6573.22021484
30372 6567.46923828
30432 6560.69287109
30492 6556.54931641
30612 6550.51025391
30672 6542.79882812
30732 6538.29052734
30792 6532.10351562
30853 6527.87988281
30913 6520.109375
30973 6513.82617188
31033 6505.56542969
31093 6502.53076172
31153 6497.70556641
31213 6492.2734375
31273 6487.12158203
31334 6479.22753906
31394 6477.140625
31454 6470.24316406
31514 6467.66992188
31574 6463.31152344
31634 6457.88623047
31694 6453.89746094
31755 6449.34570312
31815 6445.63330078
31875 6439.23046875
31935 6432.02832031
31995 6425.92285156
32055 6420.13574219
32115 6420.13427734
32176 6411.65429688
32236 6407.20507812
32296 6405.12011719
32356 6395.46777344
32416 6390.39501953
32476 6388.60986328
32536 6385.04150391
32596 6381.66845703
32657 6373.57617188
32717 6369.90429688
32752 6367.76318359
32762 6367.15039062
32797 6363.67138672
32857 6355.40917969
32894 6353.10449219
32931 6349.55517578
32991 6344.70898438
33051 6339.21923828
33111 6333.98925781
33171 6326.99658203
33231 6322.81787109
33291 6318.37304688
33352 6310.97900391
33412 6306.59130859
33472 6303.125
33532 6298.67041016
33592 6290.89746094
33652 6286.75
33712 6282.24511719
33773 6276.48339844
33833 6271.7109375
33884 6267.23974609
33936 6262.19433594
33971 6258.75732422
34006 6255.31884766
34050 6250.91064453
34095 6248.08251953
34155 6246.48828125
34215 6240.58544922
34275 6229.78271484
34396 6234.54394531
34456 6230.89550781
34738 6211.32617188
34798 6206.03417969
34858 6200.07177734
34918 6197.01855469
34978 6190.19042969
35017 6187.72851562
35055 6184.578125
35115 6177.27587891
35175 6171.85595703
35235 6166.40576172
35296 6160.79052734
35356 6153.8828125
35416 6153.44384766
35451 6153.1875
35461 6153.11425781
35496 6147.72363281
35532 6144.05224609
35542 6142.94726562
35578 6139.33935547
35638 6135.12792969
35698 6130.11816406
35758 6123.29248047
35818 6120.75634766
35878 6114.15673828
35938 6110.53076172
35999 6105.70361328
36059 6102.04345703
36119 6096.25390625
36179 6090.90722656
36239 6087.21386719
36299 6082.36474609
36359 6077.24804688
36419 6075.34960938
36480 6068.47558594
36540 6062.04736328
36600 6059.7734375
36660 6052.59375
36720 6049.03417969
36780 6048.55664062
36817 6043.0859375
36853 6039.39892578
36914 6033.26855469
36974 6029.34912109
37033 6025.35595703
37070 6022.47265625
37083 6021.45947266
37118 6018.7265625
37178 6016.51220703
37239 6009.34667969
37299 6005.55029297
37359 6001.05175781
37419 5995.09619141
37479 5991.15039062
37539 5987.84667969
37599 5980.62158203
37659 5976.0234375
37720 5971.01806641
37780 5968.05517578
37840 5961.28417969
37900 5955.11230469
37960 5950.47460938
38020 5945.99902344
38080 5942.10009766
38140 5937.73339844
38201 5934.82080078
38261 5928.46582031
38321 5923.68847656
38381 5918.31445312
38441 5915.55419922
38501 5910.69140625
38561 5906.95654297
38622 5901.32128906
38682 5896.99267578
38742 5892.04492188
38802 5889.06884766
38862 5884.68798828
38922 5879.00390625
38982 5875.46923828
39042 5868.51660156
39103 5864.25878906
39163 5859.07666016
39223 5855.32958984
39283 5850.53710938
39343 5846.38964844
39403 5844.78955078
39462 5838.52832031
39522 5834.78808594
39583 5829.29931641
39643 5824.49316406
39703 5819.85400391
39763 5815.02783203
39823 5811.96582031
39883 5807.21728516
39943 5800.58691406
40003 5796.42822266
40064 5793.67285156
40124 5787.15185547
40184 5784.69189453
40244 5780.94482422
40304 5775.73974609
40364 5772.15673828
40424 5766.97753906
40485 5761.07519531
40545 5757.45214844
40605 5754.15673828
40665 5749.07617188
40725 5743.87597656
40785 5739.02929688
40846 5735.99511719
40906 5732.41015625
40966 5727.51611328
41026 5722.92871094
41327 5699.37109375
41385 5696.16064453
41440 5693.73876953
41496 5688.68847656
41557 5684.5078125
41617 5680.49658203
41677 5676.49316406
41737 5670.98339844
41797 5667.48291016
41857 5664.24853516
41917 5659.16015625
41977 5654.42871094
42038 5648.18701172
42098 5645.02148438
42158 5640.34326172
42218 5636.19091797
42278 5632.10644531
42338 5627.41796875
42398 5621.88525391
42459 5617.45898438
42519 5612.69287109
42579 5611.09619141
42639 5602.43847656
42699 5599.17724609
42759 5596.27783203
42819 5588.19824219
42880 5585.7890625
43000 5583.43408203
43060 5580.71435547
43120 5577.21289062
43180 5573.85791016
43240 5569.08056641
43300 5563.59033203
43361 5559.32373047
43421 5556.36083984
43481 5553.36914062
43541 5548.63818359
43601 5543.4453125
43661 5539.61865234
43721 5536.08789062
43782 5530.59082031
43842 5526.30273438
43902 5522.91210938
43962 5517.08740234
44022 5513.4296875
44082 5509.12158203
44142 5505.43896484
44203 5499.8984375
44263 5498.91650391
44323 5494.88720703
44383 5489.09814453
44443 5486.55078125
44503 5482.90966797
44563 5477.25732422
44624 5473.26806641
44684 5468.94189453
44744 5464.62792969
44804 5461.09326172
44864 5457.25634766
44924 5453.58691406
44985 5449.07324219
45045 5445.32568359
45105 5440.07666016
45165 5436.05126953
45225 5431.60791016
45285 5428.14697266
45345 5425.25927734
45405 5421.66943359
45465 5414.53076172
45526 5411.25488281
45586 5407.6875
45646 5403.99853516
45706 5399.41943359
45766 5396.47851562
45826 5390.80029297
45886 5388.44677734
45946 5383.51171875
46007 5379.13964844
46067 5373.81005859
46127 5370.42138672
46187 5366.41162109
46247 5363.51611328
46293 5359.25878906
46339 5356.38476562
46399 5351.64941406
46459 5347.72558594
46519 5343.19677734
46579 5340.42675781
46639 5334.96728516
46700 5332.33544922
46760 5328.17578125
46820 5323.77148438
46880 5319.28857422
46940 5316.53076172
47000 5313.0859375
47060 5308.7578125
47120 5304.69335938
47181 5300.97460938
47241 5297.578125
47301 5290.78808594
47361 5289.26074219
47421 5283.61230469
47481 5279.69824219
47541 5276.87060547
47602 5271.70019531
47662 5268.21728516
47722 5263.89306641
47782 5260.68603516
47842 5255.28564453
47902 5249.67871094
47962 5245.07861328
48022 5244.95410156
48083 5241.98486328
48143 5235.01416016
48203 5229.81640625
48263 5225.59375
48323 5222.5078125
48383 5217.01904297
48444 5213.58544922
48504 5207.66455078
48564 5205.39550781
48624 5198.18066406
48684 5197.484375
48744 5195.34472656
48804 5190.89550781
48865 5185.56884766
48925 5179.85058594
48985 5177.79736328
49045 5176.74609375
49105 5172.83349609
49165 5165.55712891
49225 5162.0859375
49285 5155.50537109
49406 5151.84423828
49526 5148.87353516
49586 5144.45849609
49646 5143.91064453
49706 5136.97509766
49767 5133.45263672
49827 5128.26171875
