0 11301.6689453
221 12413.6679688
276 12391.0800781
309 12377.8398438
324 12371.4492188
364 12370.0556641
425 12337.5673828
485 12308.1005859
545 12286.7900391
605 12257.4521484
665 12241.5498047
726 12202.6074219
786 12186.5380859
846 12164.2060547
906 12129.1425781
966 12117.6318359
1026 12088.6015625
1086 12073.8847656
1146 12051.7587891
1206 12023.0107422
1267 12009.1347656
1327 11969.3808594
1381 11959.4208984
1436 11935.7578125
1496 11918.7177734
1556 11894.4433594
1617 11869.4179688
1677 11854.4199219
1737 11829.4208984
1797 11813.3320312
1857 11790.6181641
1917 11765.7910156
1976 11752.6660156
2036 11733.2841797
2096 11709.2333984
2156 11690.6132812
2217 11675.6376953
2258 11651.2099609
2277 11647.4042969
2298 11639.0986328
2340 11621.0253906
2400 11595.8583984
2447 11581.2314453
2470 11568.1542969
2508 11548.8398438
2568 11536.7802734
2628 11508.4150391
2688 11487.0361328
2748 11468.4853516
2808 11449.0136719
2848 11442.6982422
2868 11438.6865234
2909 11419.2548828
2969 11400.5830078
3030 11383.7324219
3090 11364.3496094
3150 11344.8945312
3210 11322.484375
3270 11306.4970703
3330 11293.3447266
3385 11276.2880859
3441 11253.3320312
3501 11233.7753906
3561 11224.9267578
3621 11208.8974609
3682 11192.8417969
3742 11177.4755859
3802 11166.2685547
3862 11130.5976562
3922 11122.6416016
3982 11101.8017578
4042 11097.3652344
4103 11071.6210938
4163 11061.0957031
4223 11038.4326172
4283 11027.4599609
4343 11016.5029297
4463 10995.2167969
4523 10982.0429688
4584 10972.2060547
4644 10961.7109375
4704 10944.3662109
4764 10928.2734375
4824 10914.0761719
4884 10897.6347656
4944 10881.4111328
5004 10853.0078125
5065 10838.4003906
5124 10822.9853516
5170 10821.3720703
5195 10803.7763672
5208 10794.5126953
5243 10769.4873047
5278 10744.5449219
5313 10719.6123047
5373 10694.6640625
5433 10678.328125
5493 10673.8349609
5553 10644.0214844
5614 10627.8496094
5674 10610.3818359
5734 10594.7871094
5794 10577.2832031
5829 10567.0722656
5859 10558.4316406
5913 10542.3486328
5974 10528.734375
6031 10517.5058594
6088 10501.1533203
6148 10490.3427734
6208 10475.7207031
6268 10454.2353516
6328 10448.3349609
6388 10446.1289062
6448 10421.7246094
6569 10424.4091797
6629 10410.1923828
6689 10397.6152344
6731 10388.4628906
6773 10376.2490234
7254 10443.890625
7306 10440.0478516
7336 10435.2119141
7374 10427.5927734
7434 10411.5683594
7494 10401.4882812
7554 10384.8388672
7614 10370.8867188
7674 10358.6923828
7734 10344.9521484
7785 10334.9365234
7836 10326.7695312
7877 10311.9833984
7900 10309.2832031
7943 10300.2949219
8003 10291.4335938
8063 10279.9746094
8124 10267.8574219
8184 10247.0410156
8244 10238.0576172
8304 10224.6484375
8364 10214.1123047
8424 10201.9248047
8484 10187.6181641
8544 10175.515625
8605 10163.9521484
8665 10152.5263672
8725 10136.9042969
8785 10129.3212891
8845 10117.0800781
8905 10099.9746094
8965 10094.8242188
9026 10074.9755859
9086 10064.8613281
9146 10036.8837891
9241 10031.7070312
9301 10020.9453125
9360 10007.9707031
9420 9995.65332031
9481 9986.22558594
9541 9973.1875
9601 9960.89550781
9660 9948.73632812
9697 9942.34277344
9735 9933.2890625
9795 9916.76074219
9856 9906.69238281
9916 9899.64746094
9976 9891.81738281
10036 9877.21972656
10096 9859.5
10147 9857.98632812
10198 9844.27929688
10329 9825.57617188
10364 9816.3046875
10424 9807.81640625
10484 9798.69238281
10545 9784.36914062
10605 9771.85644531
10665 9759.77636719
10725 9746.46972656
10785 9737.79394531
10845 9721.70507812
10905 9710.67871094
10965 9696.49316406
11026 9690.01953125
11086 9681.21386719
11146 9665.35644531
11206 9660.29589844
11266 9644.72167969
11326 9633.51269531
11386 9624.25390625
11446 9611.86914062
11506 9605.14746094
11567 9590.40332031
11627 9586.24511719
11687 9569.96972656
11747 9556.22363281
11807 9550.01074219
11867 9540.96289062
11927 9525.58007812
11987 9510.4453125
12048 9503.85253906
12108 9495.43945312
12168 9486.31640625
12222 9474.80957031
12263 9466.98242188
12294 9463.05859375
12339 9454.49707031
12400 9444.35742188
12460 9430.88769531
12520 9421.77148438
12580 9410.9765625
12640 9400.546875
12700 9390.26660156
12760 9377.92089844
12820 9368.65136719
12881 9356.29882812
12941 9345.39941406
13001 9337.72558594
13061 9320.28515625
13121 9311.24121094
13181 9304.75585938
13241 9295.99902344
13301 9284.23925781
13361 9272.56152344
13421 9262.48925781
13462 9255.68847656
13501 9248.796875
13559 9236.98339844
13619 9224.20507812
13679 9216.95605469
13740 9209.57421875
13779 9199.90820312
13819 9195.12792969
13879 9186.12792969
13940 9175.28320312
14000 9165.83886719
14060 9155.74121094
14120 9145.43261719
14180 9135.65917969
14240 9124.17675781
14300 9113.65625
14360 9102.75
14399 9100.27246094
14438 9090.72265625
14482 9083.18847656
14526 9074.296875
14586 9062.484375
14646 9052.48242188
14681 9046.65234375
14692 9044.9375
14719 9043.09472656
14770 9037.48144531
14830 9025.53710938
14890 9014.91699219
14950 9007.125
15010 8994.64257812
15071 8987.16699219
15131 8974.42480469
15179 8964.05664062
15228 8958.68847656
15288 8951.50585938
15408 8938.38964844
15468 8932.3203125
15528 8924.26464844
15588 8914.234375
15648 8900.3671875
15889 8879.75585938
15949 8866.70507812
16009 8853.39746094
16069 8843.33105469
16129 8836.70410156
16177 8832.59667969
16211 8824.97851562
16258 8816.03613281
16318 8809.5390625
16378 8799.29199219
16438 8790.2734375
16498 8782.72070312
16558 8772.93066406
16618 8764.19238281
16678 8756.36132812
16738 8744.34863281
16798 8735.3359375
16859 8728.24316406
16919 8718.80957031
16979 8711.0078125
17039 8694.83496094
17083 8691.41015625
17126 8686.69726562
17161 8682.90039062
17196 8679.10742188
17257 8662.24902344
17317 8657.58691406
17377 8652.25097656
17437 8644.14941406
17497 8628.57324219
17557 8621.60742188
17617 8614.83398438
17677 8600.62890625
17738 8594.17285156
17798 8589.09863281
17858 8573.74902344
17918 8567.03515625
17978 8559.72558594
18038 8550.38867188
18098 8540.83203125
18134 8537.03710938
18167 8527.97070312
18223 8521.4296875
18283 8508.29492188
18343 8503.1015625
18404 8494.9296875
18464 8486.57226562
18524 8476.47070312
18584 8462.08691406
18644 8452.58007812
18704 8449.31640625
18764 8434.83496094
18824 8429.66503906
18884 8402.62695312
19005 8399.51757812
19065 8389.32421875
19125 8382.02246094
19185 8373.02441406
19245 8370.6875
19305 8354.83203125
19366 8354.828125
19426 8342.24804688
19486 8331.23242188
19546 8323.88476562
19606 8317.67382812
19641 8314.05175781
19676 8310.41113281
19737 8300.83691406
19797 8288.48535156
19857 8280.16210938
19917 8269.47363281
19977 8259.86132812
20037 8256.95703125
20097 8244.45507812
20157 8238.91699219
20218 8228.18847656
20278 8226.703125
20338 8214.17675781
20398 8205.765625
20458 8195.91210938
20518 8192.53710938
20578 8182.32958984
20638 8168.93408203
20699 8156.70214844
20759 8144.15576172
20819 8141.26953125
20879 8136.94140625
20939 8130.61914062
20999 8128.20458984
21059 8121.67382812
21120 8115.92138672
21180 8110.8046875
21240 8100.40332031
21300 8091.43798828
21360 8082.99169922
21420 8073.34179688
21480 8063.32128906
21540 8052.57324219
21600 8041.90673828
21661 8029.66845703
21721 8019.09765625
21781 8009.79980469
21841 8001.12890625
21901 7993.75927734
21961 7985.79150391
22021 7977.90234375
22081 7967.91064453
22142 7953.50830078
22202 7949.96875
22322 7941.95214844
22382 7930.32470703
22442 7913.80859375
22502 7909.09130859
22563 7906.8671875
22623 7905.57519531
22683 7895.78808594
22743 7885.65917969
22803 7872.52539062
22863 7864.33007812
22923 7856.03417969
22983 7845.44335938
23044 7835.81347656
23104 7834.49462891
23164 7827.80273438
23224 7821.06445312
23284 7812.78076172
23341 7807.26757812
23398 7798.63085938
23759 7789.66943359
23819 7784.17529297
23879 7776.76025391
23939 7769.29248047
23999 7763.81494141
24059 7759.06054688
24120 7752.60693359
24180 7746.90527344
24240 7734.98388672
24300 7729.07275391
24360 7723.94091797
24420 7715.11035156
24480 7705.23925781
24540 7689.3984375
24601 7675.69287109
24661 7666.61279297
24721 7658.02246094
24781 7648.28320312
24841 7645.45166016
24901 7633.94580078
24961 7627.12304688
25021 7618.65332031
25082 7608.02490234
25142 7606.28466797
25202 7592.11523438
25262 7590.19482422
25322 7581.53710938
25382 7575.47363281
25442 7570.77197266
25503 7560.91162109
25563 7552.65576172
25623 7548.74511719
25683 7541.23486328
25743 7534.06494141
25803 7529.43994141
25863 7520.72900391
25912 7515.81835938
25961 7509.13476562
25996 7504.32910156
26032 7499.52001953
26092 7494.45947266
26152 7490.89892578
26212 7479.71533203
26252 7469.71484375
26308 7466.71582031
26368 7461.40136719
26428 7455.4765625
26489 7445.98974609
26549 7437.12548828
26609 7431.87695312
26669 7422.47412109
26729 7414.83105469
26789 7410.37744141
26849 7402.18310547
26909 7396.65380859
26970 7393.41015625
27030 7384.33837891
27090 7375.19873047
27150 7371.93066406
27210 7365.03076172
27270 7361.21923828
27330 7352.25146484
27390 7339.91455078
27451 7339.52978516
27511 7330.94189453
27571 7326.20996094
27631 7317.60400391
27691 7312.68701172
27751 7310.49023438
27811 7301.70800781
27871 7297.43261719
27932 7287.38232422
27988 7279.70654297
28044 7270.20019531
28104 7263.93310547
28164 7258.32128906
28225 7252.64404297
28285 7245.25830078
28345 7237.84179688
28405 7231.23535156
28465 7222.90478516
28525 7215.61816406
28585 7211.48583984
28645 7210.72509766
28706 7205.35693359
28766 7200.41064453
28826 7195.91357422
28886 7186.10595703
28946 7180.87451172
29006 7174.25732422
29066 7166.26855469
29126 7161.85400391
29187 7157.81103516
29247 7149.71777344
29307 7148.04003906
29367 7139.53173828
29427 7132.87988281
29487 7124.19384766
29547 7119.54052734
29607 7114.24658203
29668 7110.55761719
29728 7099.11865234
29788 7093.26074219
29848 7088.79541016
29908 7082.96240234
29968 7080.70458984
30028 7075.89160156
30088 7069.86962891
30148 7063.54052734
30208 7057.703125
30269 7052.52929688
30329 7046.82373047
30375 7044.47021484
30416 7039.32714844
30472 7030.453125
30532 7027.52148438
30592 7021.72167969
30652 7009.71923828
30713 7008.82910156
30773 7002.74951172
30833 6994.86083984
30893 6987.23730469
30953 6981.65576172
31013 6974.26464844
31073 6968.22851562
31133 6961.80322266
31194 6959.72509766
31254 6955.31054688
31314 6947.18701172
31374 6936.08691406
31434 6935.64111328
31494 6928.78662109
31554 6924.81787109
31614 6919.09716797
31675 6913.64648438
31735 6907.87304688
31795 6897.79199219
31915 6891.734375
31975 6882.87646484
32035 6875.86621094
32095 6873.37402344
32156 6863.28808594
32276 6853.11376953
32336 6817.50195312
32456 6693.79101562
32619 6623.32714844
32860 6631.359375
32920 6624.57617188
32980 6622.09863281
33040 6616.81542969
33100 6611.05273438
33160 6605.60986328
33220 6600.80810547
33280 6595.25634766
33341 6589.59033203
33401 6585.35839844
33461 6580.31982422
33521 6578.41699219
33581 6572.24462891
33641 6565.10449219
33701 6562.10644531
33762 6556.70019531
33822 6550.61376953
33882 6541.15673828
33942 6535.421875
34002 6529.69873047
34062 6523.29443359
34122 6520.04345703
34182 6518.14404297
34243 6512.16748047
34303 6505.98828125
34363 6501.32470703
34423 6496.72607422
34483 6486.73925781
34543 6486.0234375
34603 6484.23046875
34663 6477.19775391
34724 6472.50976562
34759 6469.77490234
34788 6467.46533203
34843 6462.64306641
34903 6456.51708984
34963 6453.97753906
35023 6448.66455078
35083 6444.07666016
35143 6439.21337891
35204 6431.83642578
35264 6427.70947266
35324 6426.00244141
35384 6417.91699219
35444 6416.49658203
35504 6412.11181641
35564 6402.70800781
35625 6398.95947266
35684 6393.27441406
35739 6390.5078125
35794 6385.29541016
35915 6378.28417969
35975 6372.54296875
36035 6368.36181641
36095 6361.69042969
36155 6354.47607422
36215 6351.60546875
36275 6346.03417969
36335 6339.0546875
36396 6335.52490234
36456 6332.63085938
36516 6326.65283203
36561 6321.83837891
36607 6317.64941406
36667 6314.57275391
36727 6309.84960938
36788 6305.22705078
36848 6300.02636719
36908 6293.91064453
36968 6290.05419922
37028 6287.32861328
37088 6281.91845703
37148 6278.37890625
37208 6274.0234375
37269 6267.91650391
37329 6260.64892578
37449 6249.58251953
37509 6244.23535156
37569 6240.48974609
37629 6235.30224609
37689 6230.81347656
37749 6228.07324219
37809 6224.72119141
37870 6218.74169922
37930 6213.17138672
37990 6208.32324219
38050 6203.21337891
38110 6198.49853516
38170 6192.60546875
38230 6190.12304688
38290 6188.27783203
38351 6182.83496094
38411 6176.31347656
38471 6171.59912109
38531 6169.29492188
38580 6164.140625
38629 6160.41748047
38689 6154.94775391
38749 6151.49414062
38810 6147.29638672
38870 6141.97314453
38930 6138.21337891
38990 6131.98388672
39050 6127.53857422
39110 6122.25244141
39170 6116.09619141
39230 6110.01220703
39291 6105.87792969
39351 6100.74462891
39411 6095.77148438
39471 6090.89697266
39531 6086.16748047
39591 6083.73974609
39651 6078.27392578
39711 6072.2109375
39772 6068.39599609
39832 6064.14990234
39892 6061.31396484
39952 6058.25048828
40012 6053.77001953
40072 6048.53808594
40133 6044.69433594
40193 6043.48486328
40253 6037.4453125
40313 6029.85693359
40373 6027.73535156
40433 6021.55761719
40674 6006.57568359
40734 6004.37060547
40794 5999.36132812
40854 5995.74169922
40914 5990.12597656
40974 5984.27001953
41095 5985.65185547
41155 5985.43212891
41215 5977.234375
41275 5972.72802734
41335 5969.84912109
41395 5963.40917969
41455 5960.22216797
41515 5953.57470703
41576 5950.60888672
41636 5945.90625
41696 5941.51074219
41756 5937.02050781
41816 5930.02099609
41876 5926.98388672
41936 5923.04931641
41996 5919.56298828
42056 5915.07421875
42117 5911.31542969
42177 5903.36230469
42237 5902.32226562
42297 5898.06152344
42357 5894.27539062
42417 5889.00146484
42477 5882.98876953
42538 5879.74414062
42598 5873.34912109
42658 5871.89648438
42718 5868.73779297
42778 5865.07763672
42838 5860.56542969
42898 5855.34765625
42958 5850.39990234
43019 5847.13623047
43079 5841.99511719
43139 5836.66503906
43174 5833.55664062
43209 5830.43505859
43269 5829.73291016
