59091.460719200426
69634.68324397318
71201.26902843697
76144.80735393698
80433.53210051998
71056.65169365268
72260.43580764743
79912.06107355143
61791.05371165135
65870.52813495579
66207.88500102883
67701.52544582699
64777.279164230255
68685.64785449352
71374.26621228129
69291.24208171613
56859.5170759077
71976.80107122008
83193.86259787477
73414.63067068765
56127.34841109086
60920.071143327914
56258.130249046626
59259.70117462718
37346.23268096504
66029.91386961605
64940.07983747075
63090.28017523281
68785.85341876662
68416.87703061644
65527.91521180498
69941.1613292202
60744.68448954198
62614.44415629968
74082.79322765261
66942.91077695506
73340.05239466002
63046.7019773357
60994.5067745736
63500.20162840252
