16802.46240010022
23884.1575462325
50810.667788429026
59866.05086522423
62379.017686476145
52791.73132372897
60211.413470363426
58935.763829062744
60729.453441413294
60197.40391887073
58860.92219055534
61787.1421132869
61570.33667187019
60429.55117004339
65138.69762877089
5981.6079736239635
15766.352941277604
21641.20896073306
36471.791156300176
38321.74865227407
29645.406674870977
36104.37535134079
27299.423692021228
33196.66966198678
32473.52087246809
32639.855388244298
15554.984190809046
16682.46918151572
17511.50916996096
23607.98245516847
32039.062689968854
16572.248578329287
18240.09612399409
25901.339964137274
43721.48999212373
47214.864838061985
49125.46536240367
45086.441474651794
45551.77181899653
44443.22534905937
51507.76049614891
43660.86269664032
49062.919887585056
53625.18489135333
52914.023658335
51367.538875245984
54310.949513076484
58807.57645594631
48562.49896691875
