42270.3739226454
30509.62390022056
44256.53283767419
42497.2406192261
100799.99999994627
43394.354955677765
48101.0863504519
56085.23105932424
48706.13486062042
50577.28457246434
1800.0000000099715
40788.889719088984
45639.51911210128
46543.23914907251
4901.367708003029
43125.70074642802
45722.62477908576
50051.208500050554
55380.99034486925
52165.03609947406
44553.03016914783
2646.115630486774
46377.107582855715
45842.31178737088
44258.762779094475
46978.1694107076
44375.18621147087
44668.76643052561
42823.5220199785
48009.235331617056
42921.93708270302
3039.4729817349057
46690.601777079486
1800.0000000030723
43693.99487784279
47031.42790326492
45863.356217401655
34546.74076734267
35723.98822384439
39928.642436809605
42292.89429302297
2225.9471595220707
38429.16075112048
42938.82781661048
43027.02974804549
42372.2385976024
41484.90914015225
37902.67037192948
39748.013912449016
41984.56527261886
41018.34052521549
39094.74697214252
41366.66218375865
43302.420020449135
45985.23555032479
42577.77282665554
47412.21327345779
43080.011599017795
43145.41346392318
40495.30835923593
43302.53552648052
40525.063424272164
40859.112456809526
45264.87309042838
42174.26694683685
46451.62693130867
38946.25300586435
60716.03919358237
38861.588138128696
38657.56852113483
40592.117141058356
39337.17515688188
41706.286755278205
41021.92840108473
47681.58152521359
48403.512914642946
44676.46469180477
36721.81548421783
